$grad          cartesian gradients
  cycle =      1    SCF energy =    -2390.7808509750   |dE/dxyz| =  0.013166
   -1.28284339415990      2.22194993683905     -3.28696109067175      p
   -1.70958777193203      2.96109288098475      0.66893910659090      p
    0.00000000000000      0.00000000000000      3.05898556267489      p
   -2.95947785809698      5.12596601409908      1.59836012985589      h
   -1.28284339415990     -2.22194993683905     -3.28696109067175      p
    2.56568678831980      0.00000000000000     -3.28696109067175      p
   -1.70958777193203     -2.96109288098475      0.66893910659090      p
    3.41917554386406      0.00000000000000      0.66893910659090      p
   -2.95947785809698     -5.12596601409908      1.59836012985589      h
    5.91895571619396      0.00000000000000      1.59836012985589      h
  0.84126076575330D-03  -.14571063886830D-02  -.17850118043195D-02
  -.25647811502238D-02  0.44423312624922D-02  0.22508586535951D-02
  0.00000000000000D+00  0.00000000000000D+00  0.25981855481918D-02
  0.20268517906155D-02  -.35106102807580D-02  -.13061215918508D-02
  0.84126076575330D-03  0.14571063886830D-02  -.17850118043195D-02
  -.16825215315173D-02  0.00000000000000D+00  -.17850118043195D-02
  -.25647811502244D-02  -.44423312624925D-02  0.22508586535951D-02
  0.51295623004333D-02  0.00000000000000D+00  0.22508586535951D-02
  0.20268517906155D-02  0.35106102807579D-02  -.13061215918508D-02
  -.40537035812311D-02  0.00000000000000D+00  -.13061215918508D-02
  cycle =      2    SCF energy =    -2390.7809748520   |dE/dxyz| =  0.007302
   -1.28386002120541      2.22371078653422     -3.28487929813132      p
   -1.70952979682184      2.96099246514833      0.66726310618427      p
    0.00000000000000      0.00000000000000      3.05234414942378      p
   -2.96385565181691      5.13354857524706      1.60016814213913      h
   -1.28386002120541     -2.22371078653422     -3.28487929813132      p
    2.56772004241082      0.00000000000000     -3.28487929813132      p
   -1.70952979682184     -2.96099246514833      0.66726310618427      p
    3.41905959364369      0.00000000000000      0.66726310618427      p
   -2.96385565181691     -5.13354857524706      1.60016814213913      h
    5.92771130363383      0.00000000000000      1.60016814213913      h
  0.65889670525128D-03  -.11412425704146D-02  -.11591009281204D-02
  -.14241861555787D-02  0.24667627808981D-02  0.12667123849669D-02
  0.00000000000000D+00  0.00000000000000D+00  0.15139105588991D-02
  0.98322810325163D-03  -.17030010302614D-02  -.58599301755199D-03
  0.65889670525128D-03  0.11412425704146D-02  -.11591009281204D-02
  -.13177934105070D-02  0.00000000000000D+00  -.11591009281204D-02
  -.14241861555787D-02  -.24667627808987D-02  0.12667123849669D-02
  0.28483723111320D-02  0.00000000000000D+00  0.12667123849669D-02
  0.98322810325161D-03  0.17030010302615D-02  -.58599301755199D-03
  -.19664562065035D-02  0.00000000000000D+00  -.58599301755199D-03
  cycle =      3    SCF energy =    -2390.7810283490   |dE/dxyz| =  0.001497
   -1.28553582066499      2.22661335634151     -3.28184459318929      p
   -1.70874018475932      2.95962481693778      0.66522870422212      p
    0.00000000000000      0.00000000000000      3.04482629955153      p
   -2.96784492418047      5.14045819766597      1.60167378911667      h
   -1.28553582066499     -2.22661335634151     -3.28184459318929      p
    2.57107164132999      0.00000000000000     -3.28184459318929      p
   -1.70874018475932     -2.95962481693778      0.66522870422212      p
    3.41748036951865      0.00000000000000      0.66522870422212      p
   -2.96784492418047     -5.14045819766597      1.60167378911667      h
    5.93568984836095      0.00000000000000      1.60167378911667      h
  0.35816752011068D-03  -.62036434244620D-03  -.31753016331197D-03
  -.91836084539073D-04  0.15906476439476D-03  0.14732964224784D-03
  0.00000000000000D+00  0.00000000000000D+00  0.15607266491277D-03
  -.11050687372649D-03  0.19140351987971D-03  0.14490862289762D-03
  0.35816752011068D-03  0.62036434244561D-03  -.31753016331197D-03
  -.71633504024267D-03  0.00000000000000D+00  -.31753016331197D-03
  -.91836084539665D-04  -.15906476439476D-03  0.14732964224784D-03
  0.18367216905268D-03  0.00000000000000D+00  0.14732964224784D-03
  -.11050687372649D-03  -.19140351987978D-03  0.14490862289762D-03
  0.22101374745276D-03  0.00000000000000D+00  0.14490862289762D-03
  cycle =      4    SCF energy =    -2390.7810337760   |dE/dxyz| =  0.000614
   -1.28694901098462      2.22906107377587     -3.28025713996266      p
   -1.70749335652418      2.95746524708620      0.66480327095825      p
    0.00000000000000      0.00000000000000      3.04430971509861      p
   -2.96645174825706      5.13804514618273      1.60068396397155      h
   -1.28694901098462     -2.22906107377587     -3.28025713996266      p
    2.57389802196925      0.00000000000000     -3.28025713996266      p
   -1.70749335652418     -2.95746524708620      0.66480327095825      p
    3.41498671304836      0.00000000000000      0.66480327095825      p
   -2.96645174825706     -5.13804514618273      1.60068396397155      h
    5.93290349651412      0.00000000000000      1.60068396397155      h
  0.10752827335618D-03  -.18624443269151D-03  -.89138430228175D-05
  0.10383071326281D-03  -.17984007074527D-03  0.22977817048186D-04
  0.00000000000000D+00  0.00000000000000D+00  -.16455545092953D-03
  -.74338333802086D-04  0.12875777109530D-03  0.67330096973429D-04
  0.10752827335618D-03  0.18624443269151D-03  -.89138430228175D-05
  -.21505654672656D-03  0.00000000000000D+00  -.89138430228175D-05
  0.10383071326340D-03  0.17984007074586D-03  0.22977817048186D-04
  -.20766142654161D-03  0.00000000000000D+00  0.22977817048186D-04
  -.74338333802141D-04  -.12875777109528D-03  0.67330096973429D-04
  0.14867666760399D-03  0.00000000000000D+00  0.67330096973429D-04
  cycle =      5    SCF energy =    -2390.7810331260   |dE/dxyz| =  0.000497
   -1.28761532856789      2.23021516968406     -3.28000648935860      p
   -1.70759038790633      2.95763331037001      0.66486415661733      p
    0.00000000000000      0.00000000000000      3.04515390211127      p
   -2.96580408572622      5.13692336177315      1.60009103203753      h
   -1.28761532856789     -2.23021516968406     -3.28000648935860      p
    2.57523065713578      0.00000000000000     -3.28000648935860      p
   -1.70759038790633     -2.95763331037001      0.66486415661733      p
    3.41518077581266      0.00000000000000      0.66486415661733      p
   -2.96580408572622     -5.13692336177315      1.60009103203753      h
    5.93160817145243      0.00000000000000      1.60009103203753      h
  -.91672851638691D-05  0.15878203685205D-04  -.11106929558302D-04
  -.77345128309148D-04  0.13396569194768D-03  0.13060341421559D-03
  0.00000000000000D+00  0.00000000000000D+00  -.57928996218037D-04
  0.92595738523808D-04  -.16038052368765D-03  -.73789127264976D-04
  -.91672851638691D-05  -.15878203684612D-04  -.11106929558302D-04
  0.18334570312343D-04  0.00000000000000D+00  -.11106929558302D-04
  -.77345128309148D-04  -.13396569194768D-03  0.13060341421559D-03
  0.15469025659224D-03  0.00000000000000D+00  0.13060341421559D-03
  0.92595738523826D-04  0.16038052368766D-03  -.73789127264976D-04
  -.18519147704787D-03  0.00000000000000D+00  -.73789127264976D-04
$end
