$grad          cartesian gradients
  cycle =      1 MP2 energy =     -935.0381618173 |dE/dxyz| =  0.000056
   -1.77740147053415     -7.03249492095475      1.40842525626865      ag
   -7.16165299987876     -3.11713543464490     -2.67881881560542      n
   -5.16987073626151     -3.87622351505152     -1.16435686502138      c
   -4.83250641741162     -6.45610894299186     -0.91729145267309      n
   -6.34547766165693     -8.10848398811320     -2.07675599719805      c
   -8.38544589927989     -7.28370862058930     -3.62816297675039      c
   -8.72182235201229     -4.75762896573914     -3.87444258605478      c
   -3.79839573443509     -2.33914396563642     -0.11346098102559      o
   -5.90804669185699    -10.56914317839489     -1.75298108280503      n
   -7.00936780181371    -11.87348616087877     -2.59770102741978      h
   -4.46102893734710    -11.15986338385363     -0.65290264895445      h
   -9.61791448859021     -8.60874151319684     -4.57288827705896      h
  -10.21443535188200     -3.93697438349774     -5.00897551701615      h
   -7.39798041513122     -1.22365241727544     -2.85175299748163      h
    4.27850171366963     -9.25535050369909      6.01419452426918      n
    2.19140640349405     -9.24594026887032      4.42415995501587      c
    1.29565734335668     -6.88461226371879      3.75033665192570      n
    2.36539069977744     -4.75160931565620      4.57235335640642      c
    4.50750471746419     -4.81620679768556      6.20366773321723      c
    5.39882176515324     -7.12199528496720      6.87468095892356      c
    1.21920871093699    -11.19383471387602      3.67653489445414      o
    1.38664522466582     -2.54731569603685      3.83436600985338      n
    2.15969978128409     -0.91135217798868      4.42931244076656      h
   -0.13989384315857     -2.47399260402908      2.67257902676873      h
    5.39140977782875     -3.10615652075149      6.88275017469088      h
    7.01526189289551     -7.37266212576145      8.10498428578589      h
    4.93506202416158    -10.98572995198819      6.50808872415578      h
  -.67627078497168D-05  -.29983081519802D-05  -.59622569453244D-05
  -.17665061558425D-04  -.75550635081356D-06  -.24408027448075D-05
  0.21991006254218D-04  -.62063843222493D-05  0.45756299709154D-05
  -.68629444474055D-05  0.82612620830869D-05  -.26818195557610D-05
  0.96826563229513D-05  0.39949003096673D-05  0.61071498222987D-05
  -.61923903782457D-06  -.26813043980667D-05  0.16235520066132D-05
  -.20519380452555D-05  0.53360512266565D-05  0.64693492465295D-05
  -.51071315034790D-05  -.13396291258516D-05  -.97797170806047D-06
  -.15459207311608D-04  -.36511413306073D-05  -.74357919535029D-05
  0.50494123584599D-05  -.42176447898612D-05  0.19719310961896D-05
  0.24728493457360D-05  0.42055399491758D-05  0.23923551228933D-06
  0.25802527767738D-05  -.15067583909456D-05  -.10314491492025D-05
  0.42284675254578D-05  0.73389514021471D-06  -.45521830465134D-05
  0.37809396302713D-05  0.57784548346262D-06  -.93858207450559D-06
  -.24843905652716D-05  0.27963587836410D-05  0.93045168974015D-05
  0.55808570449400D-05  0.18969420673143D-05  -.72498690801837D-05
  0.29364811346966D-05  -.13862109673468D-05  0.15062068059457D-04
  0.63795001015166D-05  0.10496112432534D-05  -.15339265164727D-05
  -.67072365093068D-05  0.25187511853986D-05  -.32383235080147D-05
  0.23059689695515D-05  -.44254814244304D-05  -.39877945283706D-05
  -.30199468765701D-05  -.29321905259394D-06  -.11494426668257D-05
  -.88225516687232D-05  0.15168104011920D-04  -.12662393616584D-04
  0.63767032938422D-05  -.59034445918371D-05  0.67107311143566D-05
  -.62586264348852D-06  -.95271938831409D-05  0.35522917576358D-05
  0.24855430855730D-05  -.19242593118918D-05  0.30571420133185D-05
  0.10280495557069D-05  0.14778090646761D-05  -.97826950895552D-06
  -.68988169710238D-06  -.12002908817976D-05  -.18522653770781D-05
$end
