$energy      SCF               SCFKIN            SCFPOT            MP2
     1 -931.5163589746      841.376502     -1772.89286     -3.491455208541
     2 -931.5238771094      841.075461     -1772.59934     -3.493581778321
     3 -931.5302522982      840.898593     -1772.42885     -3.494589189932
     4 -931.5354935279      840.876196     -1772.41169     -3.494095105079
     5 -931.5408507987      840.889721     -1772.43057     -3.492906352199
     6 -931.5450787507      840.989736     -1772.53481     -3.491573245984
     7 -931.5394439128      841.105278     -1772.64472     -3.493722466173
     8 -931.5420226866      841.036706     -1772.57873     -3.493512728912
     9 -931.5443009224      840.998254     -1772.54255     -3.493113198573
    10 -931.5447915128      840.991239     -1772.53603     -3.493051208719
    11 -931.5445673672      840.963440     -1772.50801     -3.493144933408
    12 -931.5452208084      840.987582     -1772.53280     -3.492744448485
    13 -931.5453663309      840.987716     -1772.53308     -3.492676593183
    14 -931.5454165727      840.990149     -1772.53557     -3.492631204498
    15 -931.5454372048      840.987315     -1772.53275     -3.492619815767
    16 -931.5452031535      840.968998     -1772.51420     -3.492823714978
    17 -931.5453038290      840.976249     -1772.52155     -3.492738794778
    18 -931.5454610606      840.986481     -1772.53194     -3.492597724416
    19 -931.5455152062      840.987540     -1772.53306     -3.492546586326
    20 -931.5455468993      840.988289     -1772.53384     -3.492515872376
    21 -931.5455450386      840.988208     -1772.53375     -3.492518053721
    22 -931.5455294028      840.987120     -1772.53265     -3.492534601004
    23 -931.5455146422      840.986223     -1772.53174     -3.492550162203
    24 -931.5454928499      840.985597     -1772.53109     -3.492573520454
    25 -931.5454665803      840.985926     -1772.53139     -3.492602648303
    26 -931.5438489428      841.029411     -1772.57326     -3.493822981850
    27 -931.5454448896      840.986492     -1772.53194     -3.492627346780
    28 -931.5454399121      840.986818     -1772.53226     -3.492634320990
    29 -931.5450759811      841.004831     -1772.54991     -3.493032056985
    30 -931.5453552599      840.988829     -1772.53418     -3.492744736200
    31 -931.5452579932      840.993849     -1772.53911     -3.492872906792
    32 -931.5450146712      841.004903     -1772.54992     -3.493072070244
    33 -931.5454451513      840.987343     -1772.53279     -3.492626970368
    34 -931.5454563993      840.986870     -1772.53233     -3.492617331778
    35 -931.5457336849      840.994407     -1772.54014     -3.492405857200
    36 -931.5455793280      840.986110     -1772.53169     -3.492521027043
    37 -931.5456833129      840.988021     -1772.53370     -3.492452428416
    38 -931.5453702155      841.011639     -1772.55701     -3.492553478821
    39 -931.5456984401      840.989704     -1772.53540     -3.492446714545
    40 -931.5457026923      840.990117     -1772.53582     -3.492446243448
    41 -931.5456755010      840.991686     -1772.53736     -3.492481020033
    42 -931.5455820545      840.997858     -1772.54344     -3.492569484036
    43 -931.5456857825      840.992683     -1772.53837     -3.492473860248
    44 -931.5456861824      840.992859     -1772.53855     -3.492474294145
    45 -931.5456845497      840.993394     -1772.53908     -3.492477278744
    46 -931.5456892212      840.993447     -1772.53914     -3.492472541276
    47 -931.5448640738      841.025826     -1772.57069     -3.492529963081
    48 -931.5457027814      840.993426     -1772.53913     -3.492458549801
    49 -931.5457035649      840.993407     -1772.53911     -3.492458138937
    50 -931.5457056315      840.993397     -1772.53910     -3.492456219029
$end
