$hessapprox internal
  0.482834663389D+00 -0.751053060313D-03  0.473710072751D+00  0.170914990520D-01
 -0.214535002091D-02  0.517460310352D+00 -0.224749342299D-02 -0.136346801462D-01
  0.114375736379D-01  0.506948320693D+00  0.108058511036D-03 -0.123363586831D-02
 -0.254852323001D-02  0.758485565416D-02  0.506424961578D+00 -0.158755750799D-02
 -0.140959005331D-01  0.768014697780D-02  0.360754922048D-01  0.638268020756D-02
  0.523097536127D+00 -0.389473069616D-02 -0.422370599964D-02 -0.216714998170D-01
 -0.491519329075D-02 -0.222300048678D-01  0.672695302287D-03  0.508230296160D+00
 -0.775864049671D-03  0.634039189547D-02  0.384010260558D-02  0.786162347822D-02
  0.319333409627D-02 -0.130475578790D-01 -0.589177114067D-02  0.500857202461D+00
 -0.118746593050D-01  0.798751544224D-03 -0.193428424755D-01  0.515336146480D-02
  0.501848741557D-01 -0.399215453383D-02  0.362649856678D-02  0.715086789193D-02
  0.477928235538D+00  0.331048348625D-01 -0.507436132230D-02  0.866609337770D-03
  0.256298551014D-02 -0.215533579915D-02 -0.650133075057D-03 -0.127443495909D-01
 -0.184191033549D-02  0.214652021773D-01  0.575939242725D+00 -0.366801037900D-02
 -0.374424683621D-01  0.662708028064D-02 -0.190822657394D-02 -0.208527484727D-02
  0.125079213854D-01 -0.303735806056D-02  0.272174267223D-01  0.708719291900D-02
  0.933880980809D-02  0.560780428798D+00  0.150780550207D-02 -0.255482252928D-01
  0.208708382508D-03  0.186293944671D-01  0.426860088009D-02  0.401279161853D-01
  0.427340078475D-02  0.101855953788D-02 -0.360255087145D-02  0.153702198409D-02
 -0.414253283535D-02  0.467403968845D+00  0.166625913788D-01  0.272758480091D-02
  0.178092226093D-01 -0.240817310103D-02 -0.473216110375D-01 -0.272851450621D-02
  0.122182110934D-02 -0.634010849979D-02 -0.153264946161D-01  0.374331860851D-02
 -0.931453887719D-02  0.171010991679D-02  0.489683166543D+00  0.867473220719D-02
  0.308194048471D-02  0.938288242509D-03 -0.464016816553D-02 -0.138566170650D-01
 -0.182022086622D-03  0.125103469177D-01  0.459280729442D-02 -0.108771627695D-01
  0.133282652965D-01 -0.287701930951D-01 -0.695394973910D-02  0.889421030512D-01
  0.342778737766D+00 -0.676446010890D-04  0.134651016125D-01 -0.313967918898D-03
 -0.924748746779D-02  0.632969784263D-02 -0.120404406617D-02 -0.123796797053D-01
 -0.300368381281D-02  0.899497623796D-02 -0.224663503196D-01 -0.200803544139D-01
 -0.908280648002D-02 -0.879491260294D-01  0.149882706734D+00  0.299577674359D+00
  0.161550844790D-01  0.878967113384D-03  0.656224338386D-02 -0.568877591038D-02
 -0.555490634047D-02 -0.439950294952D-02  0.199989393196D-01 -0.690171376026D-02
 -0.289224255112D-01  0.443998537156D-01  0.594888950467D-02 -0.176798498863D-02
 -0.655874143322D-02  0.704814092190D-01 -0.898458480810D-01  0.494068030012D+00
  0.279260659908D-02  0.208518527236D-02 -0.678973201409D-05 -0.356250671022D-02
  0.230486619672D-02 -0.389657130219D-03 -0.728792076714D-03 -0.345863069188D-02
 -0.363308575758D-02 -0.860874273933D-02 -0.150229062072D-02  0.496629459756D-02
  0.146511882953D-01  0.835735485778D-01  0.656187938527D-01  0.170675808065D-01
  0.124549113591D+00 -0.612357323346D-03 -0.105535756978D-01  0.407261186770D-02
  0.324671247964D-02  0.324673762553D-02  0.192259075091D-01  0.660570128283D-03
 -0.485951691569D-01  0.741191159454D-02  0.159474723877D-02  0.395453620555D-01
  0.676728083936D-01 -0.430737954849D-02 -0.427406495263D-02 -0.117390495795D-01
 -0.153618161091D-02 -0.342930770572D-01  0.476191249222D+00 -0.625845921806D-03
 -0.623726577496D-02 -0.100279086925D-02 -0.235687288744D-02  0.135649371835D-01
 -0.338755098746D-02 -0.144420899724D-02 -0.122167174131D-01 -0.466679431736D-02
 -0.234737028507D-02  0.477168117933D-02  0.174734797865D-02 -0.430990598476D-01
  0.754672299149D-03 -0.120575499655D-01  0.153753777643D-01  0.582750538018D-03
  0.126458069486D-01  0.907035898240D-01  0.889215034459D-02  0.243347539886D-02
  0.541606444289D-02  0.333188684007D-02 -0.406338039047D-01  0.414775804740D-02
 -0.392407160704D-01 -0.377103412497D-02  0.114927172252D-02  0.348616663950D-01
 -0.669315616508D-02  0.529187228781D-03  0.190614266568D-01  0.270302283565D-01
 -0.227872774533D-01  0.359568699658D-01  0.173829857311D-02  0.650433150048D-03
 -0.747729072234D-01  0.475619757476D+00 -0.971725202507D-03  0.635955473194D-02
  0.177558420828D-02 -0.149206663599D-01  0.406078564666D-02 -0.229519235955D-02
 -0.293825133833D-02 -0.209558804867D-01  0.371707320194D-02 -0.412765775490D-02
 -0.120597027430D-01  0.691555193868D-02 -0.229466509882D-02  0.367845330342D-01
  0.306771213893D-01 -0.115877279321D-01 -0.312789626164D-02  0.323343511592D-01
  0.602193491740D-02 -0.353788317305D-01  0.646715291691D-01  0.732426585430D-03
 -0.131490440019D-01  0.734518386588D-02  0.151165103053D-01 -0.147471405145D-02
  0.509433538615D-01 -0.283401302038D-03  0.146639671979D-01 -0.828566169987D-03
  0.621925476348D-02  0.683580752790D-01  0.513303362126D-01 -0.621523685305D-05
 -0.319574966836D-02 -0.761891926476D-02  0.383485300284D-02 -0.271204998021D-03
  0.682523961558D-01 -0.393683743773D-02 -0.618272049449D-02 -0.349708311738D-01
  0.557273695593D+00 -0.154149575276D-02  0.314211438548D-02  0.360960253583D-02
  0.599308536786D-02 -0.109085140746D-01 -0.826921584762D-02 -0.499251349250D-02
  0.631231737747D-02 -0.112077453866D-01  0.742273490992D-02 -0.344338927456D-02
  0.666018256537D-04  0.101361451266D-01 -0.430253672820D-02  0.190493038856D-01
  0.160483833387D-01 -0.306943090202D-02  0.454032255400D-02 -0.169862577734D-01
  0.154486672064D-01 -0.426979404315D-02 -0.302213107519D-02  0.101382028867D+00
 -0.346291520543D-02 -0.134451277076D-02 -0.507981058062D-02 -0.206693953209D-03
 -0.177541279356D-02 -0.893702033106D-02 -0.556421011182D-03 -0.319269559306D-02
 -0.414528116307D-02 -0.708973138766D-02  0.283759265652D-02  0.103611509144D-02
 -0.165252639585D-01 -0.401361742553D-03  0.150453724071D-01  0.946815981874D-03
  0.149036565340D-01  0.165279709441D-01  0.141911001844D-02 -0.471056318997D-02
 -0.298222793768D-02 -0.633251601572D-03 -0.913754189146D-02  0.749741779132D-01
 -0.170714238165D-01 -0.190475373683D-03  0.764278124657D-02 -0.148407925073D-02
 -0.227484677735D-01  0.680787777109D-02  0.550960999522D-02 -0.227937367726D-02
 -0.502245710976D-01  0.651522023989D-01  0.243305886383D-02  0.601411604638D-02
  0.883303561888D-01  0.268885866228D-01 -0.259299218552D-01  0.311244909618D-01
  0.669829867847D-02 -0.480242886524D-02  0.117629111133D-01  0.574277992710D-01
 -0.787568258321D-02  0.673509607627D-02  0.679675621870D-01 -0.451780816101D-01
  0.595994648964D+00  0.268373330848D-02  0.159169843031D-01 -0.336506280849D-02
 -0.909178556803D-02 -0.140401942683D-02  0.270645839978D-01  0.406825082929D-02
 -0.129994327061D-01 -0.518584593039D-03 -0.879634122164D-03  0.745319529885D-01
  0.365147518175D-01 -0.249850116389D-02  0.770677322964D-02  0.104430194375D-01
  0.141829292014D-02  0.195830950713D-02  0.438743999390D-01  0.185217341499D-02
 -0.369500850246D-02 -0.705529268598D-02  0.991252227141D-01 -0.304016359528D-02
 -0.114439838965D-01  0.332953524447D-02  0.543622460950D+00  0.321315639056D-02
  0.136283309863D-02 -0.256010799491D-01  0.103698793773D-02 -0.946309971511D-02
 -0.129164001886D-02 -0.147654664682D-01 -0.122200347579D-02 -0.975981090493D-02
  0.401135233840D-01 -0.284401674723D-02 -0.342503375718D-03  0.809491119227D-02
  0.623440258731D-02 -0.552986621423D-03 -0.128326525702D-01  0.845322239552D-03
 -0.895635794299D-03 -0.669877459849D-02  0.472163539503D-01 -0.884469437640D-02
  0.190485607314D-02  0.320759078680D-02  0.256325359937D-02  0.323421601099D-01
 -0.122618052379D-02  0.487461933499D+00 -0.760089933115D-02  0.455088776446D-02
  0.942880509270D-03 -0.104679253969D-02 -0.105220461369D-01 -0.995592175431D-02
  0.809897898141D-02  0.398503126920D-02 -0.141086713020D-01  0.732502945144D-03
 -0.961251502880D-02 -0.298909555799D-02  0.824363112742D-02 -0.876610707994D-03
  0.783131898556D-02  0.157095400692D-01  0.261018198313D-02 -0.638728780275D-02
  0.344173144404D-01 -0.219234165093D-02  0.108107807547D-01 -0.714325497049D-02
 -0.106299294229D-02 -0.651440093751D-02  0.331446134670D-01 -0.124197776441D-01
 -0.690019879504D-01  0.791686938160D-01 -0.173116738244D-02 -0.522454721776D-02
 -0.511843956310D-02 -0.569813191780D-02  0.710948288123D-02 -0.382429285629D-02
  0.283882421396D-02 -0.868441802030D-03  0.207078942902D-02 -0.838012512819D-02
 -0.180333930003D-02 -0.531024833736D-02 -0.140730427090D-01  0.660792410464D-03
 -0.300522417429D-02 -0.673708320378D-02  0.107140635529D-01 -0.927661037271D-02
 -0.681529761850D-02 -0.623454411124D-03  0.205687067537D-01  0.193057443254D-02
 -0.235682328831D-01  0.145124127057D-01 -0.534520763055D-02 -0.115767911939D-01
 -0.137939787600D-01 -0.637859064746D-02  0.795513547896D-01  0.222438816943D-02
 -0.592119927171D-02 -0.282665723699D-02 -0.607640250935D-01 -0.367264624848D-02
 -0.200743650830D-01 -0.327747091778D-02  0.118691007832D-01  0.839399121750D-03
  0.103904959769D-02 -0.264861624065D-01 -0.241788001973D-01  0.758756319783D-02
 -0.752574397150D-03  0.134563210901D-01  0.164890840751D-02  0.123970273563D-01
 -0.788301551390D-01  0.548906230474D-03  0.566115425032D-02 -0.962188077305D-03
 -0.255672139411D-01  0.334828183931D-02  0.442609933276D-02  0.316148231427D-02
 -0.208180309129D-01 -0.125621895332D-02 -0.189841597115D-01  0.466997865008D-01
  0.477462272471D+00 -0.576409932763D-02 -0.635131630429D-02  0.107372987152D-03
  0.445814778171D-02  0.531468257231D-02  0.519512424726D-02 -0.131800353797D-02
  0.246676958670D-02  0.512792986956D-02 -0.522940171951D-02  0.371647664421D-02
  0.857501491293D-02 -0.149230119949D-01  0.961491329701D-02 -0.203675332095D-02
 -0.857804601314D-02 -0.532418354061D-02 -0.102094959013D-03  0.112180694589D-01
 -0.196590629922D-02 -0.114474138320D-01  0.448441201637D-02 -0.290377832844D-01
 -0.145323285246D-01 -0.866643563703D-02  0.151321219138D-01 -0.100396602048D-01
 -0.719604425384D-02  0.623078890713D-03  0.734423785693D-02  0.719729871316D-01
 -0.104708193667D-01  0.298291910773D-02 -0.505743263197D-01 -0.127389536351D-02
  0.393098420111D-01 -0.595405591057D-02  0.916929975272D-02  0.872580810454D-03
  0.380731686653D-01 -0.609810271072D-01 -0.281105914757D-02 -0.474600057896D-02
 -0.434133446530D-01 -0.236562015100D-01  0.270889091805D-01 -0.581575055846D-01
 -0.689823454511D-02  0.150193195855D-02  0.513799747099D-02 -0.313942657196D-01
  0.313351049018D-02 -0.675847772884D-02 -0.458810276857D-02  0.105903253482D-01
 -0.650131319315D-01 -0.190129493336D-02 -0.222384407290D-01 -0.136030844705D-01
  0.278626418891D-01 -0.714390076272D-02  0.375860589144D-01  0.501894440215D+00
  0.370990726547D-02  0.939294690051D-02 -0.285841139659D-02 -0.203432683426D-01
 -0.375767267464D-02  0.170260785573D-02  0.644677312820D-02 -0.146801084700D-01
 -0.488170310957D-02  0.919030434460D-02 -0.413358740410D-02 -0.725764505862D-04
  0.563378209955D-02 -0.390242032201D-02 -0.850514656612D-02  0.526625209960D-02
  0.534190949665D-02  0.300535910255D-02  0.545266998471D-02 -0.144336608274D-02
 -0.257674299061D-01  0.994879233457D-03 -0.112795688015D-01  0.271367328920D-01
  0.100597389906D-01  0.948315962128D-02  0.445729607838D-02 -0.688617756193D-03
 -0.623634045740D-02 -0.183504329045D-01 -0.479753260082D-02 -0.363228437673D-01
  0.807798602502D-01 -0.768240151385D-03  0.456652841227D-01 -0.866945445543D-02
 -0.362076814487D-02 -0.201794799465D-02 -0.648191437892D-01  0.189080578823D-02
 -0.124754214291D-01 -0.532938615762D-02 -0.564875885343D-03 -0.842439788953D-01
 -0.641738412802D-01 -0.195333896266D-02  0.252178872834D-01  0.134905843823D-01
  0.416597005394D-02 -0.737574434083D-02 -0.495513336499D-02 -0.723807986950D-03
 -0.295265455959D-02  0.464041155110D-02 -0.711904588764D-01 -0.434456681070D-02
 -0.783257100170D-02 -0.410873937642D-02 -0.729112179762D-01  0.426537349913D-02
  0.194488219423D-01  0.479728425994D-02  0.207482395054D-01 -0.119167027706D-01
  0.593281943096D-02  0.981744038697D-02  0.486749965320D+00  0.205348029022D-01
 -0.929486446253D-03 -0.838226172636D-02 -0.138322952220D-02 -0.226321447750D-02
  0.369790288124D-03 -0.324358291596D-01 -0.357829307089D-02 -0.176690751851D-01
  0.211402437710D-01  0.524874102488D-02  0.191574579815D-03  0.406793505221D-01
  0.107975599483D-01 -0.251862070623D-02 -0.164170493995D-01 -0.182962780468D-02
  0.225653501981D-02 -0.137485699374D-01  0.269504339090D-01 -0.552101739667D-02
  0.369604519369D-02  0.944497113384D-02 -0.516027923341D-02  0.278403548881D-01
  0.179199806890D-02  0.345988685504D-01  0.345492835003D-02  0.421343622049D-03
  0.114722194467D-02 -0.963145696395D-02 -0.153226039812D-01 -0.727430317105D-03
  0.755647499780D-03  0.418947433636D+00 -0.339679800777D-02  0.760309879286D-02
 -0.115572250968D-03 -0.932847251580D-02  0.400761233089D-02 -0.179594514329D-01
  0.844762033488D-02  0.546229214496D-03  0.540007162681D-02 -0.750146108713D-02
 -0.156366998989D-01 -0.487139821395D-02 -0.112768210029D-01  0.294291195256D-02
  0.104946019030D-01  0.457686347782D-02  0.455773487841D-02  0.269153254677D-02
 -0.132946144155D-01 -0.530086398061D-02  0.122345234275D-01 -0.144545860285D-01
  0.197008720230D-01  0.456765069048D-02 -0.210240735609D-01 -0.777913923228D-02
 -0.568321520627D-02 -0.385988161864D-03 -0.518893601339D-02  0.686336898234D-02
 -0.150162231032D-01 -0.901609964074D-02 -0.264999424911D-02  0.309214558844D-01
 -0.668886900056D-01  0.917754762510D-01 -0.342143786276D-02  0.264999885606D-01
 -0.140155826584D-01 -0.403834852917D-01 -0.364751161398D-02 -0.459540381490D-01
  0.475381191514D-02  0.981507007404D-02 -0.119274585857D-02 -0.644354388033D-02
 -0.517418749044D-01 -0.179733391846D-01 -0.175884171892D-02  0.432778686476D-01
  0.457927277040D-01  0.598370414256D-02  0.331294034573D-02 -0.812094588932D-02
  0.425702965166D-02 -0.271228466172D-02  0.142573175553D-01 -0.338605165194D-01
  0.307277945871D-02 -0.105827510401D-01  0.540985809867D-04 -0.285532404863D-01
 -0.217028599295D-02  0.827122515297D-02  0.543832224723D-02  0.287873205071D-01
 -0.520421901564D-02  0.102954705497D-01 -0.735633563976D-03  0.337398213214D-01
  0.832216034806D-02  0.749976177773D-01  0.418204135736D+00  0.201746939351D-01
  0.168380015563D-02  0.300674214769D-01  0.564007156274D-02 -0.147415038790D-01
  0.736973912483D-02 -0.456984704159D-01  0.174328849269D-02 -0.378880193184D-01
  0.735522828706D-01 -0.381489607228D-02  0.383407167756D-02  0.216858639935D-01
  0.154606058412D-01 -0.167929282832D-01  0.276983797560D-01  0.479710282339D-02
 -0.403416879648D-02 -0.204334244966D-01  0.314993468141D-01 -0.826585696570D-02
 -0.572153038557D-03  0.107322398583D-01 -0.679819218709D-02  0.442242080268D-01
  0.218266666814D-03  0.452727877216D-01  0.241276611948D-01 -0.788821397783D-02
  0.363609802561D-02 -0.682885081443D-02 -0.518234658487D-01 -0.848937857561D-02
  0.762026773303D-03  0.609765788276D-01 -0.787764710367D-01 -0.205611482743D-02
  0.459039365165D+00 -0.612363024599D-02 -0.104591426875D-01 -0.264025294376D-02
  0.592482619950D-02  0.646419734924D-02 -0.510935763784D-02  0.128421184112D-01
 -0.252424967826D-02  0.133519512999D-01 -0.108383046803D-01 -0.114550027437D-01
  0.786805676583D-02 -0.706234303332D-02 -0.284240959118D-02 -0.428478596937D-02
 -0.211263540576D-02  0.218784693841D-02 -0.176511827963D-01  0.984444875865D-03
 -0.143005223455D-01  0.157037371212D-01 -0.183585124715D-02 -0.760855459978D-02
 -0.232994926047D-01 -0.180019850472D-01 -0.116764125874D-01 -0.747104944368D-02
  0.585889070032D-02  0.350815518661D-02 -0.584507160968D-02  0.186277579923D-02
  0.107059098153D-01 -0.266859938892D-01  0.129698276075D-01 -0.250722209079D-01
  0.179838660594D-03 -0.540666642889D-01 -0.775157620722D-01  0.158026606638D+00
 -0.598833869499D-02 -0.989793026754D-02 -0.231183405123D-03 -0.132951278032D-02
  0.454135351336D-02 -0.202919330945D-01 -0.690892386494D-02 -0.176625561512D-01
 -0.906807023810D-03  0.135539874370D-01 -0.550666985804D-01 -0.394214040312D-02
 -0.141006691606D-01  0.129773277163D-01  0.106456986677D-01  0.742688768139D-02
  0.680053153754D-02 -0.185921982909D-01 -0.450242785333D-02 -0.546110899705D-02
 -0.260937009206D-01 -0.255020362933D-01 -0.106036591678D-02  0.170674344179D-01
 -0.854999105375D-02 -0.373698743551D-01  0.351001440683D-02  0.178679210104D-01
  0.123503683704D-01  0.196478821632D-02 -0.209006121278D-01  0.529414784367D-02
  0.142687062136D-01  0.729568774313D-01  0.431368983480D-02 -0.102600261539D-01
  0.397269814098D-02  0.146156941962D-01  0.147598292180D+00  0.412474005823D+00
  0.147182876165D-01 -0.357765804242D-02  0.192388525639D-01  0.757191492587D-02
  0.391781972391D-02  0.964939572571D-02 -0.362870613429D-01 -0.387457538641D-02
 -0.517304533198D-02  0.282471310062D-01  0.390912350775D-02  0.104911354156D-02
  0.738867317023D-02  0.523603072803D-02 -0.101688484995D-01 -0.209768940969D-01
  0.417531594604D-02  0.291393987729D-02 -0.187360883750D-02  0.523001363574D-01
 -0.221780440053D-02  0.236006257267D-02 -0.110010451354D-01 -0.396701028123D-02
  0.323911042032D-01 -0.309005454134D-02 -0.410230567512D-02 -0.173494221680D-01
  0.152300902217D-01 -0.522431372844D-02  0.138297660161D-01 -0.322319722410D-01
  0.141254655303D-02  0.154084216508D-02 -0.915773924148D-02 -0.117541545313D-02
 -0.993547729937D-02  0.706718255256D-02 -0.446699292669D-02  0.159904876362D-01
  0.215618641811D+00 -0.899689620642D-02 -0.286057708321D-02 -0.992122881290D-02
  0.328935395100D-02  0.347093502503D-02 -0.380442960339D-02  0.278235179981D-01
 -0.133155633608D-01  0.263725622933D-01 -0.298900664573D-01 -0.933292410994D-02
 -0.683499226895D-02 -0.768603145055D-02  0.117896604400D-01 -0.105459242181D-01
  0.212086718124D-02  0.297243372920D-02  0.155482367996D-01  0.602742158232D-02
 -0.557273241772D-01  0.359035808281D-02 -0.162737634072D-01 -0.159971296532D-01
  0.242641154483D-02 -0.291552189104D-01 -0.103970491276D-01  0.550164179010D-02
 -0.721119656701D-02  0.154653810960D-01  0.566511341462D-02  0.102256270053D-01
  0.254230506737D-01 -0.857914397808D-02  0.282158183569D-02  0.768698847780D-02
 -0.228870490564D-01 -0.204261303605D-02  0.174555914728D-01  0.877222821049D-02
  0.738219225570D-02 -0.183336783441D+00  0.288402627048D+00  0.185893104765D-02
  0.283295748555D-02  0.193503609849D-03 -0.200103735424D-01 -0.790557011672D-03
 -0.198880861080D-01 -0.424794380983D-02 -0.514192007308D-01 -0.534908294669D-03
  0.211003948771D-02 -0.443142706896D-01 -0.185737834310D-01  0.132579998007D-01
 -0.777520895360D-02  0.533675579500D-02 -0.928026990101D-03 -0.832346970462D-02
  0.343323759485D-01  0.460694756426D-02  0.191614762018D-01  0.186627765615D-01
 -0.663950894757D-01  0.123646099085D-01 -0.564686193228D-02  0.653968510382D-02
 -0.295864289070D-01 -0.329269221153D-02 -0.415253028443D-02 -0.932609480813D-02
  0.390131461511D-01  0.176246342022D-02 -0.171386138384D-02 -0.590065925136D-02
  0.907567264150D-02  0.183322102812D-02  0.152583135143D-01  0.154439214397D-01
 -0.515828980157D-02 -0.162160346109D-01  0.489592460219D-02  0.538574050772D-01
  0.578884561176D-01  0.427943613027D+00  0.373974200906D-03 -0.444322622813D-02
 -0.507789170685D-02 -0.109959106780D-01 -0.429544975154D-02 -0.988774037570D-02
  0.667867159562D-03 -0.788650148001D-02 -0.657989399305D-02  0.192862089866D-02
  0.589976459064D-03 -0.841260003233D-02 -0.252472085283D-03 -0.476919841353D-02
  0.393068466924D-02  0.677598695504D-03  0.180966223332D-01  0.143271733885D-01
 -0.142382283137D-03  0.600513730266D-02  0.213012676223D-01 -0.282070496459D-02
 -0.226462397369D-02  0.130758495478D-01  0.714433067342D-02  0.138222627657D-02
  0.396968903556D-03  0.531159947918D-02  0.246988412231D-01  0.430455958598D-02
 -0.190660021132D-01 -0.381598323194D-02 -0.104366855683D-02 -0.780615960711D-02
 -0.553233476668D-02  0.896168510761D-02 -0.605650007021D-02 -0.427330544720D-02
 -0.965141608723D-03 -0.496212715035D-02  0.234483906364D-01 -0.887773866151D-02
  0.573443753149D-01  0.536149966912D-01  0.302477248111D-01 -0.173254406434D-02
  0.233899721604D-02  0.556968075313D-02 -0.242714334386D-01 -0.328958110522D-02
  0.677250319739D-01  0.228501452104D-02 -0.826216092846D-01  0.340275436323D-01
  0.394706563361D-02 -0.250055066380D-03  0.375764654949D-01  0.175745728885D-01
 -0.154125614810D-01  0.282651301653D-01 -0.330278991411D-03 -0.652698722507D-03
 -0.107751647852D-01  0.573255649297D-01 -0.626519432956D-02 -0.842436815297D-03
  0.118739277393D-01 -0.767585962460D-02  0.642664718305D-01 -0.272921049264D-02
  0.127056139227D-01  0.560567997578D-02 -0.658792946663D-02  0.427969472272D-02
 -0.320867348833D-02 -0.404486124818D-01  0.333883296951D-02 -0.238894605374D-02
 -0.173331569240D-01  0.476448447795D-02  0.401870678033D-03  0.365762295722D-03
 -0.200331042038D-03 -0.415001898901D-02 -0.721610943351D-02 -0.904526091571D-02
  0.738408881294D-02  0.134075361381D-02  0.465973137959D+00  0.929792460798D-02
  0.801148892802D-02  0.535475783846D-02  0.504373805932D-02  0.669145867256D-02
  0.787955187988D-02  0.508650182755D-02  0.671227344185D-02  0.619454932860D-02
 -0.167303467086D-03 -0.224325439979D-02 -0.509071404596D-02  0.184252444989D-01
 -0.118120893392D-01  0.910272118455D-02 -0.488435432509D-03 -0.634474324391D-02
 -0.347994105144D-02 -0.291696965313D-02 -0.220575502533D-02 -0.418445614983D-02
 -0.374104962309D-02  0.109895819143D-01 -0.263377973408D-02  0.157117077371D-02
 -0.173303960925D-02  0.102729948119D-02  0.900933645130D-02 -0.925952166724D-02
  0.254227588761D-02 -0.219693091343D-02 -0.230439253260D-02 -0.252879302351D-02
 -0.274438183641D-02  0.285698860952D-02  0.103685188402D-01 -0.197495116028D-03
  0.429168092867D-03 -0.303443387755D-02 -0.446373541355D-02 -0.447111089659D-02
 -0.397242347297D-02  0.511733051408D-02 -0.324655665037D-02  0.866591150006D-02
  0.422510011403D-01  0.750227217254D-02  0.973467542201D-02  0.514542397201D-02
 -0.108957742301D-01  0.496614840245D-02  0.163770071542D-01  0.125396708077D-02
  0.153927136986D-01  0.313971918140D-02 -0.108584130958D-02 -0.115214454148D-01
 -0.199818724457D-01  0.138963809826D-01 -0.129821783670D-01 -0.747304780282D-02
 -0.509423239670D-02  0.111391236530D-01 -0.271012882843D-02 -0.423444290339D-02
  0.461076198278D-02  0.289934564564D-02 -0.509645189684D-02  0.346757800087D-02
  0.797348848839D-02  0.494509034518D-02 -0.109168599800D-01  0.267429776367D-02
  0.591945810883D-02  0.171215006525D-01  0.558700621645D-02 -0.159103825826D-01
 -0.280697126971D-02 -0.774278585125D-02  0.464600644444D-02 -0.327772974381D-02
  0.233834810438D-02 -0.228429998759D-02  0.467548716927D-02 -0.877656688502D-02
  0.269179903458D-02  0.675737644387D-03  0.121345132761D-02  0.527063072015D-03
  0.834449211206D-02  0.158949555342D-01  0.634563983968D-02  0.518795469059D-01
 -0.441603427212D-02 -0.341510131419D-02 -0.265136716554D-03  0.482734164094D-01
  0.100635972144D-02 -0.500558058357D-03  0.664738971774D-02 -0.814545763292D-01
  0.255366730297D-02  0.478765458360D-03  0.733000557434D-01  0.633543450572D-01
 -0.312996046176D-02  0.356960005057D-02  0.899322761939D-02  0.125191653024D-02
  0.377390712516D-02  0.172949279961D-01  0.142612722125D-02 -0.639995964293D-03
  0.378976622515D-02  0.478262837936D-01  0.653489716242D-03 -0.121875131748D-02
  0.620652768429D-02  0.510464879652D-01  0.166611115545D-02  0.235623860253D-02
 -0.317144473312D-02 -0.200845228187D-01 -0.277863190484D-02 -0.140423029066D-02
  0.624301672511D-02 -0.385786027553D-01  0.872775450781D-03 -0.769823765722D-02
 -0.295546263717D-01  0.642567736126D-02  0.134365925777D-01 -0.390062242822D-02
  0.933923425553D-03 -0.623572347579D-02 -0.117844568673D-01  0.605469103073D-02
  0.429473207423D-03 -0.134279380934D-01 -0.729630598822D-01  0.399410943879D+00
  0.653707005050D-02 -0.209526803924D-02  0.447521384009D-01 -0.994586421112D-02
  0.218221391097D-01 -0.323596066354D-02  0.407669377671D-01 -0.530348381137D-02
 -0.201123742462D-01  0.629876764942D-01  0.100808688452D-01  0.102672314298D-02
  0.369727029746D-01  0.961631116884D-02 -0.141758871005D-01 -0.406026911837D-02
 -0.752037201118D-03  0.219418980223D-03 -0.448025148268D-02  0.564951991483D-02
  0.450200199054D-03  0.533410748055D-02 -0.199639611413D-02  0.400580086329D-03
  0.116284650488D-01  0.274675492001D-02  0.236770906341D-01 -0.533500593418D-02
 -0.508027100465D-02 -0.256444850415D-02 -0.949032304608D-02 -0.320406149108D-01
  0.128514596937D-01  0.447549864236D-02  0.216201085121D-01  0.801191930722D-02
 -0.797075571947D-03  0.953118172260D-02 -0.744971866786D-04  0.102362101678D-01
  0.165988922660D-01 -0.150685183885D-01 -0.474533394887D-02  0.631775095255D-03
 -0.118048286940D-01  0.882535897988D-02  0.101602772873D-01  0.552524970744D-02
  0.389177719750D+00  0.358665554084D-03  0.552153289042D-02 -0.106200795300D-01
 -0.183071843809D-02  0.536582175098D-03  0.664280516085D-02 -0.122564160732D-01
  0.172753683294D-02  0.147115231385D-01 -0.240101202494D-01 -0.452280029400D-02
 -0.331325280313D-02 -0.288712715002D-02 -0.634074687122D-02 -0.209705876475D-02
 -0.419121693917D-02  0.370906834638D-02 -0.348705445658D-02  0.210439962438D-02
 -0.880262856588D-03 -0.385925099306D-03 -0.544510279230D-02  0.592510442901D-02
 -0.152147148909D-02 -0.563357133812D-02 -0.182985281992D-02 -0.140167225136D-01
 -0.366382257042D-02 -0.693598958672D-02  0.306571957022D-02 -0.131668478468D-01
  0.149775537466D-01 -0.575529215700D-02  0.307298542452D-02 -0.968603331052D-02
 -0.494083122117D-02  0.857650873190D-02 -0.774892565801D-02  0.550482029586D-03
 -0.256948318195D-02 -0.698417498714D-02  0.104764144051D-01 -0.299731251137D-02
  0.990713999796D-04  0.152289161920D-01 -0.128286896007D-01  0.227457349508D-02
 -0.117552460226D-01 -0.116438925171D+00  0.105093553678D+00 -0.197382613938D-01
  0.268993552239D-02 -0.273111870896D-01  0.165181895795D-02  0.394586438551D-01
  0.544969674551D-02 -0.816062381899D-02 -0.846038528236D-02  0.489392423534D-01
 -0.412860193736D-01  0.828428960907D-02 -0.180950441182D-03 -0.163385594870D-02
 -0.529396117968D-02 -0.601541100777D-02 -0.458681318180D-02  0.107497752989D-02
 -0.437004111091D-02  0.282275410780D-02 -0.271216525193D-01  0.371307091696D-03
 -0.198667689975D-02  0.490381184074D-03  0.663019550479D-02 -0.416781516440D-01
  0.127042523936D-01 -0.369842937119D-01  0.246808376119D-02  0.278213585280D-02
 -0.360873920844D-02 -0.224556761726D-02  0.493115029012D-01 -0.278260505077D-03
 -0.141649813198D-02 -0.838312905368D-02  0.175215655765D-01  0.669370801460D-02
 -0.631485483426D-01  0.100209985150D-01 -0.505145229131D-02 -0.298818900315D-01
  0.198468716611D-01 -0.108087694057D-01 -0.252430640254D-02  0.286830436445D-01
  0.183868409889D-01  0.963484040961D-02  0.171524112963D-01 -0.576399434381D-01
  0.314511998739D-01  0.381093091054D+00 -0.122368720377D-01  0.171316763563D-01
 -0.132516894231D-01 -0.377345836314D-01  0.128871627198D-01 -0.614278841914D-01
 -0.457163437917D-02  0.208220931143D-01  0.162210309027D-01 -0.140093867002D-01
 -0.475113291650D-01 -0.694130979939D-02 -0.124844200691D-02  0.188127589530D-01
  0.191116640011D-01  0.164481742258D-02  0.823595552173D-02  0.487949706035D-02
 -0.534304985929D-02 -0.789680712517D-02  0.155230557536D-01 -0.781478250791D-02
 -0.580773562283D-02 -0.665693900231D-03 -0.189204481814D-01 -0.419890295600D-01
 -0.121128306249D-01  0.659440153882D-02 -0.223614242499D-02  0.914569107918D-02
  0.778155485294D-03  0.203915270610D-01 -0.164983628962D-03  0.311074197221D-01
 -0.224784664618D-02  0.103267210467D-01  0.140836963974D-01 -0.274488825637D-01
  0.224470439051D-01  0.196901759260D-01 -0.143121368293D-01  0.142063283566D-01
  0.307266119549D-01  0.129414457334D-01  0.114973017335D-01 -0.118600331521D-01
 -0.270218499405D-02 -0.223986724847D-01 -0.236066990085D-02 -0.183327526035D-02
  0.633321001775D-01  0.406397769621D+00 -0.138321363440D-01 -0.118114670658D-01
 -0.105325603814D-02  0.142893486324D-01  0.213967523602D-01  0.133803266042D-01
 -0.242423562258D-02 -0.416342501865D-02  0.179323536293D-01 -0.172905135409D-01
  0.191312992235D-01  0.494253543275D-03 -0.497002081672D-02 -0.195960527935D-02
 -0.957300420849D-03 -0.461119915505D-02 -0.311760156181D-02  0.635778447529D-02
  0.304499524447D-02 -0.101041674356D-01 -0.508543881415D-02  0.613997105638D-02
 -0.246548724727D-01  0.129661888249D-01 -0.139252396694D-01  0.793148381354D-02
 -0.180443149423D-01 -0.125419466153D-01  0.190789713321D-01 -0.107023598410D-01
  0.330099293870D-02  0.156203268682D-01  0.363557835518D-02 -0.926100252031D-02
 -0.879089571507D-02 -0.821992393624D-02 -0.727595517891D-02 -0.296169335548D-01
  0.161457460251D-02  0.766930185775D-04  0.508581248766D-02  0.210872660182D-01
 -0.221474225965D-01  0.205933361516D-02  0.108422485331D-01 -0.781385965806D-02
  0.699709682556D-02  0.950232704357D-03  0.268609508069D-02  0.212200352710D-01
  0.130253689722D+00 -0.180090395666D-01  0.121789364666D+00  0.159148901542D-01
  0.347450617240D-01 -0.339903513694D-02 -0.169458021942D-01 -0.111201966725D-01
 -0.197178831021D-01 -0.557472714873D-03  0.587042936664D-02 -0.939740724477D-02
 -0.735177682282D-03 -0.360578465579D-01 -0.136345562568D-01  0.105311244528D-01
  0.708650463431D-02  0.122456246879D-01 -0.136902493407D-02 -0.718567358963D-02
  0.608310806391D-02  0.500211153906D-03  0.742866810081D-02  0.843979370559D-03
  0.678999484672D-02  0.176321609137D-01  0.172587210077D-01  0.131512082078D-01
 -0.315570360372D-01  0.990728408595D-02  0.677374313201D-02  0.137932015660D-02
  0.958523197855D-02 -0.135955880141D-01 -0.122436277559D-01  0.667342550497D-02
  0.150674538798D-01 -0.494146927630D-03  0.754947088714D-03 -0.928700808074D-02
  0.231075777492D-01 -0.739065008097D-02  0.327594912516D-01  0.597267348224D-02
 -0.309283253513D-02  0.304000147179D-01  0.139662438995D-01 -0.578688795952D-02
 -0.392128040270D-03  0.195148350225D-02 -0.237098613376D-02 -0.259798092650D-01
  0.429921472725D-02 -0.101280546172D+00  0.137662750508D+00 -0.683709736742D-01
  0.170642540445D+00 -0.281324982767D-02  0.968703510793D-01 -0.286514561238D-01
 -0.142444791327D-01  0.295898802288D-02 -0.776325960016D-02  0.316850865275D-02
 -0.835184757741D-02 -0.387562635682D-02 -0.264668773055D-01 -0.626378515204D-01
 -0.183954851224D-01  0.677189527902D-02 -0.316153790834D-02 -0.618103361805D-02
 -0.131501086304D-01 -0.568959304501D-02 -0.726844505576D-02 -0.229043222522D-02
  0.162321556095D-01 -0.116686765097D-02 -0.839923600580D-02 -0.338834280378D-02
 -0.847330769635D-02  0.176505273338D-01 -0.346293096310D-01  0.735301197983D-03
 -0.306356454562D-03 -0.456715102814D-03  0.133420147436D-01  0.614233599397D-02
 -0.971751804423D-02 -0.277248363971D-02  0.557517876843D-01 -0.100259403952D-01
 -0.512173192402D-02  0.289414105388D-02  0.329918465364D-01 -0.260948192962D-03
  0.407724724974D-01  0.137135413264D-01  0.131698001603D-01  0.423422318442D-01
 -0.127529984842D-01  0.394420532107D-03  0.803390974655D-02  0.149681622364D-01
 -0.227373090733D-01  0.366948628128D-02  0.135038978430D-01  0.195319014541D-01
  0.387174864437D-01 -0.128859217680D-01  0.819139129609D-01  0.449917253118D+00
 -0.437617691030D-01  0.478467821985D-01  0.298921700618D-01 -0.120365914281D-01
  0.841686319674D-02 -0.481388218597D-02  0.415427128671D-02 -0.984705614137D-03
  0.184018431776D-02  0.399417919571D-02 -0.361719638462D-01 -0.627901213716D-02
 -0.182734568699D-01 -0.421293723568D-02  0.619458632852D-02  0.669908103160D-02
  0.945842494032D-02 -0.139072557602D-01  0.996444656758D-02 -0.436973994823D-01
  0.310203359049D-02 -0.124472024991D-01 -0.778587857863D-02  0.983019901259D-02
 -0.629337692758D-01 -0.139994097511D-01 -0.259685333637D-01 -0.647645400497D-02
  0.120968751969D-01  0.213344154543D-02  0.424396046291D-02  0.514669181548D-01
 -0.943417244136D-02  0.259654451084D-01 -0.761722337600D-02  0.111209090567D-01
  0.681926338124D-02 -0.824041427353D-01  0.103671185564D-01 -0.497347317228D-02
 -0.225985775202D-01  0.248838097697D-01  0.718446419695D-02 -0.392660754748D-02
  0.887150111118D-02 -0.881328460472D-03  0.202088814814D-02 -0.110739792990D-01
 -0.302926178637D-01  0.151553555910D-01 -0.164955329471D-01  0.141687774484D-01
  0.139729526183D-01  0.188651440870D-01  0.493407957546D-01  0.369988631269D+00
  0.278978411295D-01  0.197431423854D-03  0.183359090255D-01  0.115415122253D-01
  0.173186217889D-01  0.195800439910D-01 -0.103879564400D-01 -0.744066416335D-02
  0.620839336955D-02  0.546227203842D-01 -0.254837031617D-01 -0.436340326868D-02
 -0.318075728886D-02  0.147145005173D-01 -0.395116469672D-02  0.297628418701D-01
  0.927711626333D-02 -0.110417550834D-01  0.495386351821D-02  0.367383394185D-02
  0.305897758451D-03 -0.231846629758D-01 -0.301365106246D-02  0.158352892786D-02
  0.146315004284D-01 -0.461867862384D-01  0.294063552565D-01 -0.770700026928D-02
  0.536378215493D-02  0.294223575028D-02  0.166647574806D-03 -0.186110000592D-01
 -0.139124302399D-02  0.200122457059D-01  0.172622244815D-01  0.273479206896D-02
  0.949738322571D-02 -0.161834597431D-01  0.449606947082D-02  0.769460190405D-02
  0.682572778965D-02  0.375267226051D-02  0.191912786200D-02 -0.465967404658D-02
  0.253658003741D-02  0.170378693828D-02  0.469989103292D-02 -0.118786779017D-01
  0.242627764071D-01 -0.845657802073D-02 -0.975536305603D-02 -0.110028040619D-01
  0.135769205930D-02  0.252289470561D-02 -0.496316659543D-02 -0.226147029807D-01
  0.397883123476D+00 -0.201402187594D-03  0.337543646484D-01  0.578390136027D-02
 -0.144899485301D-01  0.217555416752D-01 -0.290305470870D-01 -0.119738950620D-01
  0.125769028098D-01  0.143962814868D-01  0.450062044272D-01  0.135713211513D-01
 -0.189683354839D-02 -0.830363499028D-02 -0.100091455195D-01 -0.137176155679D-01
  0.265819532407D-01 -0.390745982901D-02  0.371306668574D-02  0.422496357859D-02
 -0.347319793195D-02 -0.290443092726D-02  0.166990621860D-01  0.277526343629D-02
 -0.287273529160D-02  0.807502576757D-02  0.358212544267D-01  0.262679302387D-01
 -0.779840771680D-02 -0.144658856045D-03  0.250535051896D-02  0.410771417364D-03
 -0.427706711139D-02  0.611101183302D-03 -0.225857105240D-02  0.117952489794D-01
  0.149415629622D-02 -0.602369590835D-02 -0.270164694784D-01  0.269004424651D-02
 -0.248676505522D-02 -0.314496683069D-02  0.429236893755D-02  0.132839790273D-02
 -0.161490333986D-02  0.511794409550D-02  0.211086548215D-03  0.576068375175D-02
  0.420525874781D-02  0.890093834321D-02 -0.495800611389D-02 -0.588638421561D-03
  0.163542508810D-01 -0.819917611144D-02  0.143120400602D-01  0.425597189666D-01
 -0.299900302375D-02 -0.138453516491D-01  0.418838687767D+00  0.108725290157D+00
  0.196418945680D-01  0.559633538489D-01 -0.689071095655D-02 -0.486505210280D-01
 -0.101336984264D-01 -0.456166935223D-02 -0.183411777489D-02 -0.151787704049D-01
  0.521617657519D-01 -0.341646648384D-02 -0.296559716832D-02  0.190979086054D-01
  0.658301050886D-02 -0.110167690773D-01  0.232122984600D-01  0.359055497117D-02
 -0.547392541331D-02  0.102429342004D-02 -0.550130197740D-02 -0.503790031939D-03
 -0.488552932927D-03 -0.551784120042D-02  0.177391668247D-02 -0.163028315646D-01
  0.326079451221D-02 -0.142350450072D-02 -0.300561321400D-02 -0.130542832097D-03
  0.175594438991D-02 -0.284266865399D-02 -0.269055587076D-01  0.655627158583D-02
  0.151387870691D-01  0.274084457479D-01  0.659903416241D-02  0.218277836766D-02
 -0.170968630766D-01  0.327474025577D-03  0.298822811903D-02  0.868020106682D-02
 -0.335730044610D-02  0.121537853080D-02 -0.334063603830D-02 -0.977447330955D-02
  0.938592762006D-02  0.891671872854D-02 -0.179232317888D-02  0.555737350336D-01
 -0.158175923391D-01 -0.418259491287D-01 -0.169207316179D-01 -0.278827232717D-01
  0.365407388781D-01  0.249885905438D-01 -0.308962638795D-01 -0.201350428379D-01
 -0.203750310951D-01  0.444404376307D+00 -0.132394235766D-02  0.344176557141D-01
 -0.997931066257D-02 -0.727972848537D-01 -0.462710303270D-02 -0.231353319685D-01
 -0.578041228868D-03  0.358621797715D-01 -0.333347195017D-03 -0.879634994316D-02
  0.129414144274D-01 -0.495572110053D-01  0.434854071032D-03  0.215016279871D-01
  0.207066142930D-01 -0.120148396249D-02  0.992257209013D-02 -0.309804712551D-01
 -0.150631630024D-02  0.355318901256D-02  0.285850054721D-02 -0.844899224111D-02
  0.862516053134D-03 -0.421028296784D-03  0.344793037336D-02 -0.377795954047D-01
  0.278839795067D-03 -0.847319590700D-03  0.983288064321D-02  0.666476681451D-01
 -0.197845431677D-02 -0.223810573237D-02 -0.303906342163D-02  0.175165615565D-01
 -0.757665758954D-03  0.461944143827D-02  0.360042987739D-01  0.818619636809D-02
 -0.890997591002D-02 -0.790646933167D-02  0.225596342605D-03 -0.105601395023D-02
  0.267275675849D-02 -0.201390474663D-03  0.515326374945D-03  0.127749197604D-02
  0.171695987464D-01 -0.507985310453D-01 -0.158456563273D-02  0.648715725043D-02
  0.192156389532D-02  0.197447967615D-02 -0.224984172640D-02 -0.112389427185D-04
  0.287222161064D-02  0.545458965844D-02 -0.209100862832D-02  0.756806749997D-02
  0.250168645372D-02  0.451622250912D+00 -0.275950657096D-02 -0.919707741570D-03
  0.829711932198D-01 -0.176970017708D-02  0.848723385471D-02  0.154599125674D-02
  0.174336124106D-01 -0.122446530742D-02 -0.358355132532D-01 -0.270989010710D-01
  0.326197219454D-02  0.227375736520D-02  0.184999872353D-01  0.959787865042D-02
 -0.115120156512D-01  0.392801379311D-01  0.257588630828D-02  0.225890577849D-02
  0.495146116536D-02 -0.141220952411D-01  0.123537147290D-02  0.556387278446D-02
  0.391099217836D-02 -0.327547577475D-02  0.220684473992D-01  0.801190362196D-03
 -0.184481070078D-02  0.495224619658D-02 -0.722586053107D-02 -0.148245578459D-02
 -0.494219765918D-02 -0.656528489238D-01  0.452869711018D-02 -0.389579126117D-02
 -0.134192762735D-01  0.226019752728D-02 -0.841553890713D-02 -0.182709974649D-04
  0.159597201370D-02 -0.374502485134D-02 -0.204384486445D-02 -0.280549359564D-03
 -0.222745398179D-02 -0.371478923757D-03  0.220877761402D-01  0.253354136005D-02
  0.233368285503D-02 -0.664236560984D-03  0.294111370273D-01 -0.514057443018D-02
 -0.179417124093D-02 -0.688606162007D-03  0.815964053676D-02 -0.342820212192D-02
  0.369435480408D-02  0.302147446457D-02  0.274715404941D-02  0.432475535006D-03
 -0.397397692483D-02  0.304899786638D-04  0.462622053712D+00 -0.117245735588D-02
  0.315189977859D-01 -0.193030225679D-01 -0.511437760088D-01 -0.595891231526D-02
 -0.166338480322D-01  0.526563690232D-02 -0.230095028041D-01 -0.478575012794D-03
 -0.123150199434D-02 -0.247916464248D-01 -0.346154912927D-02  0.162827141939D-02
  0.127784269187D-01  0.139949885970D-01  0.407400215910D-02  0.246935749833D-02
 -0.483708593627D-02  0.969578832565D-04 -0.146952364500D-02  0.403068853326D-02
 -0.176332557507D-01  0.244363328263D-02  0.884579292474D-04 -0.135695476525D-02
 -0.609448019610D-02 -0.315793659943D-02  0.612098618896D-02 -0.610124465497D-02
 -0.325209479816D-01 -0.933071728608D-02  0.162777413710D-02  0.103630467864D-01
  0.144523264712D-01  0.201625600303D-02  0.443945136716D-02  0.159735985942D-01
 -0.747195189873D-02  0.212199573500D-02  0.590496873446D-02 -0.615443273632D-02
 -0.174576105663D-02  0.623987161914D-03  0.289026866381D-02 -0.196409824247D-02
  0.178367263116D-02 -0.361831189640D-02  0.797255924283D-02  0.845134704458D-02
 -0.854212806068D-03  0.920179622121D-02 -0.365541392027D-01  0.677587998496D-02
 -0.169078939232D-01 -0.132827667463D-01 -0.841367029365D-02 -0.926544561183D-02
  0.897450833341D-02  0.211027206314D-02  0.207248922983D-03 -0.439331698466D-02
  0.441582220123D+00  0.103250967328D-01  0.227903274562D-03  0.462759402361D-01
 -0.151312474394D-01  0.752440642969D-03 -0.309650068291D-02 -0.191619090687D-01
 -0.931080164578D-02  0.172020517322D-02 -0.315732333694D-02  0.106154582459D-02
 -0.456608198593D-03  0.654495762159D-02  0.480301463820D-02 -0.114828448298D-02
  0.308570151129D-02 -0.284870345487D-02  0.101007044420D-02 -0.528202578454D-02
  0.147421319767D-01 -0.145187540678D-02  0.613392407996D-05  0.177323457774D-03
 -0.410809859160D-03 -0.414001641896D-04  0.112482003164D-03  0.311925890835D-01
 -0.268338984867D-02 -0.404051402861D-02 -0.723360233508D-02 -0.241791824673D-02
  0.128324267915D-01  0.494096788732D-02  0.347437987655D-02 -0.160555678408D-02
 -0.601294188378D-02  0.101631066403D-02  0.351698447953D-01 -0.403104094300D-02
  0.745021278235D-02  0.288342121733D-02 -0.535573040095D-02 -0.230677976419D-02
  0.135208073044D-02  0.213270186972D-02 -0.112719212376D-02 -0.101936794831D-03
  0.364210776541D-02 -0.210060185304D-01  0.124936267872D-01  0.465477553591D-01
  0.734499711167D-02  0.123853357081D-01 -0.143239060578D-01 -0.493434158110D-02
  0.166683558854D-01 -0.807304598333D-02 -0.369858890711D-02  0.169791700358D-02
 -0.360973862451D-03  0.714875262442D-02  0.451746983470D-02  0.438500097526D+00
  0.891552626065D-03  0.228640991796D-02 -0.937576744606D-02  0.268794301969D-01
 -0.256121738745D-03 -0.330409271620D-02  0.482661405067D-02  0.137902159238D-01
  0.216628219568D-02 -0.660416245573D-03 -0.297363160477D-02 -0.109587211614D-01
  0.100318765192D-01  0.527863655101D-02 -0.365298800832D-02 -0.511980954167D-02
  0.144021484594D-01 -0.745184697653D-03  0.137624213403D-01  0.213486934788D-02
  0.256445316925D-02  0.543935604964D-02 -0.109133937178D-01  0.700133807225D-02
  0.762753886471D-03 -0.261186168375D-02  0.370550860326D-02  0.185540599724D-01
  0.798006255870D-03  0.383858844190D-02  0.132280725190D-01 -0.566484237086D-03
 -0.225729019192D-02 -0.803181680211D-02 -0.383040346643D-02  0.118430754603D-01
  0.156404415147D-01 -0.653992851069D-02 -0.685854837596D-02 -0.567255893277D-02
 -0.655249362826D-02 -0.606033811980D-03  0.108033046216D-01  0.718043984385D-03
  0.456546141348D-02  0.652815262347D-02  0.318008230971D-02 -0.582287513217D-02
 -0.152433960278D-01 -0.309569356339D-01 -0.995152483565D-02 -0.134703537636D-02
 -0.333528182995D-01  0.164636524251D-01  0.161384755954D-01  0.162533197774D-01
 -0.267163856841D-02  0.646840025058D-02 -0.112197565671D-01  0.335757605169D-02
 -0.281843409616D-02  0.139069079984D-01 -0.178441284539D-03  0.141897091340D+00
  0.186111180973D-02  0.827538444761D-02  0.101003137789D-01  0.786530617065D-01
 -0.520595600370D-02  0.542993864889D-02 -0.323220787970D-02  0.357482889231D-01
 -0.465712783720D-02 -0.539835460862D-02  0.991801363447D-03 -0.327063817316D-01
  0.109057856438D-01  0.158246625504D-02  0.305427755914D-02 -0.179765230934D-03
 -0.614295990611D-02  0.829005530420D-03 -0.917345686487D-02  0.394657475666D-02
  0.400707349266D-02  0.248996300127D-01  0.106969586272D-01 -0.402325077383D-03
  0.240784651704D-02 -0.749771886317D-02  0.171335457392D-02 -0.101139373887D-01
 -0.154879933103D-02  0.818858904046D-02 -0.187035674434D-02 -0.422981612191D-02
 -0.112888774674D-01 -0.244907611138D-01  0.356543415540D-02  0.297024998317D-02
  0.308352536186D-01  0.635675793315D-02 -0.141284904519D-01 -0.125824091619D-01
 -0.210040543660D-02  0.645366626763D-02  0.250240975987D-01 -0.802645943333D-03
  0.311748830212D-02 -0.839645191609D-03 -0.156664784446D-02 -0.141290708363D-01
 -0.127481597807D-02  0.118648402701D-01 -0.638836062122D-02  0.377812637069D-01
 -0.293384590489D-02  0.315196797773D-01  0.301644725021D-01  0.116506836481D-01
 -0.173506479236D-02  0.632296007976D-02  0.876942596861D-02 -0.347609177596D-02
  0.289947702719D-02  0.187641375291D-01 -0.638632814582D-03  0.144608236251D+00
  0.446621437735D+00 -0.223207756173D-01  0.847933941672D-02  0.103826111728D+00
  0.799374809800D-02 -0.341274487489D-02  0.937438027065D-02 -0.558770142876D-01
  0.115464687221D-01  0.209220807379D-01 -0.291482254099D-01 -0.936414726276D-02
 -0.232607334511D-02  0.551788490346D-02 -0.121666675302D-02  0.113172766888D-01
 -0.245371436201D-01  0.471098100485D-02  0.246577581544D-02 -0.986021420036D-02
  0.238125048022D-01 -0.411115078468D-02 -0.464404573125D-02  0.105914825460D-01
 -0.202142310441D-02  0.278579258909D-01 -0.437152582855D-02  0.425151164219D-02
  0.103955353376D-01 -0.791318815296D-02  0.125587843717D-01 -0.806684879392D-03
  0.833383504071D-02 -0.731980890011D-02 -0.131577141210D-01  0.474693836071D-01
 -0.220802650890D-01  0.235813309782D-02  0.606671640700D-01 -0.158146285686D-01
 -0.983779707145D-02 -0.777333323830D-02  0.116362479047D-01  0.174577284493D-01
 -0.177621269734D-02  0.148762520852D-01  0.210213745156D-02  0.110100933751D-01
 -0.681661904366D-02 -0.566176520218D-01  0.201557125474D-01  0.373317900109D-01
  0.163079651255D-01  0.685362479014D-02 -0.968951177610D-02  0.177972629041D-02
  0.246731073235D-01 -0.673914889436D-02  0.162730757703D-02 -0.168499392222D-01
  0.689508586816D-02  0.179907320112D-01  0.203004742906D-03 -0.199444424367D-01
 -0.422465762357D-01  0.445072330006D-01  0.507506678928D+00  0.758468398348D-02
  0.415591746636D-03 -0.207205601949D-01  0.275320988679D-01 -0.211054492962D-02
 -0.825840748223D-02  0.129912781379D-01  0.174930264438D-01 -0.289690845155D-02
  0.581124214187D-02  0.152661200410D-02 -0.601584193935D-02  0.911007343739D-02
  0.937110066622D-03  0.277970923152D-02  0.452765717747D-02  0.192887092256D-01
  0.116259914236D-02 -0.411426088320D-02 -0.426332112134D-02 -0.886636208241D-03
 -0.986490961563D-03  0.144209511996D-02  0.973065084262D-02 -0.588336820998D-02
 -0.155125200139D-02 -0.493786341760D-03 -0.636274240811D-02 -0.319406680197D-02
  0.168706628199D-02  0.252751784479D-02 -0.371343945022D-02  0.493919243858D-02
  0.522498811534D-03 -0.103157278797D-01  0.198347857226D-02  0.108472695200D-01
 -0.115021572511D-01 -0.276458549918D-02 -0.758406894986D-02  0.247011749025D-02
  0.333591672679D-02  0.106467672240D-01 -0.813885357866D-02 -0.548989788063D-03
  0.189371385359D-02  0.212000057969D-01 -0.166326206604D-02  0.119642825942D-01
  0.372820863852D-02 -0.169620857819D-01 -0.101549044756D-01 -0.110418167285D-01
 -0.965483555432D-02  0.274267648589D-01  0.571905681906D-03 -0.178433546960D-02
  0.677249718758D-02  0.653525629847D-02  0.343533216080D-02 -0.383451026539D-02
  0.458018482074D-02  0.192584197275D-03  0.435431158274D-01  0.536505831692D-01
 -0.890613692906D-01  0.121737040926D+00  0.224781646806D-02  0.189545037378D-01
  0.601738472752D-02  0.331958110550D-01 -0.391241291921D-02 -0.188399486919D-01
 -0.639368400613D-02  0.184085234185D-01  0.351527787600D-02 -0.146166247027D-01
  0.278341407090D-01 -0.265115541047D-01  0.124317887047D-01 -0.725032718113D-03
 -0.626989191359D-02 -0.123751740525D-01  0.478543999168D-02  0.164421318196D-01
 -0.109311958083D-01  0.133942454160D-01  0.424398998555D-02 -0.401752796725D-01
  0.460710959023D-02  0.584649607242D-02  0.778533565410D-02 -0.203248051071D-01
  0.356382085055D-02  0.409251185700D-02  0.551386239823D-02  0.185063345768D-01
  0.208729022796D-02 -0.710258049902D-02 -0.133609268462D-01  0.153411450836D-01
 -0.285931732574D-02  0.352341584849D-02  0.182418164376D-01  0.215310585866D-01
  0.126451290199D-01  0.367095267140D-01  0.246065189815D-02  0.240281709747D-02
  0.803089239083D-02 -0.425755304184D-02  0.289412602050D-02  0.495257245344D-02
  0.770005348638D-02 -0.605242543482D-02 -0.126643244497D-01  0.406363476664D-03
  0.940385961358D-02 -0.324216337284D-01  0.258424341265D-02 -0.176019943911D-02
 -0.884688810528D-02  0.148040324405D-01 -0.300607356523D-02  0.105575475215D-01
  0.153107133591D-02  0.936175543274D-02  0.506975706957D-02  0.186016746611D-01
 -0.337030934651D-02 -0.158059310848D-01 -0.344719407774D-01  0.147263760794D-01
 -0.532984254447D-02  0.352262822871D+00  0.581810083786D-03  0.435761429951D-02
  0.839240636327D-02  0.206443068744D-01 -0.182833291493D-02 -0.320314933873D-02
 -0.702532484396D-02  0.127210756008D-01  0.358875386388D-02 -0.509361620521D-02
  0.111187372433D-01 -0.564100471779D-02  0.619455382306D-02 -0.148229905548D-02
 -0.767192056330D-02 -0.649559491080D-02 -0.134543297849D-01 -0.463559471899D-02
 -0.242102016514D-02  0.945090352593D-02 -0.235463933817D-03 -0.241481360495D-01
  0.631848904491D-03 -0.336522078141D-02  0.840055145041D-03 -0.449616401499D-02
  0.278074954417D-02  0.382502759880D-02 -0.904354993852D-02  0.431105950665D-02
  0.871323959058D-02 -0.479927219940D-02  0.283295398111D-02  0.883224819278D-02
 -0.250067257321D-02 -0.428596665183D-02  0.136423755451D-01  0.853996237599D-02
 -0.267944806067D-02  0.466459650357D-02 -0.771028156671D-03  0.121159362289D-02
  0.805260098483D-02 -0.164488175294D-01  0.923277897667D-04  0.573559041599D-02
  0.184533664406D-02  0.390184825847D-02 -0.628626610667D-02 -0.339428325930D-02
 -0.202045536570D-02 -0.891734204400D-02 -0.662557281830D-02 -0.127444040315D-01
  0.243065846015D-02 -0.307358180428D-02 -0.407685178259D-02  0.146881309685D-03
 -0.463763643381D-02  0.270425117274D-02  0.354927665708D-02  0.188736684850D-02
  0.120096150631D-03 -0.813353420962D-02 -0.154812260039D-01  0.201799177346D-01
  0.290007105554D-01  0.107002426534D+00  0.876840781978D-01 -0.491185807846D-02
  0.220732633207D-03 -0.148062169109D-01  0.427497792587D-02 -0.528761033811D-02
  0.110671900971D-02 -0.635896838720D-02  0.435434513898D-02 -0.937755724235D-03
 -0.149267923867D-01 -0.552598834950D-02 -0.934424585177D-03  0.132216500148D-01
  0.689681940404D-02  0.109497196407D-01 -0.224585911507D-01 -0.225662804364D-02
  0.560920931968D-02 -0.819141733920D-02 -0.245087217014D-02  0.685729696515D-02
 -0.952116329754D-02  0.131245686189D-01 -0.592013553728D-02  0.212883664905D-01
 -0.727504930976D-02  0.598536996312D-02  0.782939387467D-02 -0.112780223160D-01
  0.113085796405D-01 -0.367266837996D-02  0.135824215641D-01 -0.917821462562D-02
 -0.800982212887D-02 -0.366690286951D-02 -0.536652828969D-02  0.257226627474D-02
  0.140056639175D-01 -0.117207704839D-02  0.212142432238D-04 -0.502878933855D-02
  0.405173758536D-02  0.223531794135D-01  0.270390626381D-02  0.352907729818D-02
  0.725141911030D-04 -0.319781867794D-02 -0.476484223479D-02 -0.329589399109D-01
  0.647637235084D-02 -0.637955091869D-02 -0.444601983463D-02 -0.958036753640D-02
 -0.681878870294D-02 -0.123886320339D-01  0.431449975868D-01 -0.727613528547D-02
  0.315405304581D-02 -0.292544001293D-01  0.938363124237D-02 -0.231790764872D-01
  0.544460992672D-02 -0.244207770151D-01  0.146787290845D-01  0.585623766783D-02
  0.260614353849D-01  0.844488368136D-02  0.178147223419D-01  0.177317996736D-01
  0.441877060175D+00  0.428990548303D-02 -0.337168894560D-01  0.119257916174D-02
 -0.452569006755D-01 -0.383431351392D-02  0.338876233953D-02  0.805639965989D-02
 -0.290507665195D-01  0.285483901499D-02  0.772067785555D-02  0.277218649531D-01
  0.121724829380D-01  0.542154689361D-02  0.998528580030D-02 -0.329391470758D-02
  0.846154119098D-02 -0.146735870209D-01  0.145581122420D-01 -0.221844534690D-02
 -0.111052989707D-01  0.925040803252D-02  0.154796382441D-01  0.792078391279D-02
 -0.143076592559D-01 -0.111823990345D-01  0.706322325991D-02 -0.123434082348D-02
 -0.755844308086D-02 -0.139101927025D-01 -0.113890173429D-01 -0.883554170192D-03
  0.136082541130D-02  0.176224393558D-02  0.266745603290D-01  0.252039107783D-02
  0.118221067127D-01  0.173406933872D-01 -0.159494501309D-01  0.200849145399D-01
  0.429016389199D-01 -0.434764760776D-02  0.716039331412D-02  0.141960167059D-01
 -0.104841289075D-01 -0.140169332252D-02 -0.438053933844D-02 -0.860268600771D-02
  0.153441266044D-01  0.954245928183D-02  0.544175927243D-03  0.242592052234D-02
 -0.405013722591D-02 -0.121049330499D-01 -0.816746846593D-02  0.302096320223D-01
  0.230463651129D-02 -0.252964393393D-03 -0.413424313736D-02  0.767263396944D-02
  0.298169776164D-01 -0.104387926214D-02  0.188727317892D-01  0.146533019658D-01
  0.927037031712D-02 -0.226792893085D-02 -0.896580639126D-02  0.155115964754D-01
 -0.267167261012D-01  0.924722878408D-02  0.840138121063D-03  0.408789112392D+00
 -0.130586235825D-02  0.811591123542D-02 -0.171991859785D-03  0.309853095514D-02
  0.336164202907D-03 -0.700094358355D-02 -0.178730387509D-02  0.304745935119D-02
  0.390981969854D-02 -0.229286943347D-02 -0.142570389836D-01 -0.695310972507D-03
 -0.549721482370D-02  0.101338642827D-01 -0.158360368191D-01 -0.941099551556D-02
  0.682030874355D-03 -0.119632099755D-01 -0.269257700610D-01 -0.297448913271D-02
 -0.127463107521D-06 -0.102510469001D-01  0.151018218107D-01 -0.333000428054D-02
  0.464237657601D-02 -0.109130474578D-02 -0.629062655480D-02 -0.211136290288D-01
 -0.277596569431D-02 -0.566460300286D-03 -0.717282455824D-02  0.172781545347D-02
 -0.281441884497D-02  0.231303459126D-02  0.122706358541D-03  0.142913049859D-01
 -0.203671089049D-03  0.681670445335D-02 -0.537635664058D-02 -0.999580148091D-02
  0.124343825301D-02  0.220578185617D-02  0.629273895609D-03 -0.446602057174D-02
  0.309761130424D-02 -0.104911825689D-01  0.542147349550D-03  0.374307191816D-02
 -0.223143505351D-03  0.381381324246D-02  0.320780853918D-03  0.382876072460D-02
 -0.165388306439D-01 -0.395343005297D-03 -0.976960612791D-02 -0.903921145797D-02
 -0.497651117406D-02 -0.294726265591D-02 -0.547593751318D-02 -0.807647716977D-02
  0.276246669035D-02  0.699519926603D-03 -0.183304731149D-02  0.389956936453D-02
 -0.134426529477D-01  0.150625998007D-01  0.471894076274D-02  0.249035460773D-02
 -0.455710835312D-02  0.687950068846D-02 -0.815523481475D-01  0.839557337164D-01
 -0.721946342205D-02 -0.733145682735D-02 -0.154078242912D-01 -0.128544588421D-01
 -0.267741490221D-02 -0.254830205907D-01  0.405229667577D-02  0.770476096616D-02
 -0.115945072403D-01 -0.598637799842D-02  0.205833094892D-01  0.142474876353D-01
 -0.135764104021D-01 -0.333137515003D-01 -0.376949792676D-01 -0.102925477419D-01
 -0.118403907702D-01  0.337957472620D-02  0.545221791486D-02 -0.163868524586D-03
 -0.497448028728D-02 -0.920421525996D-01 -0.231556764582D-01  0.107013665430D-01
  0.226184088856D-01 -0.339270544757D-01 -0.449264513266D-02  0.687653005789D-02
  0.910466221281D-02  0.272475963411D-01 -0.163703369648D-01  0.345579139774D-02
  0.242226276518D-01  0.220645847516D-01  0.713779721232D-02 -0.325472260844D-03
  0.711057277570D-01  0.354379331715D-02  0.292990041066D-01  0.108438300042D+00
  0.296123084563D-02 -0.377952735857D-02  0.302873158690D-01  0.179781130186D-01
  0.402270079635D-02 -0.188581583541D-01 -0.191472429560D-01  0.216884505667D-01
  0.509325558289D-02  0.269613389930D-02 -0.258501277455D-03  0.279668073822D-01
 -0.117256102739D-02 -0.972661279736D-02 -0.640454367849D-01 -0.248226541226D-01
 -0.162886063995D-01 -0.142509579440D-02  0.194789645781D-03 -0.208238411072D-01
  0.503603250794D-03 -0.352538116688D-02 -0.233856828810D-02 -0.398131374198D-01
 -0.703221998959D-01 -0.569983334772D-02 -0.354869824170D-01 -0.268019132064D-01
 -0.317830518435D-01 -0.391427958673D-01 -0.598541409787D-01  0.159345914613D-01
  0.404491322410D+00 -0.303318358338D-02 -0.184536590195D-01  0.153091248862D-01
  0.484943919124D-01  0.115484148505D-01  0.117065135516D-01 -0.700008498438D-02
  0.229019937387D-01  0.810920769721D-02 -0.510109589011D-02  0.242688486305D-01
  0.809253659230D-02 -0.547669090074D-02  0.153085394857D-02 -0.467699443939D-02
 -0.140555101683D-01 -0.142549648438D-03  0.988632984988D-02 -0.301789925792D-02
  0.805750190410D-03 -0.973029288225D-02  0.586862175431D-02  0.106843301822D-01
 -0.459016339391D-02 -0.393320272502D-03 -0.392812769200D-02 -0.286346150317D-02
 -0.534850581801D-02  0.242793310872D-02 -0.518576431252D-02  0.786759604873D-02
 -0.139614467937D-02 -0.167301397538D-01 -0.190446391693D-01 -0.399581823937D-03
  0.156368144889D-01 -0.263546845729D-01  0.186411034743D-01 -0.484702387234D-02
 -0.305204437422D-02  0.504676883007D-02 -0.621638728780D-02  0.124136954948D-02
 -0.125163083898D-01 -0.386888412908D-02  0.319919814778D-01  0.688723507712D-02
 -0.617135667166D-02 -0.299616867507D-01 -0.362801241856D-01  0.462455120473D-02
 -0.291674262416D-01 -0.946208216761D-03 -0.142049601540D-01  0.519617356435D-02
  0.149488559432D-01  0.652911291721D-02  0.242584032898D-02 -0.548747996839D-02
 -0.623943396132D-02  0.324438249347D-02 -0.183020603424D-01 -0.597426535052D-02
  0.274633794819D-02 -0.137414463250D-01  0.248276695240D-02  0.353756575812D-02
 -0.673984368349D-02  0.124244615074D-01 -0.155655234726D-01 -0.518572277464D-02
 -0.178495971451D-01 -0.358986153679D-01  0.204922512047D+00  0.125812855311D-02
 -0.218746184797D-02 -0.668222812817D-02 -0.130961847063D-01 -0.302007356119D-01
 -0.689241486564D-02  0.350267206115D-01 -0.663761265993D-02  0.245409365926D-02
 -0.122152866644D-01 -0.726555390459D-02  0.442788922485D-02  0.156225289538D-01
  0.101391872660D-01 -0.115545982974D-01 -0.841076127053D-02  0.200895279601D-02
 -0.526636011781D-02 -0.242667605169D-02  0.228861736063D-01 -0.428233409534D-02
 -0.112603407288D-01 -0.480164393742D-02 -0.551335712090D-02  0.204361794871D-01
  0.708436382064D-02 -0.114886752463D-01  0.700641138692D-03  0.279082905682D-03
 -0.959219230817D-03  0.365446869428D-03 -0.187679703438D-01 -0.278889023636D-02
  0.952060363252D-02 -0.182698297424D-01 -0.355182682252D-02  0.253726487764D-01
  0.171424541939D-01 -0.103428421177D-01  0.434793631765D-03 -0.218155997645D-02
  0.104611153233D-01 -0.185100619653D-02 -0.664561148038D-02  0.682454453511D-02
 -0.592522297719D-02 -0.747132474654D-03  0.186653908750D-01  0.103674204467D-01
 -0.192599553402D-02 -0.176221554379D-01 -0.779102908104D-03 -0.505248516617D-02
  0.469486407238D-02  0.265843988874D-01 -0.585392967159D-01 -0.406959314254D-01
 -0.316227580838D-01 -0.228396709275D-01  0.373542319484D-02  0.241541149901D-02
  0.182695864564D-01  0.274692985685D-01 -0.119818377222D-01  0.900310036724D-02
  0.517705495481D-01 -0.984743602658D-02 -0.101595607647D-01 -0.134228987084D-03
  0.726485691809D-01  0.530619769821D-01 -0.216874680346D-02 -0.252944587183D-01
  0.357182017465D-01  0.195471817897D+00
$end
