$dipgrad
  0.722227048162349      -0.111804037417749       0.307638404053075     
 -0.173414473218200       0.352059858579425      -0.132010470381175     
  0.308765276761350      -8.479369612899967E-002  0.552793980299325     
 -0.732519711909925      -0.500020876800975      -0.420620259490650     
  0.203463708674074      -0.730439285058249       0.152847401049600     
 -0.415812335495700      -0.381134417941948      -0.504002217107675     
   1.19246252583172       0.417233598861351       0.710408988644250     
  0.387797948036875        1.39903023494895       0.299872263812225     
  0.704536177179650       0.319974141653174       0.800090714138700     
 -0.586179055246701      -0.226840674500575      -0.284194465274525     
 -0.484312245094874       -1.26784944884323      -0.373128689816575     
 -0.285230824625700      -0.175533504600476      -0.433167521178950     
  0.842389049714350      -0.273826552583800       0.478829084471425     
  0.271393564331526        1.81137529693927       0.212987202051025     
  0.479632372231276      -0.202289407444600       0.577347092266425     
 -0.401289350310200       0.379630667157476      -0.183348660442625     
  0.152934048381326      -0.570402310097500       0.114918762462025     
 -0.184099698234800       0.286694785565949      -0.298156279572750     
  0.181377318954026       0.385217578977977       0.117309410934175     
  1.790244217900749E-003  0.941673885717476       5.021416533625145E-003
  0.114546524560301       0.296855550715249       0.118174653149700     
 -0.924709837808551      -0.306754095144874      -0.457707875056025     
 -0.372613442406675      -0.913504570694101      -0.286195818931600     
 -0.457017383981301      -0.235114320892349      -0.675150529636500     
 -0.378639725927600       0.245488513363050       4.656297052959973E-002
 -3.737538745979929E-002  -1.43184873618822      -3.234332180332533E-002
  4.527768538757582E-002  0.183565443825273      -0.401588959878375     
  0.234824770424725       9.375139441885061E-002 -5.495413314477504E-002
  6.709228392069999E-002  0.346865395142675       5.127616911727501E-002
 -5.479937275772562E-002  7.196901694697555E-002  0.265517067075075     
  0.284765657762449      -6.373694944499908E-002  6.859224535225028E-003
 -2.109798050930034E-002  0.245229840702450      -1.619450477589990E-002
  7.377610434949888E-003 -4.925573589899868E-002  0.280424070019700     
  9.825247882054966E-002  1.481437306467326E-002 -5.222990056447496E-002
  8.095709650750571E-003  6.202300884325052E-002  5.743970254725173E-003
 -5.203868901587527E-002  1.098813714064839E-002  0.127129051919400     
  0.106947148040725      -4.556497410976856E-003 -2.992323450337481E-002
  5.730639283996197E-004  9.948262905597360E-002  2.481363255002478E-004
 -2.983223220177411E-002 -3.777097799400053E-003  0.123499969968950     
  0.208632788443600      -6.036802515609896E-002 -6.527104060757488E-002
 -6.432080788750016E-002  0.376233672768649      -4.868052021557490E-002
 -6.539293928080059E-002 -4.562605221934968E-002  0.243939531429275     
 -0.605826509152925      -0.541535006628926      -0.320691546043500     
  0.220125376288175      -0.883088712035376       0.165343540391525     
 -0.316781465120924      -0.412297794360377      -0.432013894467500     
  0.930762018984824       0.401765713053526       0.510932873213650     
  0.162658645808226        1.72748292959225       0.129105447817325     
  0.505665393680550       0.307983684807025       0.648660265725875     
 -0.495507019184150      -6.217061203187324E-002 -0.208372152370525     
 -0.200269840759775       -1.45710990729325      -0.156844434987925     
 -0.208857169353549      -5.144779397567634E-002 -0.382261858144600     
  0.923370623835500      -0.418880938786677       0.548728450683525     
  3.621925481227528E-002   1.63085526411890       3.245254935209996E-002
  0.548682980720100      -0.313697569425548       0.618460975953050     
 -0.548599270098724       0.355374527345325      -0.290129119038775     
  0.150266060485076      -0.393427357722649       0.113686679546425     
 -0.290192802962550       0.268654988633450      -0.386945366651900     
  0.116010328963800       0.214270897282649       6.923457451007531E-002
 -0.230241608613400        1.05535789372822      -0.171929909645225     
  6.607912656894976E-002  0.166879446352950       7.768117280832487E-002
 -0.631879240662551      -0.281034929820674      -0.224602615104600     
 -0.250125758439450       -1.14771744674698      -0.193414845214000     
 -0.224147116011575      -0.216508770450050      -0.510168728388875     
 -0.554103673082476       0.449210458357925      -9.633948212857513E-002
  0.245519784866776       -1.19918566107687       0.184398501366675     
 -9.706513072172518E-002  0.340007050898250      -0.497361749815900     
  0.197634547639550       4.287361872342466E-002 -7.883134897632510E-002
  2.132729995777516E-002  0.365933000437899       1.645958800067487E-002
 -7.887539106725017E-002  3.310891465559962E-002  0.241062143638100     
  0.429241291489501      -4.386879815882594E-002  0.133379630564725     
 -3.618991991500842E-003  0.189083096513223      -2.946615122075003E-003
  0.133438976970774      -3.408221283365043E-002  0.355110840543275     
  9.073949110830037E-002  1.307182008672525E-002 -5.854389946392480E-002
  2.633342166600272E-003  6.204720860835122E-002  1.644448611274885E-003
 -5.845577591029993E-002  9.689183584100647E-003  0.122990098570600     
  0.101899946636325      -7.763495177648405E-003 -3.255176648905012E-002
 -4.324448932746527E-004  9.730145710109994E-002 -4.996201918250343E-004
 -3.233124386262554E-002 -6.213519766624653E-003  0.120015691632900     
  0.240099247820700      -9.619459736542435E-002 -4.167051172039998E-002
 -0.100806131379799       0.319257279536775      -7.671611433132525E-002
 -4.156051771552538E-002 -7.342846280067539E-002  0.262394829977100     
$end
