$excitation_energies_CCS_____3^a___  threxc=.10000E-02  nstates=    8
    1    0.12678469294643E+00
    2    0.17577286734505E+00
    3    0.23173452922631E+00
    4    0.23901189303785E+00
    5    0.24342805432566E+00
    6    0.26241210581624E+00
    7    0.26398047969510E+00
    8    0.26877816691404E+00
$excitation_energies_CC2_____3^a___  threxc=.10000E-05  nstates=    8
    1    0.12483437937113E+00
    2    0.15990392258717E+00
    3    0.19867417075357E+00
    4    0.20076834019504E+00
    5    0.20442422152468E+00
    6    0.20975288563772E+00
    7    0.21913097162552E+00
    8    0.22768589651277E+00
$t2_norm_of_re0_CC2_____3^a___  threxc=.10000E-05  nstates=    8
    1    0.85875646567422E-01
    2    0.96641527927848E-01
    3    0.12542693502160E+00
    4    0.97521025576279E-01
    5    0.10273276368128E+00
    6    0.11533311738967E+00
    7    0.97436307394841E-01
    8    0.11649592133859E+00
$end
