$hessapprox
  0.368507851467D+00  0.463984247278D-09  0.368507850244D+00 -0.603671202113D-06
 -0.647918976580D-05  0.641496863394D-01 -0.122834102738D+00  0.178544758335D-05
  0.295713003097D-03  0.280943110987D+00 -0.166326223440D-07 -0.122835922464D+00
 -0.323190644450D-05  0.365759696537D-06  0.207612231020D+00  0.201262283086D-04
  0.215971401865D-05 -0.213832198349D-01 -0.105216218461D-03  0.109357970378D-05
  0.712773804069D-02 -0.122836856512D+00 -0.913725970489D-06 -0.152223956080D-03
 -0.790538998544D-01  0.144337400050D+00  0.441155190241D-04  0.225944868250D+00
  0.161260189431D-05 -0.122834410880D+00  0.255132567799D-03 -0.808280666225D-01
 -0.423880616780D-01 -0.850509553131D-04 -0.317548333040D-01  0.262615614897D+00
 -0.976129141012D-05  0.194152701308D-04 -0.213832279393D-01 -0.952561708355D-04
 -0.468489940252D-05  0.712773912614D-02  0.540561907049D-04 -0.907738701514D-04
  0.712774344359D-02 -0.122836892216D+00 -0.872185597109D-06 -0.142885375814D-03
 -0.790551083940D-01 -0.144337749177D+00  0.409744711285D-04 -0.240541118832D-01
  0.112581287325D+00  0.509612715407D-04  0.225946112494D+00 -0.159643325621D-05
 -0.122837516900D+00 -0.245421471589D-03  0.808259154153D-01 -0.423882468773D-01
  0.817976615906D-04 -0.112581653020D+00 -0.973931423394D-01  0.760434994231D-04
  0.317573340377D-01  0.262618906117D+00 -0.976126569639D-05 -0.150957943837D-04
 -0.213832385652D-01 -0.952406138001D-04  0.682322614323D-05  0.712774266811D-02
  0.540522463513D-04 -0.793077423344D-04  0.712774536956D-02  0.509496331452D-04
  0.875803105749D-04  0.712775052752D-02
$end
