$coord
   -1.28760410962314      2.23019573790178     -3.28016151518095  p
   -1.70764582135922      2.95772932392688      0.66461137318390  p
   -0.00000000000000      0.00000000000000      3.04508871452319  p
   -2.96622771163662      5.13765710337339      1.60052057048933  h
   -1.28760410962314     -2.23019573790178     -3.28016151518095  p
    2.57520821924630      0.00000000000000     -3.28016151518095  p
   -1.70764582135922     -2.95772932392688      0.66461137318390  p
    3.41529164271846      0.00000000000000      0.66461137318390  p
   -2.96622771163662     -5.13765710337339      1.60052057048933  h
    5.93245542327324      0.00000000000000      1.60052057048933  h
$user-defined bonds
$redundant
     number_of_atoms            10
     degrees_of_freedom          6
     internal_coordinates        8
     frozen_coordinates          0
# definitions of redundant internals
   1 k  1.7320508075689 stre   2    4           val=   2.68552
   2 k -1.2247448713916 bend   1    4    2      val=   1.15487
        1.2247448713916 bend   3    4    2
   3 k  1.7320508075689 stre   1    2           val=   4.03323
   4 k  1.7320508075689 stre   1    5           val=   4.46039
   5 k  2.4494897427832 bend   5    2    1      val= 100.39217
   6 k  1.7320508075689 stre   2    3           val=   4.16304
   7 k  1.7320508075689 bend   3    1    2      val= 112.85453
   8 k  1.7320508075689 bend   7    2    3      val=  90.54694
         6 non zero eigenvalues  of BmBt
           1           2.000063411    1    0
         1
           2           0.881209708    2    0
         2
           3           3.271579328    0    0
         0.000000000         0.000000000         0.295118154        -0.920125644
         0.142870034        -0.130352568        -0.159304506         0.059097462
           4           1.319756853    0    0
         0.000000000         0.000000000        -0.853293130        -0.175901432
         0.032879039        -0.460783815        -0.113226033         0.121353330
           5           1.090360781    0    0
         0.000000000         0.000000000         0.425038131         0.275156730
        -0.106923008        -0.781037529        -0.139833558         0.320352596
           6           0.305833821    0    0
         0.000000000         0.000000000         0.030129298        -0.147955017
        -0.344724568        -0.332474207         0.670828014        -0.545726293
$end
