$grad          cartesian gradients
  cycle =      1    SCF energy =    -2390.7810334630   |dE/dxyz| =  0.000323
   -1.28760081119714      2.23019002486035     -3.28002442737126      p
   -1.70763272740643      2.95770664453536      0.66480845133278      p
    0.00000000000000      0.00000000000000      3.04507416399577      p
   -2.96599757667954      5.13725849793513      1.60019125470657      h
   -1.28760081119714     -2.23019002486035     -3.28002442737126      p
    2.57520162239428      0.00000000000000     -3.28002442737126      p
   -1.70763272740643     -2.95770664453536      0.66480845133278      p
    3.41526545481287      0.00000000000000      0.66480845133278      p
   -2.96599757667954     -5.13725849793513      1.60019125470657      h
    5.93199515335908      0.00000000000000      1.60019125470657      h
  -.21543017207174D-06  0.37313601630728D-06  -.13988388249212D-05
  -.52404677897281D-04  0.90767564684550D-04  0.87916155908493D-04
  0.00000000000000D+00  0.00000000000000D+00  -.47552005591756D-04
  0.57940174080580D-04  -.10035532530706D-03  -.44265829481411D-04
  -.21543017207174D-06  -.37313601630728D-06  -.13988388249212D-05
  0.43086033200505D-06  0.00000000000000D+00  -.13988388249212D-05
  -.52404677897281D-04  -.90767564684254D-04  0.87916155908493D-04
  0.10480935577976D-03  0.00000000000000D+00  0.87916155908493D-04
  0.57940174080599D-04  0.10035532530706D-03  -.44265829481411D-04
  -.11588034816142D-03  0.00000000000000D+00  -.44265829481411D-04
  cycle =      2    SCF energy =    -2390.7810335350   |dE/dxyz| =  0.000059
   -1.28760135743126      2.23019097096560     -3.28024239668962      p
   -1.70763876278251      2.95771709811338      0.66454846828429      p
    0.00000000000000      0.00000000000000      3.04494534307701      p
   -2.96620131885538      5.13761138973533      1.60071214737967      h
   -1.28760135743126     -2.23019097096560     -3.28024239668962      p
    2.57520271486253      0.00000000000000     -3.28024239668962      p
   -1.70763876278251     -2.95771709811338      0.66454846828429      p
    3.41527752556503      0.00000000000000      0.66454846828429      p
   -2.96620131885538     -5.13761138973533      1.60071214737967      h
    5.93240263771076      0.00000000000000      1.60071214737967      h
  0.35384799126348D-05  -.61288269760003D-05  0.46390971816616D-05
  0.95496350365210D-05  -.16540453067056D-04  0.12935437630072D-04
  0.00000000000000D+00  0.00000000000000D+00  -.21632944715466D-04
  -.60355689178726D-05  0.10453912018297D-04  0.16022588291281D-04
  0.35384799126348D-05  0.61288269760003D-05  0.46390971816616D-05
  -.70769598400725D-05  0.00000000000000D+00  0.46390971816616D-05
  0.95496350371131D-05  0.16540453067056D-04  0.12935437630072D-04
  -.19099270087845D-04  0.00000000000000D+00  0.12935437630072D-04
  -.60355689178726D-05  -.10453912018371D-04  0.16022588291281D-04
  0.12071137835597D-04  0.00000000000000D+00  0.16022588291281D-04
$end
