$grad          cartesian gradients
  cycle =      1    UFF energy =      0.5376390755   |dE/dxyz| =  0.230060
   -1.28760081119714      2.23019002486035     -3.28002442737126      p       
   -1.70763272740643      2.95770664453536      0.66480845133278      p       
    0.00000000000000      0.00000000000000      3.04507416399577      p       
   -2.96599757667954      5.13725849793513      1.60019125470657      h       
   -1.28760081119714     -2.23019002486035     -3.28002442737126      p       
    2.57520162239428      0.00000000000000     -3.28002442737126      p       
   -1.70763272740643     -2.95770664453536      0.66480845133278      p       
    3.41526545481287      0.00000000000000      0.66480845133278      p       
   -2.96599757667954     -5.13725849793513      1.60019125470657      h       
    5.93199515335908      0.00000000000000      1.60019125470657      h       
  -.58963218346169D-01  0.10212728995334D+00  0.29709779161609D-01
  0.30505184744720D-03  -.52836529872217D-03  -.42327964946376D-01
  -.22499283998797D-15  -.55801727802674D-18  0.52670521707089D-01
  0.52930747672499D-02  -.91678744251372D-02  -.49386547842625D-02
  -.58963218346169D-01  -.10212728995334D+00  0.29709779161609D-01
  0.11792643669234D+00  0.86227954030488D-18  0.29709779161609D-01
  0.30505184744720D-03  0.52836529872218D-03  -.42327964946376D-01
  -.61010369489405D-03  -.33881317890172D-18  -.42327964946376D-01
  0.52930747672499D-02  0.91678744251372D-02  -.49386547842625D-02
  -.10586149534500D-01  -.16940658945086D-18  -.49386547842626D-02
$end
