    10
 Energy =       0.5376390755
p    -0.6813688    1.1801654   -1.7357137  0.00   -0.1114244    0.1929927    0.0561434
p    -0.9036401    1.5651505    0.3518014  0.00    0.0005765   -0.0009985   -0.0799883
p     0.0000000    0.0000000    1.6113834  0.00   -0.0000000   -0.0000000    0.0995329
h    -1.5695379    2.7185193    0.8467845  0.00    0.0100025   -0.0173248   -0.0093327
p    -0.6813688   -1.1801654   -1.7357137  0.00   -0.1114244   -0.1929927    0.0561434
p     1.3627376    0.0000000   -1.7357137  0.00    0.2228487    0.0000000    0.0561434
p    -0.9036401   -1.5651505    0.3518014  0.00    0.0005765    0.0009985   -0.0799883
p     1.8072801    0.0000000    0.3518014  0.00   -0.0011529   -0.0000000   -0.0799883
h    -1.5695379   -2.7185193    0.8467845  0.00    0.0100025    0.0173248   -0.0093327
h     3.1390758    0.0000000    0.8467845  0.00   -0.0200049   -0.0000000   -0.0093327
