$ufftopology
nxtnei12
    1     3
          2     5     6
    2     3
          1     3     4
    3     3
          2     7     8
    4     1
          2
    5     3
          1     6     7
    6     3
          1     5     8
    7     3
          3     5     9
    8     3
          3     6    10
    9     1
          7
   10     1
          8
nxtnei13
    1     6
          3     4     6     7     5     8
    2     4
          5     6     7     8
    3     6
          1     4     5     9     6    10
    4     2
          1     3
    5     6
          2     6     1     8     3     9
    6     6
          2     5     1     7     3    10
    7     4
          2     8     1     6
    8     4
          2     7     1     5
    9     2
          3     5
   10     2
          3     6
nxtnei14
    1     5
          7     8     3     9    10
    2     6
          6     7     5     8     9    10
    3     3
          5     6     1
    4     4
          5     6     7     8
    5     5
          3     4     8     2    10
    6     5
          3     4     7     2     9
    7     6
          1     4     6    10     2     8
    8     6
          1     4     5     9     2     7
    9     4
          2     8     1     6
   10     4
          2     7     1     5
connectivity (= bond)
                    12
     1     2   4.033288   1.000000
     1     5   4.460380   1.000000
     1     6   4.460380   1.000000
     2     3   4.162896   1.000000
     2     4   2.684934   1.000000
     3     7   4.162896   1.000000
     3     8   4.162896   1.000000
     5     6   4.460380   1.000000
     5     7   4.033288   1.000000
     6     8   4.033288   1.000000
     7     9   2.684934   1.000000
     8    10   2.684934   1.000000
angle
                    21
     1     2     3     9     112.85       1.00       4.00
     1     2     4     9     122.41       1.00       5.00
     1     5     6     9      60.00       2.00       8.00
     1     5     7     9     100.39       2.00       9.00
     1     6     5     9      60.00       3.00       8.00
     1     6     8     9     100.39       3.00      10.00
     2     1     5     9     100.39       1.00       2.00
     2     1     6     9     100.39       1.00       3.00
     2     3     7     9      90.55       4.00       6.00
     2     3     8     9      90.55       4.00       7.00
     3     2     4     9     124.74       4.00       5.00
     3     7     5     9     112.85       6.00       9.00
     3     7     9     9     124.74       6.00      11.00
     3     8     6     9     112.85       7.00      10.00
     3     8    10     9     124.74       7.00      12.00
     5     1     6     9      60.00       2.00       3.00
     5     6     8     9     100.39       8.00      10.00
     5     7     9     9     122.41       9.00      11.00
     6     5     7     9     100.39       8.00       9.00
     6     8    10     9     122.41      10.00      12.00
     7     3     8     9      90.55       6.00       7.00
torsion
                    33
     5     1     2     3     1     1  30.55319387 100.39178033 112.85280038
     5     1     2     4     1     1 210.55319387 100.39178033 122.41011593
     6     1     2     3     1     1 329.44680613 100.39178033 112.85280038
     6     1     2     4     1     1 149.44680613 100.39178033 122.41011593
     2     1     5     6     2     1 263.92224641 100.39178033  60.00000000
     2     1     5     7     2     1   0.00000000 100.39178033 100.39178033
     6     1     5     7     2     1  96.07775359  60.00000000 100.39178033
     2     1     6     5     3     1  96.07775359 100.39178033  60.00000000
     2     1     6     8     3     1   0.00000000 100.39178033 100.39178033
     5     1     6     8     3     1 263.92224641  60.00000000 100.39178033
     1     2     3     7     4     1 314.72232858 112.85280038  90.55001173
     1     2     3     8     4     1  45.27767142 112.85280038  90.55001173
     4     2     3     7     4     1 134.72232858 124.73708370  90.55001173
     4     2     3     8     4     1 225.27767142 124.73708370  90.55001173
     2     3     7     5     6     1  45.27767142  90.55001173 112.85280038
     2     3     7     9     6     1 225.27767142  90.55001173 124.73708370
     8     3     7     5     6     1 314.72232858  90.55001173 112.85280038
     8     3     7     9     6     1 134.72232858  90.55001173 124.73708370
     2     3     8     6     7     1 314.72232858  90.55001173 112.85280038
     2     3     8    10     7     1 134.72232858  90.55001173 124.73708370
     7     3     8     6     7     1  45.27767142  90.55001173 112.85280038
     7     3     8    10     7     1 225.27767142  90.55001173 124.73708370
     1     5     6     8     8     1  96.07775359  60.00000000 100.39178033
     7     5     6     1     8     1 263.92224641 100.39178033  60.00000000
     7     5     6     8     8     1   0.00000000 100.39178033 100.39178033
     1     5     7     3     9     1 329.44680613 100.39178033 112.85280038
     1     5     7     9     9     1 149.44680613 100.39178033 122.41011593
     6     5     7     3     9     1  30.55319387 100.39178033 112.85280038
     6     5     7     9     9     1 210.55319387 100.39178033 122.41011593
     1     6     8     3    10     1  30.55319387 100.39178033 112.85280038
     1     6     8    10    10     1 210.55319387 100.39178033 122.41011593
     5     6     8     3    10     1 329.44680613 100.39178033 112.85280038
     5     6     8    10    10     1 149.44680613 100.39178033 122.41011593
inversion
                     7
     1     2     5     6     2     2     2  -59.447  -59.447  -77.978
     2     1     3     4     2     2     2   -0.000   -0.000   -0.000
     3     2     7     8     2     2     2   89.218   89.218   89.218
     5     1     6     7     2     2     2   77.978   59.447   59.447
     6     1     5     8     2     2     2  -77.978  -59.447  -59.447
     7     3     5     9     2     2     2   -0.000   -0.000   -0.000
     8     3     6    10     2     2     2    0.000    0.000    0.000
nonbond
                    15
    1     9    8.995
    1    10    8.995
    2     9    8.245
    2    10    8.245
    4     5    8.995
    4     6    8.995
    4     7    8.245
    4     8    8.245
    4     9   10.275
    4    10   10.275
    5    10    8.995
    6     9    8.995
    7    10    8.245
    8     9    8.245
    9    10   10.275
qpartial
                    10
        -0.00878   -0.08549   -0.03615    0.10632   -0.00878   -0.00878
        -0.08549   -0.08549    0.10632    0.10632
$end
