$dipgrad
  0.355956212365225       0.133686105576499       5.345573238515033E-002
  0.193197869386950       0.868758754066474       0.243967855830075     
  6.740872717869939E-002  0.206033273103100       0.406150118420224     
 -0.769759530287499       0.263297592416050      -0.313285948631099     
 -0.480250343491675      -0.720664950426350      -0.422744463618300     
 -0.473597941035848       4.753046279362461E-002 -0.476887568800051     
   1.48233864365010       0.121260910488700       0.800285274805774     
  0.164480462294150        1.07289548656980       0.283209588715475     
  0.801250010283350       0.252676327994125       0.827821939508926     
  -1.16918263347600       1.717528972890014E-002 -0.602620793855826     
  0.286834055641827      -0.540819965234101       0.110310108447326     
 -0.542677953776249      -6.215669587545047E-002 -0.574020998701600     
   1.23914100596125      -8.104325606595020E-002  0.632300911173900     
 -0.648137409299625        1.40652448094670      -0.149349080868150     
  0.506880516497876       0.211434068980351       0.582317945929300     
 -0.230593453758001       1.532221815125023E-002 -4.193557649044943E-002
  0.255395453649201      -0.855724910269076       8.625422192950483E-003
  9.936400969650094E-003 -0.142646687062326      -0.184533015739125     
  0.707872880327349      -0.458239199854801       0.328480815719000     
 -5.774782695340042E-002  0.285434361298800       2.054179621127528E-002
  0.413693905874475      -0.230955620207850       0.242901566724075     
  -1.11110343450405      -0.213756190439075      -0.547321559855051     
 -0.144327467437200      -0.697301969929200      -0.173333911209850     
 -0.529050470974826      -0.216918531895225      -0.709430532302525     
 -0.837695748153351       0.362918614314951      -0.174648802461951     
  0.655652063160526      -0.891924185743576       0.316482785151200     
 -0.109189778244450       0.129601757594600      -0.477331818706550     
  0.228633716122326       2.687153863220049E-002 -2.334493410757532E-002
 -1.603512838442400E-002  0.321375359899450      -1.703320177004475E-004
 -3.384472803872551E-002  2.803944065080000E-002  0.259419435145375     
  0.369889704248576      -4.615467884435009E-002  2.942081502367522E-002
 -1.930635362269895E-002  0.162935708313224      -4.392884999305013E-002
  3.651912903505083E-002 -6.192533511510057E-002  0.316616641695474     
  0.100055273057076       8.969505077074391E-003 -4.053964676869914E-002
  1.574143212877521E-002  5.067682493975045E-002 -1.566710371860069E-002
 -3.858418803532437E-002 -1.988759040885024E-002  0.137794307333076     
  0.108242546286601       9.466039098493528E-004 -2.446842132002525E-002
 -4.128531978724315E-003  9.453299923692482E-002 -1.403411406299959E-002
 -2.535956567812470E-002 -1.075946184287524E-002  0.127990898197375     
  0.256129105494549      -0.107127444945549      -4.781550723379935E-002
 -0.102329122147473       0.322152053243200      -5.886719846132538E-002
 -4.648095660202411E-002 -6.190389624789905E-002  0.250799205579124     
 -0.811585273348774       0.427185448512125      -0.305879371590250     
 -0.370355953946273      -0.641985282352950      -0.334869380145050     
 -0.477653445482524       0.169003717538201      -0.456824584779850     
   1.45613068492707      -0.313335550199575       0.691900873887901     
 -6.553028727154908E-002   1.10439319092222       0.142364584347675     
  0.739660352688551      -1.666407163427475E-002  0.731977188947900     
  -1.04822213427838       0.286942599296225      -0.464369345796475     
  0.434686683042276      -0.797119767469651       0.151876426639049     
 -0.432316578408349       5.529656938362493E-002 -0.487066326477374     
   1.01050226008113      -5.800505948927448E-002  0.501965861684250     
 -0.534331030875399        1.64047139498990      -2.660679721002590E-002
  0.397499594129449       0.278179562354101       0.516734115104774     
 -0.202828092559175      -0.138728794677274      -5.273567163725068E-002
  7.597128871992709E-002 -0.903944287491075      -0.112999599555226     
 -5.973747969951759E-003 -0.248247947027250      -0.225663389159075     
  0.572536711463827      -0.636548798947000       0.207061890229174     
 -0.177037174702275       0.512635985148649      -6.066530859825114E-003
  0.305825903235175      -0.297050075696299       0.158617765238476     
  -1.06809725746588       0.132835310613900      -0.438391436356650     
  9.546599279529833E-002 -0.605222984725350       2.748035420849781E-003
 -0.442586405137300       2.588039570000089E-002 -0.614905074643000     
 -0.572368430178474       0.274738037917650      -3.285908500714974E-002
  0.488667801731724       -1.25752851815305       0.129503417714999     
  1.355742059220066E-002 -6.866180271174471E-003 -0.417632318703625     
  0.260403486802250       0.139914323879675       3.515386322419989E-002
  9.984886155534944E-002  0.415392952944276       9.899162572422515E-002
  2.566884625079924E-002  0.125399352712475       0.296862614233075     
  0.325684457854452      -8.847629119870026E-002 -4.169244592174826E-003
 -6.563901934555139E-002  0.196182243230100      -6.490418268439990E-002
  1.925045277724191E-003 -8.049267815607553E-002  0.284732596709600     
  9.474475256097570E-002  1.115501418249565E-003 -4.626343424122492E-002
  1.244485079722635E-002  4.761361680892473E-002 -1.843619577699962E-002
 -4.335314173715021E-002 -2.563559850287445E-002  0.134100994561099     
  0.103155956078049      -4.330180499245717E-004 -2.693066518219989E-002
 -7.249867310574754E-003  9.198363976310020E-002 -1.627051315352568E-002
 -2.839054485292314E-002 -1.157701974107472E-002  0.124114469299175     
  0.207570713147052      -7.545907325422485E-002 -7.203934071269957E-002
 -7.011237108372592E-002  0.371300177196200      -2.802963011192539E-002
 -7.077141286657485E-002 -3.101851303242475E-002  0.242377277868100     
$end
