$grad          cartesian gradients
  cycle =      1 MP2 energy =     -935.0381616151 |dE/dxyz| =  0.000071
    7.69103024205052     -3.60705513414580     -3.72982612331956      ag
    8.01684051173450      3.96949078497787     -1.85726971256577      n
    7.40447478018648      1.59651914669356     -2.76854820909910      c
    9.05230282401280     -0.33418156262551     -2.14575433046687      n
   11.11057897065806      0.07880987714573     -0.74686859949213      c
   11.70441185931055      2.53910030695412      0.17123719316144      c
   10.09418295471407      4.43501793677521     -0.43493110591681      c
    5.51078599019237      1.24696737685566     -4.04921256889734      o
   12.61526720237053     -1.87282902109512     -0.21959187863829      n
   12.19815221534894     -3.62150828353520     -0.86848182423912      h
   14.18626326692452     -1.63516943300181      0.83077984443249      h
   13.36623515248810      2.88867568839366      1.30409484771683      h
   10.37332515239832      6.37068211347823      0.16822455171721      h
    6.80078407378259      5.37575373036052     -2.32058172231329      h
    5.75206941733290    -10.76444365567407     -6.53134080331114      n
    6.95969713001451     -8.77182351765686     -5.32486299054083      c
    5.79899801477707     -6.44124940270163     -5.55625944024099      n
    3.65744152818239     -6.12429569262538     -6.85368795618340      c
    2.45749506868508     -8.20358749382287     -8.07466514147841      c
    3.58111006888588    -10.49532367008795     -7.85849104275218      c
    8.91259994933607     -9.06570072482755     -4.14248009053054      o
    2.65661406618488     -3.81301105603482     -6.98672046638286      n
    3.49113418670639     -2.31435752255504     -6.12454356325471      h
    1.04151781581503     -3.52520313215295     -7.95449652933882      h
    0.72547665898455     -7.97428197010258     -9.13024359596012      h
    2.81949959214106    -12.19081969983234     -8.71556411697729      h
    6.60239215429447    -12.47248367356153     -6.36181786634929      h
  -.17770325877464D-05  0.18044537106743D-04  0.21884354333146D-05
  -.10063464078502D-04  -.10387889973984D-04  -.75388230416085D-05
  0.60911297148358D-05  0.10223446696322D-04  0.78733381609908D-05
  -.52494735989228D-05  -.38609038880644D-04  -.21500581347977D-04
  -.48993572052680D-05  0.18732431159130D-04  0.98053634127737D-05
  -.73441026415821D-06  -.78041783511118D-05  -.53417522138943D-05
  0.91692023826973D-05  0.91658794953986D-05  0.44186295271587D-05
  -.71356449069526D-05  -.43171684440679D-05  -.17613876277522D-05
  0.29866655513189D-05  -.80679426011088D-05  -.13133801344267D-05
  -.55026636416877D-06  -.37168488198347D-06  0.19482039539387D-05
  0.94667440109220D-06  0.31475328836628D-05  -.30233721801665D-05
  0.97924473418942D-06  -.88270711517957D-06  -.72109175519586D-07
  -.41662294463229D-05  0.70301102095272D-06  -.14278992868100D-05
  0.23127470134554D-05  0.24626200785249D-05  0.53099141967827D-05
  0.62659385649732D-05  -.60715581895465D-07  0.26486359274713D-05
  0.69034584795347D-05  0.57837551112883D-05  0.48981326683517D-06
  0.19989449560498D-04  0.83519394376008D-05  0.12023273788131D-04
  -.44287515343910D-05  0.27233468493648D-05  0.41279902696090D-05
  0.38079719910655D-05  0.19759895839577D-05  0.12516713638888D-05
  -.10694539453127D-04  -.53470027854274D-05  -.23165907307998D-05
  -.84217414091370D-05  -.54804752966930D-05  0.10597974586801D-06
  -.55637879334824D-05  -.16995755895977D-05  -.62640800413405D-05
  -.34018475325581D-06  -.88744007609165D-06  0.28830985088213D-05
  0.30051263149034D-05  0.32343557618830D-05  -.21061248327570D-05
  0.67206009646270D-06  0.29545988991520D-05  -.57030593669793D-06
  0.59029390380161D-05  -.16646397194009D-05  0.44278763322581D-07
  -.50078334905557D-05  -.19226075167467D-05  -.18822119560724D-05
$end
