$coord  natoms=    16
   -1.45153448261721      1.41832253650603      1.46627435059260      c
   -1.41222816801620     -1.47277028599841      1.45040064661911      c
    1.47867568182189     -1.43327499873105      1.42299960999821      c
    1.43936936722087      1.45762885110704      1.43887331397170      c
    1.41177935793362      1.47312460974782     -1.45221950853274      c
    1.45108567253464     -1.41777924009026     -1.46809321250623      c
   -1.43981817730345     -1.45727452735763     -1.44069217588533      c
   -1.47912449190446      1.43381829514681     -1.42481847191184      c
   -2.64414097995858      2.58352799722649      2.67569941523920      h
   -2.57270931207789     -2.68314021397677      2.64659762462114      h
    2.69395889912537     -2.61151957342973      2.59670884070447      h
    2.62252723124468      2.65533761043988      2.62581063132253      h
    2.57585098265598      2.68368351039253     -2.64482600587410      h
    2.64728265053667     -2.58317367347708     -2.67392779649216      h
   -2.62297604132726     -2.65838479468479     -2.62385003990914      h
   -2.69799818986862      2.61187389717914     -2.59493722195743      h
$redundant
     number_of_atoms            16
     degrees_of_freedom         42
     internal_coordinates       72
     frozen_coordinates          0
# definitions of redundant internals
   1 k  1.0000000000000 stre    1    9           val=   2.05979
   2 k -0.8159192573256 bend    8    9    1      val=   0.03737
        0.4216536077915 bend    4    9    1
        0.3955805866845 bend    2    9    1
   3 k -0.0150337768618 bend    8    9    1      val=   0.00157
       -0.6994405006982 bend    4    9    1
        0.7145326945188 bend    2    9    1
   4 k  1.0000000000000 stre    2   10           val=   2.05976
   5 k -0.8154728257716 bend    7   10    2      val=   0.03290
        0.4359521090702 bend    3   10    2
        0.3807227718765 bend    1   10    2
   6 k -0.0318439663213 bend    7   10    2      val=   0.00358
       -0.6905813649615 bend    3   10    2
        0.7225533476338 bend    1   10    2
   7 k  1.0000000000000 stre    3   11           val=   2.05980
   8 k  0.4368529426498 bend    4   11    3      val=   0.03180
       -0.8154344590602 bend    6   11    3
        0.3797711804171 bend    2   11    3
   9 k -0.6900084286919 bend    4   11    3      val=   0.00376
       -0.0329120830785 bend    6   11    3
        0.7230526696732 bend    2   11    3
  10 k  1.0000000000000 stre    4   12           val=   2.05990
  11 k  0.4089163781914 bend    3   12    4      val=   0.03132
       -0.8160849903626 bend    5   12    4
        0.4084026005692 bend    1   12    4
  12 k  0.7069622569615 bend    3   12    4      val=   0.00075
        0.0003004728431 bend    5   12    4
       -0.7072512120513 bend    1   12    4
  13 k  1.0000000000000 stre    5   13           val=   2.05981
  14 k  0.4318660720880 bend    6   13    5      val=   0.03522
        0.3850333996222 bend    4   13    5
       -0.8156230605829 bend    8   13    5
  15 k -0.6931572408482 bend    6   13    5      val=   0.00633
        0.7202806587508 bend    4   13    5
       -0.0269965199461 bend    8   13    5
  16 k  1.0000000000000 stre    6   14           val=   2.05987
  17 k  0.4191581763183 bend    5   14    6      val=   0.03178
        0.3980285470605 bend    3   14    6
       -0.8160145212865 bend    7   14    6
  18 k -0.7009122671862 bend    5   14    6      val=   0.00237
        0.7131434382756 bend    3   14    6
       -0.0121831913906 bend    7   14    6
  19 k  1.0000000000000 stre    7   15           val=   2.05971
  20 k  0.3890619897495 bend    2   15    7      val=   0.02975
        0.4278771283657 bend    6   15    7
       -0.8158136620293 bend    8   15    7
  21 k  0.7180772609802 bend    2   15    7      val=   0.00241
       -0.6956035312123 bend    6   15    7
       -0.0223779942836 bend    8   15    7
  22 k  1.0000000000000 stre    8   16           val=   2.05977
  23 k  0.4171958823159 bend    1   16    8      val=   0.03156
       -0.8160349891491 bend    5   16    8
        0.4000431130054 bend    7   16    8
  24 k -0.7020923844041 bend    1   16    8      val=   0.00338
       -0.0098923375794 bend    5   16    8
        0.7120171524753 bend    7   16    8
  25 k  1.0000000000000 stre    1    8           val=   2.89127
  26 k  1.0000000000000 stre    1    4           val=   2.89130
  27 k  1.0000000000000 stre    1    2           val=   2.89140
  28 k  1.0000000000000 stre    2    7           val=   2.89127
  29 k  1.0000000000000 stre    2    3           val=   2.89130
  30 k  1.0000000000000 stre    3    4           val=   2.89121
  31 k  1.0000000000000 stre    3    6           val=   2.89127
  32 k  1.0000000000000 stre    4    5           val=   2.89127
  33 k  1.0000000000000 stre    5    6           val=   2.89121
  34 k  1.0000000000000 stre    5    8           val=   2.89130
  35 k  1.0000000000000 stre    6    7           val=   2.89130
  36 k  1.0000000000000 stre    7    8           val=   2.89140
  37 k  0.5773754637795 bend    4    8    1      val=  89.99885
        0.5773604608250 bend    2    8    1
        0.5773148812401 bend    2    4    1
  38 k -0.8151825823232 bend    4    8    1      val=   0.00254
        0.3678076577444 bend    2    8    1
        0.4474314298095 bend    2    4    1
  39 k  0.0459883822525 bend    4    8    1      val=   0.00190
       -0.7289529649988 bend    2    8    1
        0.6830173083585 bend    2    4    1
  40 k  0.5773651333113 bend    3    7    2      val=  89.99959
        0.5773524270283 bend    1    7    2
        0.5773332467830 bend    1    3    2
  41 k -0.8137937164629 bend    3    7    2      val=   0.00172
        0.4642947858988 bend    1    7    2
        0.3495284521075 bend    1    3    2
  42 k -0.0662517160677 bend    3    7    2      val=   0.00117
       -0.6716357098843 bend    1    7    2
        0.7379133982564 bend    1    3    2
  43 k  0.5773537677378 bend    6    4    3      val=  90.00044
        0.5773555112421 bend    2    4    3
        0.5773415284884 bend    2    6    3
  44 k -0.7901402219843 bend    6    4    3      val=   0.00047
        0.5732784179045 bend    2    4    3
        0.2168646701690 bend    2    6    3
  45 k -0.2057694255266 bend    6    4    3      val=   0.00101
       -0.5813883978919 bend    2    4    3
        0.7871762663566 bend    2    6    3
  46 k  0.5773422124968 bend    5    3    4      val=  90.00112
        0.5773763239502 bend    1    3    4
        0.5773322701971 bend    1    5    4
  47 k  0.8157470150031 bend    5    3    4      val=   0.00012
       -0.4382861126943 bend    1    3    4
       -0.3774415066375 bend    1    5    4
  48 k -0.0351109268291 bend    5    3    4      val=   0.00212
       -0.6888699906085 bend    1    3    4
        0.7240340868055 bend    1    5    4
  49 k  0.5773477527255 bend    4    6    5      val=  90.00086
        0.5773798115188 bend    8    6    5
        0.5773232419306 bend    8    4    5
  50 k  0.8159816948218 bend    4    6    5      val=  -0.00038
       -0.3828582194578 bend    8    6    5
       -0.4331206038846 bend    8    4    5
  51 k  0.0290421441786 bend    4    6    5      val=   0.00262
       -0.7211464047225 bend    8    6    5
        0.6921736897754 bend    8    4    5
  52 k  0.5773567513490 bend    3    5    6      val=  90.00007
        0.5773605468041 bend    7    5    6
        0.5773335090446 bend    7    3    6
  53 k -0.8021813929282 bend    3    5    6      val=   0.00062
        0.5329117267049 bend    7    5    6
        0.2692770030658 bend    7    3    6
  54 k -0.1521978794577 bend    3    5    6      val=   0.00151
       -0.6185950941726 bend    7    5    6
        0.7708280709433 bend    7    3    6
  55 k  0.5773743410420 bend    6    2    7      val=  89.99987
        0.5773470667047 bend    8    2    7
        0.5773293989342 bend    8    6    7
  56 k -0.8122226128312 bend    6    2    7      val=   0.00227
        0.4782541590741 bend    8    2    7
        0.3340170452745 bend    8    6    7
  57 k -0.0832664248775 bend    6    2    7      val=   0.00121
       -0.6617728642788 bend    8    2    7
        0.7450660229753 bend    8    6    7
  58 k  0.5773833034033 bend    5    1    8      val=  89.99920
        0.5773572972786 bend    7    1    8
        0.5773102045090 bend    7    5    8
  59 k -0.8141915849943 bend    5    1    8      val=   0.00305
        0.3543233850666 bend    7    1    8
        0.4599423895657 bend    7    5    8
  60 k  0.0609965890484 bend    5    1    8      val=   0.00185
       -0.7356041667053 bend    7    1    8
        0.6746598595221 bend    7    5    8
  61 k  1.0000000000000 tors    5    8    1    2 val=   0.00000
        1.0000000000000 tors    5    8    1    4
        1.0000000000000 tors    7    8    1    2
        1.0000000000000 tors    7    8    1    4
  62 k  1.0000000000000 tors    3    4    1    2 val=   0.00001
        1.0000000000000 tors    3    4    1    8
        1.0000000000000 tors    5    4    1    2
        1.0000000000000 tors    5    4    1    8
  63 k  1.0000000000000 tors    3    2    1    4 val=  -0.00001
        1.0000000000000 tors    3    2    1    8
        1.0000000000000 tors    7    2    1    4
        1.0000000000000 tors    7    2    1    8
  64 k  1.0000000000000 tors    6    7    2    1 val=  -0.00000
        1.0000000000000 tors    6    7    2    3
        1.0000000000000 tors    8    7    2    1
        1.0000000000000 tors    8    7    2    3
  65 k  1.0000000000000 tors    4    3    2    1 val=  90.00001
        1.0000000000000 tors    4    3    2    7
        1.0000000000000 tors    6    3    2    1
        1.0000000000000 tors    6    3    2    7
  66 k  1.0000000000000 tors    1    4    3    2 val=  89.99999
        1.0000000000000 tors    1    4    3    6
        1.0000000000000 tors    5    4    3    2
        1.0000000000000 tors    5    4    3    6
  67 k  1.0000000000000 tors    5    6    3    2 val=  90.00000
        1.0000000000000 tors    5    6    3    4
        1.0000000000000 tors    7    6    3    2
        1.0000000000000 tors    7    6    3    4
  68 k  1.0000000000000 tors    6    5    4    1 val=  90.00000
        1.0000000000000 tors    6    5    4    3
        1.0000000000000 tors    8    5    4    1
        1.0000000000000 tors    8    5    4    3
  69 k  1.0000000000000 tors    3    6    5    4 val=  -0.00001
        1.0000000000000 tors    3    6    5    8
        1.0000000000000 tors    7    6    5    4
        1.0000000000000 tors    7    6    5    8
  70 k  1.0000000000000 tors    1    8    5    4 val=  90.00001
        1.0000000000000 tors    1    8    5    6
        1.0000000000000 tors    7    8    5    4
        1.0000000000000 tors    7    8    5    6
  71 k  1.0000000000000 tors    2    7    6    3 val=   0.00001
        1.0000000000000 tors    2    7    6    5
        1.0000000000000 tors    8    7    6    3
        1.0000000000000 tors    8    7    6    5
  72 k  1.0000000000000 tors    1    8    7    2 val=  89.99999
        1.0000000000000 tors    1    8    7    6
        1.0000000000000 tors    5    8    7    2
        1.0000000000000 tors    5    8    7    6
        42 non zero eigenvalues  of BmBt
           1           2.253477117    1    0
         1
           2           2.253344394    2    0
         2
           3           2.253171238    3    0
         3
           4           2.200760169    4    0
         4
           5           2.200618326    5    0
         5
           6           2.200308787    6    0
         6
           7           2.000000779    7    0
         7
           8           2.000000069    8    0
         8
           9           1.529976212    9    0
         9
          10           1.528684982   10    0
        10
          11           1.528473592   11    0
        11
          12           1.527508195   12    0
        12
          13           1.525343906   13    0
        13
          14           1.160910924   14    0
        14
          15           1.160626774   15    0
        15
          16           1.160050868   16    0
        16
          17           0.940287764   17    0
        17
          18           0.939551386   18    0
        18
          19           0.939124258   19    0
        19
          20           0.707912665   20    0
        20
          21           0.707248670   21    0
        21
          22           0.707209126   22    0
        22
          23           0.706730530   23    0
        23
          24           0.706311781   24    0
        24
          25           1.000395207   25    0
        25
          26           1.000071748   26    0
        26
          27           1.000004288   27    0
        27
          28           0.999991144   28    0
        28
          29           0.999928751   29    0
        29
          30           0.999610334   30    0
        30
          31           0.573714415   31    0
        31
          32           0.573495397   32    0
        32
          33           0.573319742   33    0
        33
          34           0.540860323   34    0
        34
          35           0.540779254   35    0
        35
          36           0.540703170   36    0
        36
          37           0.956988049    0    0
         0.000000000         0.000000000         0.000000000         0.000000000
         0.000000000         0.000000000         0.000000000         0.000000000
         0.000000000         0.000000000         0.000000000         0.000000000
         0.000000000         0.000000000         0.000000000         0.000000000
         0.000000000         0.000000000         0.000000000         0.000000000
         0.000000000         0.000000000         0.000000000         0.000000000
         0.000000000         0.000000000         0.000000000         0.000000000
         0.000000000         0.000000000         0.000000000         0.000000000
         0.000000000         0.000000000         0.000000000         0.000000000
         0.353614252         0.000146290         0.000198688        -0.353678337
        -0.000023288        -0.000202489         0.353750024         0.000099900
        -0.000110612        -0.353686035         0.000027277         0.000202449
         0.353428269         0.000157115         0.000121029        -0.353492348
         0.000144937        -0.000162453         0.353420608        -0.000126058
        -0.000129646        -0.353356613         0.000051920         0.000104999
         0.000000000         0.000000000         0.000000000         0.000000000
         0.000000000         0.000000000         0.000000000         0.000000000
         0.000000000         0.000000000         0.000000000         0.000000000
          38           0.570723199    0    0
         0.000000000         0.000000000         0.000000000         0.000000000
         0.000000000         0.000000000         0.000000000         0.000000000
         0.000000000         0.000000000         0.000000000         0.000000000
         0.000000000         0.000000000         0.000000000         0.000000000
         0.000000000         0.000000000         0.000000000         0.000000000
         0.000000000         0.000000000         0.000000000         0.000000000
         0.000000000         0.000000000         0.000000000         0.000000000
         0.000000000         0.000000000         0.000000000         0.000000000
         0.000000000         0.000000000         0.000000000         0.000000000
         0.313179186         0.141322595         0.082536162        -0.232995482
        -0.241687926        -0.110332310         0.033602532         0.293667355
        -0.193802291        -0.113793977         0.298801168         0.150632319
        -0.233326586        -0.055880616         0.259928660         0.313504049
         0.040406400        -0.158798776        -0.114073966         0.038531522
        -0.332537420         0.033877719         0.133676753         0.325659084
         0.000000000         0.000000000         0.000000000         0.000000000
         0.000000000         0.000000000         0.000000000         0.000000000
         0.000000000         0.000000000         0.000000000         0.000000000
          39           0.570599813    0    0
         0.000000000         0.000000000         0.000000000         0.000000000
         0.000000000         0.000000000         0.000000000         0.000000000
         0.000000000         0.000000000         0.000000000         0.000000000
         0.000000000         0.000000000         0.000000000         0.000000000
         0.000000000         0.000000000         0.000000000         0.000000000
         0.000000000         0.000000000         0.000000000         0.000000000
         0.000000000         0.000000000         0.000000000         0.000000000
         0.000000000         0.000000000         0.000000000         0.000000000
         0.000000000         0.000000000         0.000000000         0.000000000
         0.042808367         0.101742116        -0.335885808        -0.127931050
        -0.026857351         0.328528264        -0.226465830         0.167176171
         0.213758565         0.311588747         0.152718153        -0.067095354
        -0.127638832        -0.279489400        -0.174858566         0.042522935
        -0.350947224        -0.004955767         0.311853956         0.140137425
        -0.090534191        -0.226724872        -0.242064904         0.122772317
         0.000000000         0.000000000         0.000000000         0.000000000
         0.000000000         0.000000000         0.000000000         0.000000000
         0.000000000         0.000000000         0.000000000         0.000000000
          40           0.570482070    0    0
         0.000000000         0.000000000         0.000000000         0.000000000
         0.000000000         0.000000000         0.000000000         0.000000000
         0.000000000         0.000000000         0.000000000         0.000000000
         0.000000000         0.000000000         0.000000000         0.000000000
         0.000000000         0.000000000         0.000000000         0.000000000
         0.000000000         0.000000000         0.000000000         0.000000000
         0.000000000         0.000000000         0.000000000         0.000000000
         0.000000000         0.000000000         0.000000000         0.000000000
         0.000000000         0.000000000         0.000000000         0.000000000
        -0.158233413         0.307674124         0.073060787        -0.232922475
         0.256575589        -0.069684119         0.269166071         0.103851488
         0.204200460         0.121963528        -0.111265271         0.312694004
        -0.233154446         0.209203221        -0.164113466        -0.157973256
        -0.014709807        -0.315893994         0.121747978        -0.322297256
        -0.079178934         0.269410236        -0.220394133         0.062539715
         0.000000000         0.000000000         0.000000000         0.000000000
         0.000000000         0.000000000         0.000000000         0.000000000
         0.000000000         0.000000000         0.000000000         0.000000000
          41           0.664428791    0    0
         0.000000000         0.000000000         0.000000000         0.000000000
         0.000000000         0.000000000         0.000000000         0.000000000
         0.000000000         0.000000000         0.000000000         0.000000000
         0.000000000         0.000000000         0.000000000         0.000000000
         0.000000000         0.000000000         0.000000000         0.000000000
         0.000000000         0.000000000         0.000000000         0.000000000
         0.000000000         0.000000000         0.000000000         0.000000000
         0.000000000         0.000000000         0.000000000         0.000000000
         0.000000000         0.000000000         0.000000000         0.000000000
         0.000000000         0.000000000         0.000000000         0.000000000
         0.000000000         0.000000000         0.000000000         0.000000000
         0.000000000         0.000000000         0.000000000         0.000000000
         0.000000000         0.000000000         0.000000000         0.000000000
         0.000000000         0.000000000         0.000000000         0.000000000
         0.000000000         0.000000000         0.000000000         0.000000000
         0.381082748        -0.317359665        -0.063735547         0.381082672
        -0.317359722        -0.063714807         0.381077148         0.381077223
        -0.063714807        -0.317359665        -0.317359722        -0.063735547
          42           0.664115801    0    0
         0.000000000         0.000000000         0.000000000         0.000000000
         0.000000000         0.000000000         0.000000000         0.000000000
         0.000000000         0.000000000         0.000000000         0.000000000
         0.000000000         0.000000000         0.000000000         0.000000000
         0.000000000         0.000000000         0.000000000         0.000000000
         0.000000000         0.000000000         0.000000000         0.000000000
         0.000000000         0.000000000         0.000000000         0.000000000
         0.000000000         0.000000000         0.000000000         0.000000000
         0.000000000         0.000000000         0.000000000         0.000000000
         0.000000000         0.000000000         0.000000000         0.000000000
         0.000000000         0.000000000         0.000000000         0.000000000
         0.000000000         0.000000000         0.000000000         0.000000000
         0.000000000         0.000000000         0.000000000         0.000000000
         0.000000000         0.000000000         0.000000000         0.000000000
         0.000000000         0.000000000         0.000000000         0.000000000
        -0.146427736        -0.256807606         0.403236856        -0.146427933
        -0.256807246         0.403253639        -0.146442311        -0.146442115
         0.403253639        -0.256807606        -0.256807246         0.403236856
$user-defined bonds
$end
