$hessian
 1  1   0.3193748201  -0.0003220685   0.0022606041  -0.1300815588   0.0015214813
 1  2  -0.0001461853  -0.0934215832   0.0217342052   0.0017560170  -0.0961143656
 1  3  -0.0243623316  -0.0008755791
 2  1  -0.0003220685   0.3200594316   0.0024819976   0.0018789756  -0.0796782392
 2  2  -0.0016886014   0.0207278885  -0.1185543932  -0.0034013246  -0.0208270147
 2  3  -0.1181516139   0.0009036168
 3  1   0.0022606041   0.0024819976   0.0643140343  -0.0008305045  -0.0000191801
 3  2  -0.0213436999   0.0001702315  -0.0000166557  -0.0214416963  -0.0017525976
 3  3  -0.0031254705  -0.0214813964
 4  1  -0.1300815588   0.0018789756  -0.0008305045   0.1300975964  -0.0004721260
 4  2  -0.0001808304  -0.0000794241   0.0491433191  -0.0025324284   0.0008703106
 4  3  -0.0485371613   0.0004952850
 5  1   0.0015214813  -0.0796782392  -0.0000191801  -0.0004721260   0.0258733364
 5  2  -0.0000814614  -0.0010966059   0.0280057811  -0.0003033083   0.0002418906
 5  3   0.0259675265   0.0000488359
 6  1  -0.0001461853  -0.0016886014  -0.0213436999  -0.0001808304  -0.0000814614
 6  2   0.0071529509  -0.0004368735   0.0005235751   0.0070389506   0.0011170617
 6  3   0.0014085200   0.0070159686
 7  1  -0.0934215832   0.0207278885   0.0001702315  -0.0000794241  -0.0010966059
 7  2  -0.0004368735   0.0513527985  -0.0449041038  -0.0009822651   0.0425117862
 7  3   0.0262274620   0.0005877661
 8  1   0.0217342052  -0.1185543932  -0.0000166557   0.0491433191   0.0280057811
 8  2   0.0005235751  -0.0449041038   0.1040525087   0.0018250656  -0.0266912826
 8  3  -0.0149230288  -0.0008669190
 9  1   0.0017560170  -0.0034013246  -0.0214416963  -0.0025324284  -0.0003033083
 9  2   0.0070389506  -0.0009822651   0.0018250656   0.0074020472   0.0014716886
 9  3   0.0021890585   0.0070662026
10  1  -0.0961143656  -0.0208270147  -0.0017525976   0.0008703106   0.0002418906
10  2   0.0011170617   0.0425117862  -0.0266912826   0.0014716886   0.0518044547
10  3   0.0457374721  -0.0001213900
11  1  -0.0243623316  -0.1181516139  -0.0031254705  -0.0485371613   0.0259675265
11  2   0.0014085200   0.0262274620  -0.0149230288   0.0021890585   0.0457374721
11  3   0.1046826585   0.0001222517
12  1  -0.0008755791   0.0009036168  -0.0214813964   0.0004952850   0.0000488359
12  2   0.0070159686   0.0005877661  -0.0008669190   0.0070662026  -0.0001213900
12  3   0.0001222517   0.0074223093
$hessian (projected)
 1  1   0.3197740945  -0.0003460687  -0.0000772742  -0.1307308920   0.0012513866
 1  2   0.0000202006  -0.0935377075   0.0225065035   0.0000285442  -0.0955054950
 1  3  -0.0234118214   0.0000285294
 2  1  -0.0003460687   0.3140144995   0.0044423874   0.0001372198  -0.0809489834
 2  2  -0.0014807869   0.0206486620  -0.1171475713  -0.0014855268  -0.0204398131
 2  3  -0.1159179448  -0.0014760736
 3  1  -0.0000772742   0.0044423874   0.0642363273   0.0016857094   0.0002978849
 3  2  -0.0214121001   0.0007361621  -0.0011737817  -0.0214121739  -0.0023445972
 3  3  -0.0035664906  -0.0214120533
 4  1  -0.1307308920   0.0001372198   0.0016857094   0.1300021026  -0.0006204952
 4  2  -0.0005596321  -0.0001333893   0.0490754637  -0.0005630358   0.0008621787
 4  3  -0.0485921884  -0.0005630415
 5  1   0.0012513866  -0.0809489834   0.0002978849  -0.0006204952   0.0258058524
 5  2  -0.0000993168  -0.0013348700   0.0283559524  -0.0000980655   0.0007039787
 5  3   0.0267871787  -0.0001005027
 6  1   0.0000202006  -0.0014807869  -0.0214121001  -0.0005596321  -0.0000993168
 6  2   0.0071373638  -0.0002437605   0.0003908673   0.0071373883   0.0007831920
 6  3   0.0011892364   0.0071373481
 7  1  -0.0935377075   0.0206486620   0.0007361621  -0.0001333893  -0.0013348700
 7  2  -0.0002437605   0.0516402473  -0.0450515632  -0.0002465151   0.0420308495
 7  3   0.0257377713  -0.0002458865
 8  1   0.0225065035  -0.1171475713  -0.0011737817   0.0490754637   0.0283559524
 8  2   0.0003908673  -0.0450515632   0.1039563286   0.0003932264  -0.0265304041
 8  3  -0.0151647097   0.0003896880
 9  1   0.0000285442  -0.0014855268  -0.0214121739  -0.0005630358  -0.0000980655
 9  2   0.0071373883  -0.0002465151   0.0003932264   0.0071374130   0.0007810066
 9  3   0.0011903659   0.0071373727
10  1  -0.0955054950  -0.0204398131  -0.0023445972   0.0008621787   0.0007039787
10  2   0.0007831920   0.0420308495  -0.0265304041   0.0007810066   0.0526124668
10  3   0.0462662385   0.0007803987
11  1  -0.0234118214  -0.1159179448  -0.0035664906  -0.0485921884   0.0267871787
11  2   0.0011892364   0.0257377713  -0.0151647097   0.0011903659   0.0462662385
11  3   0.1042954758   0.0011868883
12  1   0.0000285294  -0.0014760736  -0.0214120533  -0.0005630415  -0.0001005027
12  2   0.0071373481  -0.0002458865   0.0003896880   0.0071373727   0.0007803987
12  3   0.0011868883   0.0071373326
$end
