$coord
   -1.66105114279916     -1.98472509028697     -1.52782110299187  cu
    6.08226401165678     -1.48780300199971      2.37137487780061  s
    4.86919574328438     -0.12808469290236      5.30088082366379  c
    3.48548376125213     -1.38036134133995      6.18939688190625  h
    3.91740957961443      1.67302202125164      4.95137272808578  h
    6.40265926235891      0.20437568288055      6.65550010273064  h
   -5.44294404469132     -1.86716841655658     -3.42228350306423  s
   -5.07278538712114      1.19581879670138     -4.96614635729016  c
   -6.76293873729587      1.68309138788623     -6.06295967789422  h
   -3.45134410086864      1.19567764132644     -6.24803012970299  h
   -4.74886575318090      2.69642897047697     -3.58221721218538  h
    2.38291680779037     -1.80027195743764      0.34093256894172  cu
$user-defined bonds
$redundant
     number_of_atoms            12
     degrees_of_freedom         30
     internal_coordinates       30
     frozen_coordinates          0
# definitions of redundant internals
   1 k  1.0000000000000 stre   7    1           val=   4.23149
   2 k  1.0000000000000 stre   1   12           val=   4.45869
   3 k  1.0000000000000 stre  12    2           val=   4.23149
   4 k  0.7071067811865 linc  12    7    1    8 val=   3.38019
        0.7071067811865 linc   2    7   12    8
   5 k  0.7071067811865 linc  12    7    1    8 val=   0.97112
       -0.7071067811865 linc   2    7   12    8
   6 k  0.7071067811865 linp  12    7    1    8 val=  -2.20385
        0.7071067811865 linp   2    7   12    8
   7 k  0.7071067811865 linp  12    7    1    8 val=   2.03188
       -0.7071067811865 linp   2    7   12    8
   8 k  0.5773502691896 tors   4    3    2   12 val=  59.84538
        0.5773502691896 tors   5    3    2   12
        0.5773502691896 tors   6    3    2   12
   9 k  1.0000000000000 stre   3    4           val=   2.06696
  10 k  1.0000000000000 stre   3    5           val=   2.06689
  11 k  1.0000000000000 stre   3    6           val=   2.07293
  12 k  0.4470858278058 bend   5    4    3      val=   2.44214
        0.4112293927320 bend   6    4    3
        0.4112567150068 bend   6    5    3
       -0.3917662205951 bend   2    4    3
       -0.3917618279262 bend   2    5    3
       -0.3935917454303 bend   2    6    3
  13 k -0.7151980595249 bend   5    4    3      val=   2.48413
        0.3930841539296 bend   6    4    3
        0.3763490160070 bend   6    5    3
       -0.1781219208432 bend   2    4    3
       -0.1866692832069 bend   2    5    3
        0.3546338418058 bend   2    6    3
  14 k -0.0095674269195 bend   5    4    3      val=   0.03376
       -0.6275043653485 bend   6    4    3
        0.6377364861580 bend   6    5    3
       -0.3181419780268 bend   2    4    3
        0.3133740255515 bend   2    5    3
        0.0046164878832 bend   2    6    3
  15 k  0.3537873884005 bend   5    4    3      val=  -0.09159
       -0.1838731450276 bend   6    4    3
       -0.1825538878556 bend   6    5    3
       -0.3605387658010 bend   2    4    3
       -0.3627904631444 bend   2    5    3
        0.7389818039582 bend   2    6    3
  16 k  0.0005686971808 bend   5    4    3      val=   0.00506
        0.3155011591744 bend   6    4    3
       -0.3160713069834 bend   6    5    3
       -0.6333625787724 bend   2    4    3
        0.6319869419386 bend   2    5    3
        0.0014046617708 bend   2    6    3
  17 k  0.5773502691896 tors  10    8    7    1 val=  59.86560
        0.5773502691896 tors  11    8    7    1
        0.5773502691896 tors   9    8    7    1
  18 k  1.0000000000000 stre   8   10           val=   2.06695
  19 k  1.0000000000000 stre   8   11           val=   2.06689
  20 k  1.0000000000000 stre   8    9           val=   2.07293
  21 k  0.4470888704502 bend  11   10    8      val=   2.44224
        0.4112327641994 bend   9   10    8
        0.4112528049109 bend   9   11    8
       -0.3917654122258 bend   7   10    8
       -0.3917599459038 bend   7   11    8
       -0.3935915301303 bend   7    9    8
  22 k -0.7151189520573 bend  11   10    8      val=   2.48408
        0.3970910584475 bend   9   10    8
        0.3722623053734 bend   9   11    8
       -0.1760381852467 bend   7   10    8
       -0.1887184606238 bend   7   11    8
        0.3545987192058 bend   7    9    8
  23 k -0.0141872946743 bend  11   10    8      val=   0.05284
       -0.6250412017080 bend   9   10    8
        0.6402554557687 bend   9   11    8
       -0.3190604125436 bend   7   10    8
        0.3120078076579 bend   7   11    8
        0.0068373462493 bend   7    9    8
  24 k  0.3537864239899 bend  11   10    8      val=  -0.09163
       -0.1847057919179 bend   9   10    8
       -0.1817201566515 bend   9   11    8
       -0.3589903036719 bend   7   10    8
       -0.3643317899382 bend   7   11    8
        0.7389756626635 bend   7    9    8
  25 k  0.0013983096611 bend  11   10    8      val=   0.00434
        0.3148779713467 bend   9   10    8
       -0.3163105790464 bend   9   11    8
       -0.6343606954834 bend   7   10    8
        0.6311682771244 bend   7   11    8
        0.0032618172360 bend   7    9    8
  26 k  1.0000000000000 tors   3    2    7    8 val=  93.55251
  27 k  1.0000000000000 stre   2    3           val=   3.44998
  28 k  1.0000000000000 bend  12    3    2      val=  97.42086
  29 k  1.0000000000000 stre   7    8           val=   3.44999
  30 k  1.0000000000000 bend   1    8    7      val=  97.41872
        30 non zero eigenvalues  of BmBt
           1           3.547593839    1    0
         1
           2           3.514323927    2    0
         2
           3           3.440126197    3    0
         3
           4           3.159806046    4    0
         4
           5           3.035590746    5    0
         5
           6           2.992306200    6    0
         6
           7           2.986383605    7    0
         7
           8           2.091909459    8    0
         8
           9           1.066714577    9    0
         9
          10           1.055535063   10    0
        10
          11           1.036514657   11    0
        11
          12           0.943930852   12    0
        12
          13           0.844190673   13    0
        13
          14           0.781092495   14    0
        14
          15           0.770906851   15    0
        15
          16           0.676282339   16    0
        16
          17           0.675112053   17    0
        17
          18           0.674056829   18    0
        18
          19           0.671910921   19    0
        19
          20           0.413895545   20    0
        20
          21           0.403049635   21    0
        21
          22           0.382190372   22    0
        22
          23           0.268946812   23    0
        23
          24           0.252770351   24    0
        24
          25           0.232950094   25    0
        25
          26           0.085088798   26    0
        26
          27           0.074765104   27    0
        27
          28           0.068567964   28    0
        28
          29           0.025096319   29    0
        29
          30           0.010383579   30    0
        30
$end
