$grad          cartesian gradients
  cycle =      1 MP2 energy =    -4154.9498084732 |dE/dxyz| =  0.023466
   -1.70494562248511     -1.81053328368989     -1.61485202484030      cu
    6.03165569900939     -1.58245631874237      2.46193799037593      s
    5.02624501452357     -0.18324797827352      5.44981232314328      c
    3.62675473445862     -1.35171279056232      6.45364409518849      h
    4.19627659052513      1.71045940081855      5.21165326644748      h
    6.66886513622336      0.02453380015789      6.71519146791164      h
   -5.37312914654549     -1.87128963485309     -3.54083233335696      s
   -5.21773803138553      1.18286627943698     -5.13582806378928      c
   -6.96072565071412      1.48930328455101     -6.23612384433876      h
   -3.62425439239605      1.31343464170764     -6.46824447774887      h
   -5.04705511592829      2.77579291842894     -3.80723880004047      h
    2.37805078471455     -1.69715031897982      0.51088040104786      cu
  -.10108828555060D-01  0.56003423092621D-03  -.65635926244481D-02
  -.20542473179361D-02  -.84409902807181D-03  -.31835569332817D-02
  -.21131033313249D-02  -.23373984250830D-02  -.67065755458513D-02
  -.20160420023339D-02  -.20437320217646D-02  0.41473554871638D-02
  -.74702185571884D-03  0.48069355537441D-02  0.13793520419020D-02
  0.26251345357204D-02  0.66543084017212D-04  0.13636963352712D-02
  0.25356739069053D-02  -.16971806948387D-02  0.24027378692484D-02
  0.34744994861624D-02  -.47766662324893D-02  0.44717797886777D-02
  -.26266219475684D-02  -.75785345499568D-04  -.13606536391930D-02
  0.21294432690473D-02  0.14021172316643D-02  -.43522577045625D-02
  -.10545258743492D-02  0.46827186234886D-02  0.15896776455127D-02
  0.99556400518583D-02  0.25651299976803D-03  0.68120371413696D-02
  cycle =      2 MP2 energy =    -4154.9504243572 |dE/dxyz| =  0.017361
   -1.70165612885018     -1.83323728157179     -1.59986233458055      cu
    6.03642445772321     -1.58590784870808      2.46481918318694      s
    5.01540041929956     -0.17437915117386      5.43813188970915      c
    3.60279716659923     -1.33552616284179      6.40911423559493      h
    4.17885306529236      1.69986364844424      5.16620656444405      h
    6.63155078059080      0.04541577950820      6.72383977751356      h
   -5.37430437696349     -1.87193230487177     -3.54033197670883      s
   -5.21111749130295      1.18658061963490     -5.11967498032150      c
   -6.93783011897631      1.52002774164605     -6.22447005240981      h
   -3.60693662414418      1.30770881964158     -6.42291960007881      h
   -5.02205001863534      2.75023999155379     -3.77588150356254      h
    2.38886886936731     -1.70885385126148      0.48102879721344      cu
  -.92660344550897D-02  0.26126000815463D-03  -.54080686824625D-02
  -.28360274533483D-02  -.34572619217554D-03  -.20144916351725D-02
  -.16474074027593D-02  -.11654690034151D-02  -.35748573550407D-02
  -.16523287817405D-03  -.64097146146302D-04  0.16786133165603D-02
  0.66319408070559D-04  0.12472804925707D-02  0.11304756377164D-02
  0.80437153574264D-03  0.32828054447820D-04  0.45215227126505D-03
  0.29627446088369D-02  -.43946070545609D-03  0.17874576979651D-02
  0.23314263346821D-02  -.23076841122087D-02  0.24843531712548D-02
  -.81433178392487D-03  -.16650007070851D-05  -.43387459566535D-03
  -.48747781846714D-05  0.92892031631009D-03  -.14032912127613D-02
  -.59845932993796D-03  0.15517821412701D-02  -.25321184058935D-03
  0.91675060670049D-02  0.30203106657001D-03  0.55547430433895D-02
  cycle =      3 MP2 energy =    -4154.9509112414 |dE/dxyz| =  0.012880
   -1.70197632009212     -1.85322770691950     -1.55245029713160      cu
    6.05699086715025     -1.54436348268052      2.44283356479883      s
    4.99063411804946     -0.16773554219959      5.41523295245922      c
    3.57470157567516     -1.35974492329566      6.32375137103044      h
    4.11446942487032      1.67391613175039      5.11290964836500      h
    6.56712956939556      0.07805823960569      6.73350055476601      h
   -5.40047634962270     -1.85588510453689     -3.49337874364591      s
   -5.19056868531429      1.18734927855510     -5.09419782310276      c
   -6.89546929348511      1.56744246581882     -6.20436066851781      h
   -3.56939549769820      1.25066809287963     -6.36659018094593      h
   -4.94876979145255      2.72603343359642     -3.74335769680148      h
    2.40273038252424     -1.70251088257391      0.42610731872601      cu
  -.71740895362478D-02  -.13066363200309D-03  -.32613334311709D-02
  -.34695509875462D-02  0.17363170606188D-03  -.58916986053248D-03
  0.10989706344500D-03  0.15556893158042D-03  0.44236337156178D-03
  0.11074105411613D-02  0.12775771722118D-02  -.89353782090473D-03
  0.54015980088873D-03  -.18104236174716D-02  0.30352966285141D-03
  -.93692355346642D-03  -.35262692990035D-05  -.43279010785646D-03
  0.32072656232458D-02  0.88744015851994D-03  0.94923832726401D-03
  -.17777002909458D-03  0.33130214030130D-03  -.28710590655567D-03
  0.92277149650366D-03  0.66518321529374D-04  0.44971789210901D-03
  -.13613311158527D-02  0.11594449887353D-03  0.13435846564089D-02
  0.69486144159719D-04  -.14045887490743D-02  -.12992073989597D-02
  0.71626746916937D-02  0.34121921611230D-03  0.32747105267377D-02
  cycle =      4 MP2 energy =    -4154.9511609990 |dE/dxyz| =  0.009423
   -1.69917182168158     -1.86892319715272     -1.51759872559532      cu
    6.07723268306822     -1.49687133399547      2.40977881734755      s
    4.95864226603367     -0.16350877886251      5.38676031368716      c
    3.55444766063110     -1.39793319957383      6.26096486267797      h
    4.04171932661965      1.65909232103179      5.07595479878228      h
    6.51426830359836      0.10743943832861      6.72471727125386      h
   -5.42965425637546     -1.84368730716186     -3.44067445485965      s
   -5.15964352232870      1.18614287367385     -5.06542163356841      c
   -6.85582888811390      1.60137696769778     -6.17631336328081      h
   -3.53151187662014      1.19514425626935     -6.33388716818012      h
   -4.87392043461189      2.72023909065939     -3.71479744169914      h
    2.40342055978067     -1.69851113091441      0.39051672343465      cu
  -.49802053834274D-02  -.18466817146834D-03  -.18803092040880D-02
  -.27161919686165D-02  0.60773084770371D-04  -.39792539425321D-03
  0.13255816617370D-02  0.43062253075421D-03  0.16171007331121D-02
  0.42335149319150D-03  0.54676425116140D-03  -.10520086159711D-02
  0.12901492467154D-03  -.12132232201010D-02  -.38815848686269D-03
  -.80432899286498D-03  0.78297023801133D-05  -.32963324062152D-03
  0.25363088009271D-02  0.64177476541971D-03  0.65665694924277D-03
  -.15567151029874D-02  0.78545877169756D-03  -.12375402523377D-02
  0.78413231299601D-03  0.97119522995515D-04  0.35316219745019D-03
  -.46051317128804D-03  -.29832285164622D-03  0.11342117056765D-02
  0.33195521952393D-03  -.11873978633723D-02  -.35842497330751D-03
  0.49876104115913D-02  0.31326954473787D-03  0.18828686769159D-02
  cycle =      5 MP2 energy =    -4154.9513926147 |dE/dxyz| =  0.003553
   -1.68767040380125     -1.90283597999877     -1.48548426084959      cu
    6.10075603954926     -1.43183293987069      2.35720802124075      s
    4.89967652305716     -0.15476505325057      5.33375136736255      c
    3.52721501483965     -1.44548874899807      6.18580598514099      h
    3.92948548551519      1.64467784463692      5.02403604620717      h
    6.43692320186651      0.15495917693939      6.68864738955065      h
   -5.46967994794989     -1.83323517127516     -3.37112626403678      s
   -5.09950922928253      1.18424942128632     -5.01161222492693      c
   -6.79015839033862      1.64640400709200     -6.11742046427717      h
   -3.47618385792065      1.13004426478077     -6.29132058775140      h
   -4.76066658973873      2.71683590523361     -3.66563389709313      h
    2.38981215420390     -1.70901272657577      0.35314888943289      cu
  -.12173256716306D-02  0.78886722025828D-05  -.37917861645198D-03
  -.38833590901532D-03  -.29429494511746D-03  -.62208267172537D-03
  0.76314374658493D-03  0.47454153046056D-03  0.14744731867928D-02
  -.34330519399939D-03  -.50318710108810D-03  -.35910609559897D-03
  -.26140031099220D-03  0.19821995294755D-03  -.59575579352211D-03
  0.30780017321153D-04  0.16097857579500D-04  0.10671258695805D-04
  0.55027439648114D-03  -.45591070987427D-03  0.40316128865214D-03
  -.10722496550279D-02  0.92429349347256D-03  -.10561478154614D-02
  -.26430975986536D-04  0.20771734224434D-04  -.53359029039690D-05
  0.52693021268269D-03  -.46765736732679D-03  0.45886319273158D-04
  0.23581764261220D-03  -.83938779940951D-04  0.62806215189237D-03
  0.12021017506711D-02  0.16317574175662D-03  0.45535262871699D-03
  cycle =      6 MP2 energy =    -4154.9514214017 |dE/dxyz| =  0.001681
   -1.67711602271750     -1.92962608168396     -1.49686415510383      cu
    6.09819260231906     -1.44129771973724      2.35516043042785      s
    4.88167116956197     -0.14655628442769      5.31646136490946      c
    3.51278421893625     -1.43002872727658      6.18144830813827      h
    3.91392691761071      1.65138428316028      5.00020793246415      h
    6.41796579552192      0.17291247042949      6.67053381817599      h
   -5.46731947542011     -1.84280346265940     -3.37865383041805      s
   -5.08197510829246      1.18661864906628     -4.99062342140836      c
   -6.77339545287661      1.65934533789066     -6.09121179377142      h
   -3.46465444954237      1.14378271446542     -6.27588959464009      h
   -4.74377046904348      2.71141294466977     -3.63789890544651      h
    2.38369027394261     -1.73514412389705      0.34732984667253      cu
  -.24784439704106D-03  0.76755431976494D-04  -.14421165985912D-03
  0.30058890942541D-03  -.24939852276606D-03  -.37696132469556D-03
  -.49998982215183D-03  0.35854224805032D-03  0.75378361292167D-03
  0.12921417701550D-03  -.40699219856499D-04  -.19067675840079D-03
  0.10518686525618D-03  -.12208042206296D-03  -.13564392807280D-03
  0.53241198314957D-04  -.34835534214683D-04  -.11045858639003D-03
  -.13722215233258D-03  -.45370875983686D-03  0.15018623827956D-03
  0.24102286791372D-03  0.84191453999338D-03  -.38011572164187D-03
  -.18320015004569D-04  -.10067420588222D-03  0.68164529847259D-04
  -.89553821326582D-04  -.18523280034988D-03  0.11529195298721D-03
  -.53909604459390D-04  -.19965977984171D-03  0.33487245668873D-04
  0.21758567734054D-03  0.10907692995588D-03  0.21715421845325D-03
  cycle =      7 MP2 energy =    -4154.9514259297 |dE/dxyz| =  0.000911
   -1.67296800336742     -1.94146360092561     -1.50366822612391      cu
    6.09414063161004     -1.45016444215838      2.35912874090244      s
    4.87969716717713     -0.14322218326831      5.31372395027854      c
    3.50866628031214     -1.41968684449521      6.18621994117954      h
    3.91522815647721      1.65603606002088      4.99352240622848      h
    6.41655232277680      0.17864498746799      6.66686013639291      h
   -5.46264103749953     -1.84701179796212     -3.38777909028967      s
   -5.08040682587928      1.18794030767803     -4.98605027407193      c
   -6.77238370142495      1.66313943075990     -6.08508472895358      h
   -3.46366369542914      1.15516443860810     -6.27270792845042      h
   -4.74500407736881      2.70959628822117     -3.62876209968167      h
    2.38278278261580     -1.74897264394647      0.34459717258925      cu
  -.57893623193195D-04  0.60315065154803D-04  -.38177844868592D-04
  0.26586470492163D-03  -.12546113416700D-03  -.10805206011533D-03
  -.40635514187937D-03  0.16841171014059D-03  0.30382346031654D-03
  0.10999643157872D-03  0.40269127778991D-05  -.74639304628477D-04
  0.90058500459067D-04  -.77777477894614D-04  -.34719193974408D-04
  0.50068050254648D-04  -.29771653465405D-04  -.88240505618842D-04
  -.18359840150595D-03  -.21315788041676D-03  -.15120387448775D-05
  0.28147784997223D-03  0.41032464693114D-03  -.10972103727358D-03
  -.26325356075052D-04  -.87145950807388D-04  0.51375117591679D-04
  -.96452456955998D-04  -.77651648645261D-04  0.48404531489687D-04
  -.59335925360719D-04  -.10427061909546D-03  -.21898241618246D-04
  0.32495303880609D-04  0.72157917668569D-04  0.73357201499924D-04
  cycle =      8 MP2 energy =    -4154.9514279562 |dE/dxyz| =  0.000230
   -1.66916968187649     -1.95320242753039     -1.51099754554619      cu
    6.08925937630522     -1.46020920901887      2.36443376609570      s
    4.88051596265234     -0.13999604097050      5.31330455725629      c
    3.50610364056977     -1.40875648593047      6.19283649617651      h
    3.91918918157771      1.66061423177057      4.98830005640692      h
    6.41775248809811      0.18401980412472      6.66570606732410      h
   -5.45664223636384     -1.85104232461199     -3.39841630673057      s
   -5.08175415930432      1.18961533364326     -4.98385021597363      c
   -6.77402856740466      1.66694778483125     -6.08178031595404      h
   -3.46449507773215      1.16776665616344     -6.27084333195412      h
   -4.74929894124394      2.70785728106603     -3.62134639232721      h
    2.38256801472226     -1.76361460353707      0.34265316522621      cu
  0.93744776208382D-06  0.16811575942910D-04  0.40946455478696D-04
  0.65101347487939D-04  0.49781861197751D-05  0.12050773010763D-03
  -.21983209234744D-04  -.21343523418871D-04  -.59929435163752D-04
  0.77964981568535D-05  -.43644745328919D-06  0.11890426027783D-04
  0.18489787478870D-05  -.21617038150623D-05  0.49726200327949D-05
  0.15279715756211D-04  -.37932176655264D-05  -.19627228643682D-04
  -.80656200260876D-04  0.38128722078312D-04  -.90213148117968D-04
  0.39782227304386D-04  -.49126147025902D-04  0.49005255572609D-04
  -.11194480528331D-04  -.20523266700545D-04  0.11760790486370D-04
  -.80235107566828D-05  0.68937045492046D-05  -.10569869596466D-04
  -.35025189201732D-06  0.16046732049801D-05  -.80046421957469D-05
  -.85385928088044D-05  0.28967565623539D-04  -.50739092721130D-04
  cycle =      9 MP2 energy =    -4154.9514280509 |dE/dxyz| =  0.000154
   -1.66841684105682     -1.95625116001961     -1.51259749658162      cu
    6.08846240688535     -1.46104439980790      2.36425117607842      s
    4.88017542187090     -0.13913629277892      5.31274681286742      c
    3.50607782651731     -1.40757680262605      6.19328398995804      h
    3.91814123002850      1.66096218666645      4.98678551693463      h
    6.41725956077190      0.18628452810828      6.66500135625818      h
   -5.45580024754671     -1.85178659325454     -3.39958603376267      s
   -5.08140205806073      1.19019411530970     -4.98303496063060      c
   -6.77356619079340      1.66872853004000     -6.08063420528203      h
   -3.46411416483021      1.16938968006534     -6.27004270772423      h
   -4.74865951333360      2.70744908440225     -3.61944807044863      h
    2.38184256954752     -1.76721287610502      0.34327462233305      cu
  0.28505399640721D-04  0.12649964052258D-04  0.31626729010803D-04
  0.57748174370431D-04  -.41236641490361D-05  0.58521027654024D-04
  0.13693780591684D-04  -.22681277407788D-04  -.41853017930471D-04
  -.28339199276139D-05  0.45433112347837D-05  0.14903364719210D-04
  -.10149237885226D-04  0.25620210308830D-06  0.10613036925011D-04
  0.21048396416923D-05  0.52576734198562D-05  0.15512891837766D-05
  -.61324638302551D-04  0.17597884500731D-05  -.43259398378126D-04
  0.41598029074663D-05  -.47387143410127D-04  0.21769465429422D-04
  -.46712601480259D-05  0.40581795344163D-05  0.46120360241986D-06
  -.64013236489302D-06  0.15491421822222D-04  -.91410037823536D-05
  0.90366439128645D-05  0.11237841323286D-04  -.80547489544891D-05
  -.35629512328939D-04  0.18937690281273D-04  -.37138075449139D-04
  cycle =     10 MP2 energy =    -4154.9514281804 |dE/dxyz| =  0.000134
   -1.66761226959305     -1.95916731869170     -1.51417755114604      cu
    6.08790484573414     -1.46240848972346      2.36416828149368      s
    4.87942572315038     -0.13817788747478      5.31185967608376      c
    3.50530680780538     -1.40603580135768      6.19311704405895      h
    3.91715608496643      1.66148685643241      4.98435352506781      h
    6.41616682655771      0.18851846603959      6.66418136705066      h
   -5.45489300255523     -1.85284809828568     -3.40090415324028      s
   -5.08074297898625      1.19080098301620     -4.98183031182097      c
   -6.77273565495013      1.67054648347947     -6.07914662602570      h
   -3.46333383301571      1.17111300173288     -6.26864494071499      h
   -4.74795603442168      2.70673971764913     -3.61682258584089      h
    2.38131348530801     -1.77056791281641      0.34384627503397      cu
  0.47643435205913D-04  0.84744830015637D-05  0.17238853614820D-04
  0.60351620781773D-04  -.24827783142056D-04  -.95465465559386D-05
  0.14792903708205D-04  -.51197190749086D-05  -.17053055030303D-05
  -.38282603220807D-06  0.13639064635029D-04  0.86484289720801D-05
  -.11686192553650D-04  -.74247954184870D-05  0.15268710449101D-04
  -.10323319419303D-04  0.10801018038964D-04  0.13385511372643D-04
  -.51786092392092D-04  -.50306904419983D-04  0.88097863226722D-07
  -.45081208730480D-05  -.56321043508945D-05  -.82514526367206D-05
  0.12740325501248D-05  0.21067069168046D-04  -.60922932769714D-05
  -.57584282253664D-05  0.17265928186294D-04  0.84832435920390D-06
  0.12786816072412D-04  0.90139894206587D-05  -.14559390129953D-04
  -.52404001650075D-04  0.13049733714965D-04  -.15323095556408D-04
  cycle =     11 MP2 energy =    -4154.9514285385 |dE/dxyz| =  0.000186
   -1.66406025742006     -1.96843733622194     -1.52053972744016      cu
    6.08560257021087     -1.47445827129689      2.36875422888905      s
    4.87690302792138     -0.13454972395696      5.30888670606452      c
    3.49783604128286     -1.39470473633104      6.19370461312973      h
    3.92006414301535      1.66650486249056      4.97258247093522      h
    6.41251213637187      0.19359651402555      6.66218334366916      h
   -5.44913728215365     -1.85862356402503     -3.41060213961067      s
   -5.07943452386340      1.19270074099315     -4.97700734087522      c
   -6.77123104688177      1.67451538807199     -6.07374960399834      h
   -3.46072797155453      1.18222528623974     -6.26246704225239      h
   -4.75069772603586      2.70310671363029     -3.60476086376026      h
    2.38237088910692     -1.78187587361943      0.34301535524930      cu
  0.31536347345096D-04  -.41234159917636D-05  0.19257328470523D-04
  0.78895511705923D-05  -.76440471794559D-05  0.34838619223265D-04
  0.80175453114784D-04  -.34096150868468D-04  -.65690297843979D-04
  -.20218848597153D-04  0.24077521509902D-05  0.21694854727361D-04
  -.27568022989755D-04  0.13894515931590D-04  0.14781935656405D-04
  -.12142403048809D-04  0.13758033192257D-04  0.22432039591180D-04
  -.43772813356213D-05  0.99833604725319D-05  -.13125390163182D-04
  -.63579434203653D-04  -.86148600538571D-04  0.14450572208169D-04
  0.59574883892743D-05  0.29396417416061D-04  -.97716305034190D-05
  0.16739495234397D-04  0.21051023879948D-04  -.13856338997975D-04
  0.18914615098564D-04  0.26831881421607D-04  0.97565733270244D-07
  -.33326877360906D-04  0.14689230780629D-04  -.25109433720694D-04
  cycle =     12 MP2 energy =    -4154.9514285857 |dE/dxyz| =  0.000103
   -1.66373922042612     -1.97041073658647     -1.52133683003212      cu
    6.08527424458266     -1.47560969558375      2.36861978942512      s
    4.87557082849862     -0.13369670828187      5.30760907944153      c
    3.49630268713180     -1.39339491404368      6.19263809253209      h
    3.91895995257403      1.66709874479424      4.96960437897118      h
    6.41083504670469      0.19528175949107      6.66106171928326      h
   -5.44850909578394     -1.85956437579649     -3.41155318192865      s
   -5.07821870924201      1.19314157348170     -4.97539455418203      c
   -6.76976124453732      1.67578685907880     -6.07211349881521      h
   -3.45921136510881      1.18338025692221     -6.26039574943072      h
   -4.74982942581607      2.70222885083136     -3.60169780790951      h
    2.38232630142246     -1.78424161430713      0.34295856264501      cu
  0.27870591388535D-04  0.38508078006316D-05  0.77810338945383D-05
  0.10759176277020D-04  -.99250563974085D-05  0.24463160883670D-05
  0.47623088394122D-04  -.18381184129002D-04  -.23319388875009D-04
  -.10254420586442D-04  -.17504553406766D-06  0.12714619102017D-04
  -.16652421973129D-04  0.54829042657190D-05  0.74939431861654D-05
  -.10533432941884D-04  0.11977013570585D-04  0.16123358317355D-04
  -.64942837951776D-05  -.77009862007316D-05  0.15815686627008D-05
  -.36555501035984D-04  -.39494523231376D-04  -.16198882466512D-05
  0.53419186891723D-05  0.21275201803839D-04  -.47119620965042D-05
  0.79946609203851D-05  0.98856906810552D-05  -.85971061221102D-05
  0.11528521314287D-04  0.12312698516759D-04  -.41797072469762D-07
  -.30628098269148D-04  0.10892216879110D-04  -.98509093908739D-05
  cycle =     13 MP2 energy =    -4154.9514052021 |dE/dxyz| =  0.003138
   -1.63315226661909     -2.08675523426572     -1.58121880282052      cu
    6.06237851693627     -1.57598992056216      2.38687019849507      s
    4.80724337988831     -0.08327133660810      5.23915338914620      c
    3.39553478470961     -1.28846108828485      6.14430921513876      h
    3.88743270515895      1.71062021603991      4.79157406063270      h
    6.32136299437440      0.28517266288471      6.60503298912457      h
   -5.39683684788496     -1.92008169918492     -3.49207840550108      s
   -5.02094989160839      1.21810594328731     -4.88510758799714      c
   -6.70106416841138      1.74419180665952     -5.97764094317552      h
   -3.38428796623806      1.27631238628904     -6.14320451652673      h
   -4.72457896374921      2.64633291677484     -3.42340703267026      h
    2.38691772344353     -1.92617665302960      0.33571743615390      cu
  -.17827670690096D-03  0.27255582299635D-03  -.42191302265682D-03
  -.57619589675539D-04  -.23603558556218D-03  -.85190845378946D-03
  -.11934188752911D-02  0.73544817996973D-03  0.12216707943891D-02
  0.42238181198684D-03  -.73002446251635D-04  -.37187927269322D-03
  0.41457253274646D-03  -.34203373657160D-03  -.20952755609624D-03
  0.21903712064564D-04  -.94418838211929D-04  -.26164824403896D-03
  0.24725231046574D-03  -.41642393246288D-03  0.35984010591328D-03
  0.69944413956069D-03  0.15568237137682D-02  -.34279107238167D-03
  0.78401410916307D-04  -.29339827160935D-03  0.19628699097129D-03
  -.34142986720020D-03  -.47486814623776D-03  0.19662830926581D-03
  -.26998819849241D-03  -.53368950126575D-03  -.51831531909130D-04
  0.15677693767557D-03  -.10095709919611D-03  0.53707287026450D-03
  cycle =     14 MP2 energy =    -4154.9514291991 |dE/dxyz| =  0.000130
   -1.66160177754189     -1.98057517742658     -1.52598456334421      cu
    6.08329777022552     -1.48387479641206      2.36991703143624      s
    4.87001674460553     -0.12948910582699      5.30205514129267      c
    3.48806929142676     -1.38461407096976      6.18912582259609      h
    3.91639621126610      1.67107989865434      4.95523186462519      h
    6.40373898191719      0.20259437681942      6.65643281085144      h
   -5.44453363834651     -1.86492901423874     -3.41839603472447      s
   -5.07343587669638      1.19520219974601     -4.96798325493278      c
   -6.76397167399451      1.68145744405947     -6.06458249749959      h
   -3.45283080762767      1.19139936948175     -6.25081156978712      h
   -4.74783584249082      2.69785218393306     -3.58677103709793      h
    2.38269061725665     -1.79610330781994      0.34176628658441      cu
  0.24956618709382D-05  0.25437342841883D-04  -.20864168316592D-04
  0.15219624316387D-05  -.10265513054275D-04  -.47227418164653D-04
  -.37748747951039D-04  0.14750867670443D-04  0.59623918104990D-04
  0.13809818084187D-04  -.77893128604956D-05  -.76403064426245D-05
  0.13040632673933D-04  -.12284365207726D-04  -.14450498866891D-04
  -.17722970038214D-05  0.44114071161561D-05  -.26672280561968D-05
  0.74220214969500D-05  -.22269847280043D-04  0.27327038282010D-04
  0.33592270353822D-04  0.52633875222696D-04  -.22508959892420D-04
  0.23096104873055D-05  -.52455346641889D-05  0.81865299272899D-05
  -.12781807214424D-04  -.19032114031869D-04  -.16959162163488D-06
  -.96152410894931D-05  -.22930753603490D-04  0.20896980053031D-05
  -.12274046444105D-04  0.25839581536680D-05  0.18300751929878D-04
  cycle =     15 MP2 energy =    -4154.9514290611 |dE/dxyz| =  0.000220
   -1.65985721978517     -1.98847549109832     -1.52983368090056      cu
    6.08161686609605     -1.49058709543956      2.37134882800550      s
    4.86641664059851     -0.12634423430045      5.29829622058401      c
    3.48221676986849     -1.37754582689057      6.18727489020338      h
    3.91527701055991      1.67422285913745      4.94499804907868      h
    6.39911336472299      0.20790690001448      6.65327049562833      h
   -5.44135559256852     -1.86911712418992     -3.42425645106755      s
   -5.07038877978138      1.19675353420328     -4.96282323715186      c
   -6.76020673682366      1.68568167612468     -6.05931372354539      h
   -3.44856047782538      1.19806277421902     -6.24402599060513      h
   -4.74706075609795      2.69459473883059     -3.57593982192059      h
    2.38278891103609     -1.80515271061069      0.34100442169111      cu
  0.14621511750690D-04  0.26714420315876D-04  -.19573472821222D-04
  -.41896837501554D-05  -.20447255953293D-04  -.63540570311105D-04
  -.79623928661565D-04  0.43750805460263D-04  0.90906688382297D-04
  0.30386659462422D-04  -.84117164975694D-05  -.22052436666975D-04
  0.26235636299221D-04  -.20806949398988D-04  -.17349357473606D-04
  0.12168905554333D-05  -.98695275441152D-06  -.16267373282641D-04
  0.14757697016421D-04  -.41383317274324D-04  0.26641916576864D-04
  0.53803741777436D-04  0.10859923405437D-03  -.26865004559617D-04
  0.15243328213010D-05  -.15949015074623D-04  0.13462413487542D-04
  -.24108244540688D-04  -.33785125415298D-04  0.87474751566674D-05
  -.16275210823348D-04  -.33569122360966D-04  -.33102654661832D-06
  -.18349645813487D-04  -.37253130567017D-05  0.26220609272709D-04
  cycle =     16 MP2 energy =    -4154.9514291730 |dE/dxyz| =  0.000059
   -1.66105397947211     -1.98425053934063     -1.52758074083709      cu
    6.08240202141496     -1.48717445702389      2.37104575090004      s
    4.86911158359464     -0.12821614555131      5.30089514323206      c
    3.48578655886625     -1.38103917822501      6.18917624193314      h
    3.91694356262423      1.67270826969818      4.95165287590138      h
    6.40258525846754      0.20435307137789      6.65545932694262      h
   -5.44311830601401     -1.86684666441929     -3.42161687789833      s
   -5.07270285861067      1.19578963341067     -4.96624295453794      c
   -6.76291792847482      1.68298558962432     -6.06297457018792      h
   -3.45141696150059      1.19499703926201     -6.24828129919829      h
   -4.74846717905202      2.69660129663010     -3.58264494350480      h
    2.38284822815657     -1.79990791544305      0.34111204725507      cu
  0.50145241612398D-05  0.12351752684658D-04  -.14637959466768D-06
  -.88397292401510D-05  -.23256551848760D-05  -.21107554676547D-04
  -.17174212511240D-04  0.27143864413937D-05  0.24010791616291D-04
  0.68404733064575D-05  -.56989442356326D-05  -.59312202704831D-06
  0.37816707687544D-05  -.51012245139148D-05  -.55161332615516D-05
  0.17158717557919D-05  0.23870894707567D-05  -.28835294973995D-05
  0.11877504803692D-04  -.11128341148137D-04  0.18855799181594D-04
  0.14240072769844D-04  0.20672709115210D-04  -.15432874869603D-04
  -.29469972973040D-05  -.35080088456318D-06  0.27039742227508D-05
  -.54127373512181D-05  -.76887288993355D-05  -.30620091671096D-05
  -.13838720621835D-05  -.95473647387934D-05  0.97343134353167D-06
  -.77125277577750D-05  0.37150619887072D-05  0.21975045352285D-05
  cycle =     17 MP2 energy =    -4154.9514294613 |dE/dxyz| =  0.000032
   -1.66105114279916     -1.98472509028697     -1.52782110299187      cu
    6.08226401165678     -1.48780300199971      2.37137487780061      s
    4.86919574328438     -0.12808469290236      5.30088082366379      c
    3.48548376125213     -1.38036134133995      6.18939688190625      h
    3.91740957961443      1.67302202125164      4.95137272808578      h
    6.40265926235891      0.20437568288055      6.65550010273064      h
   -5.44294404469132     -1.86716841655658     -3.42228350306423      s
   -5.07278538712114      1.19581879670138     -4.96614635729016      c
   -6.76293873729587      1.68309138788623     -6.06295967789422      h
   -3.45134410086864      1.19567764132644     -6.24803012970299      h
   -4.74886575318090      2.69642897047697     -3.58221721218538      h
    2.38291680779037     -1.80027195743764      0.34093256894172      cu
  0.14374202379486D-05  0.81760559291766D-05  0.41798353000999D-05
  -.13296945880370D-04  -.93773079608006D-05  -.83739834479957D-05
  0.31277466083779D-06  -.24195819214867D-06  0.43955110635707D-05
  -.10472388503047D-05  -.38471829055808D-05  0.51704586270240D-05
  -.17310201736453D-05  0.25081272498895D-05  -.37194645482463D-05
  0.38001429230050D-05  0.30792548415537D-05  0.17549609259149D-05
  0.12770429442810D-04  -.11246922506203D-04  0.54124360229224D-05
  0.54630601384886D-05  0.30868251643668D-05  -.24875363600074D-05
  -.56213879680023D-05  0.22448067069636D-05  -.29232925680134D-06
  0.13865453540873D-06  0.68186776103207D-06  -.54163659175543D-05
  0.12682955832441D-05  -.82771739329246D-06  0.36945051840043D-05
  -.34942385838121D-05  0.57643107451710D-05  -.43182818889598D-05
$end
