$hessapprox internal
  0.365600882369D+00  0.921263480729D-01  0.216057877517D+00 -0.138331114108D+00
  0.913927425423D-01  0.357201888047D+00  0.210671311345D-01  0.668916604554D-01
  0.260258331271D-01  0.132147205540D+00 -0.444328229352D-01 -0.406962668402D-01
 -0.455824219132D-01  0.201902329743D-01  0.169862597971D+00 -0.584703768029D-02
 -0.492206279762D-01 -0.772016168196D-02  0.303319496153D-01 -0.205851072164D-01
  0.186064960692D+00 -0.237712774155D-01 -0.149209164924D-01 -0.225203438294D-01
 -0.157052633941D-01 -0.147506714339D-01 -0.785850521080D-02  0.177307472342D+00
 -0.105334404059D-01 -0.472654947000D-02 -0.123781039119D-01  0.196476647301D-01
 -0.495031530304D-02 -0.631262726869D-02  0.420438462942D-02  0.193403515057D+00
 -0.612710711148D-02 -0.554444762999D-02 -0.575929843939D-02 -0.208047135428D-02
 -0.223873091630D-02 -0.109413813270D-02  0.535377000664D-04  0.199709119411D-03
  0.409546434703D+00 -0.564241414352D-02 -0.593137275497D-02 -0.508428651887D-02
 -0.327075606642D-02 -0.134973120819D-02 -0.132899510224D-02  0.106801421017D-02
  0.581921025251D-03 -0.539637380254D-02  0.409818346571D+00 -0.194317747073D-02
 -0.814233413888D-03 -0.194348029847D-02  0.315628610680D-03  0.582037717083D-03
 -0.859118165130D-04  0.246016921405D-02  0.244324766807D-04 -0.197856226881D-02
 -0.200614335333D-02  0.411051422186D+00  0.492504890418D-02 -0.583972425052D-02
  0.565605067924D-02  0.239637946307D-02 -0.509108534247D-02 -0.426507089730D-02
 -0.132312299723D-01  0.560616632083D-03  0.823735532604D-02  0.802646866723D-02
  0.594796792462D-02  0.265693595331D+00 -0.504298115504D-02  0.407816761882D-03
 -0.405901501106D-02 -0.549593545912D-02 -0.623640117637D-02  0.119616724318D-02
 -0.543893342222D-02  0.851342328926D-03 -0.337065158704D-02 -0.346905907916D-02
  0.500904065206D-02 -0.772041127352D-02  0.281493894336D+00 -0.703219807228D-03
 -0.860104471579D-03 -0.506327103795D-03 -0.106280919809D-02 -0.266321291685D-04
 -0.178077469897D-03  0.698835496410D-03  0.374046887409D-03 -0.301446830095D-03
 -0.312979783056D-03 -0.698013888645D-05  0.975617779623D-03 -0.141724802838D-02
  0.319344902340D+00  0.747869036873D-02  0.107760761713D-01  0.803648036374D-02
 -0.206577111939D-02  0.322698885844D-02  0.388485700670D-02  0.166196506030D-02
 -0.633645729784D-03 -0.275154702597D-03 -0.413437166574D-03  0.493182948083D-02
 -0.169689292945D-01 -0.302090159448D-01 -0.745016889732D-03  0.311362695272D+00
 -0.507130115861D-04 -0.107928835938D-02  0.725095627976D-04  0.371224838336D-03
 -0.116408913915D-03 -0.604009664098D-03  0.801005532260D-03  0.361665217605D-04
 -0.958378562786D-04 -0.874850289818D-04 -0.135149279802D-04 -0.165130848516D-02
 -0.857556700946D-03 -0.789459661061D-04 -0.949685513512D-03  0.341160753660D+00
 -0.926495503127D-02 -0.412250990288D-02 -0.110202230741D-01  0.183490678093D-01
 -0.421829536240D-02 -0.590391305380D-02  0.398701957690D-02 -0.621985543457D-02
  0.322305680618D-03  0.726645907746D-03  0.111923448088D-03 -0.118042741295D-03
  0.100231169685D-02  0.421155264602D-03 -0.714127660076D-03  0.761190373947D-04
  0.194129066912D+00 -0.583602018987D-02 -0.561489285618D-02 -0.539960146784D-02
 -0.236524035456D-02 -0.150641006108D-02 -0.140236857933D-02  0.885123597158D-03
  0.182015306870D-03 -0.520039858944D-02 -0.502234748452D-02 -0.189985527109D-02
  0.747815300360D-02 -0.334104719131D-02 -0.249747822254D-03 -0.568449468815D-03
 -0.855390084954D-04  0.303753077733D-03  0.410188568045D+00 -0.564301441537D-02
 -0.620418889956D-02 -0.503714699964D-02 -0.323584818501D-02 -0.100813030184D-02
 -0.165283994141D-02  0.173932400754D-02  0.545157193506D-03 -0.512117993776D-02
 -0.486839117073D-02 -0.191588358757D-02  0.757409597322D-02 -0.350551946755D-02
 -0.296461233593D-03 -0.612129073217D-03 -0.964197043964D-04  0.709000744397D-03
 -0.471399695027D-02  0.410511644581D+00 -0.222159751334D-02 -0.186491768874D-02
 -0.220135302763D-02 -0.117552941978D-03 -0.714083959140D-04 -0.317955215131D-03
  0.122579015578D-02  0.318801314301D-03 -0.195493674519D-02 -0.193809633694D-02
 -0.174349264006D-02  0.539977128915D-02  0.542912339281D-02  0.319724795843D-04
  0.552084872063D-02  0.131177156673D-04  0.429767299089D-03 -0.188726621034D-02
 -0.181636604664D-02  0.411424873230D+00  0.732011970498D-02 -0.229279122482D-02
  0.789810078190D-02  0.307084514528D-02 -0.365655355788D-02 -0.289617164157D-02
 -0.121797285779D-01  0.171818061862D-03  0.803798003660D-02  0.773319684112D-02
  0.581224723438D-02 -0.624136145413D-01 -0.820569655383D-02  0.930302320546D-03
 -0.179804011339D-01 -0.163410338067D-02 -0.550413848323D-03  0.719647381735D-02
  0.720969502811D-02  0.524504155240D-02  0.267490390526D+00 -0.637660006333D-02
 -0.798402112130D-03 -0.513833767301D-02 -0.761925013830D-02 -0.635011371279D-02
  0.918040797790D-03 -0.531921336675D-02  0.145264424430D-02 -0.377752732699D-02
 -0.385398912117D-02  0.487832882215D-02 -0.551599762718D-02 -0.384872613926D-01
 -0.151040764125D-02 -0.298552604219D-01 -0.854891865192D-03  0.163756333000D-02
 -0.365026087892D-02 -0.384120708110D-02  0.526675482570D-02 -0.601197702196D-02
  0.280027059129D+00  0.134323959373D-02  0.115119454404D-02  0.132936200539D-02
 -0.598246932224D-06  0.963954626359D-03  0.566228661333D-04  0.430618769314D-03
 -0.210107454000D-03  0.123519006902D-03  0.239536456005D-03  0.210438191662D-03
 -0.136508069578D-02 -0.450515441184D-03  0.853118623266D-04 -0.103155963310D-02
  0.679652772420D-04 -0.225726311196D-03  0.137660608972D-03  0.276070858683D-03
  0.244249515216D-03 -0.149786075969D-02 -0.351639729347D-03  0.319429022544D+00
  0.762106080820D-02  0.104980307643D-01  0.861630816020D-02 -0.428847017344D-02
  0.557210353472D-02  0.368364372547D-02  0.547813170736D-02 -0.106670140083D-03
  0.127920059025D-03 -0.353144318173D-04  0.500183061647D-02 -0.164607282765D-01
 -0.319534507514D-01 -0.874111887289D-03 -0.317798087117D-01 -0.117151496213D-02
 -0.145906998091D-03 -0.549756185906D-04 -0.220943785043D-03  0.560583360339D-02
 -0.177195107659D-01 -0.314978710874D-01 -0.992950930089D-03  0.307905526966D+00
  0.217890172265D-02  0.708538532294D-03  0.219339979382D-02  0.878978546666D-03
  0.117063084382D-02 -0.289409139300D-03  0.972328533140D-03 -0.300217969981D-03
  0.423769770154D-03  0.524683767381D-03  0.177531968020D-03 -0.409716091092D-02
  0.231084935582D-04  0.975743606641D-04 -0.130622056417D-02 -0.403667209058D-04
 -0.323856904401D-03  0.401756717077D-03  0.526845136095D-03  0.199707664813D-03
 -0.416651191956D-02  0.214271945819D-03 -0.334077109866D-04 -0.141892796854D-02
  0.341099407086D+00 -0.282359513010D-02  0.473257407151D-02 -0.386082738015D-02
  0.106444363405D-01 -0.374520284409D-02  0.328550648601D-02  0.309678429801D-03
 -0.263264888547D-02  0.110426566187D-02 -0.209841614944D-03  0.621910542334D-03
  0.304254925554D-02 -0.926764874662D-03 -0.501479694169D-03 -0.146075626826D-02
 -0.110965373152D-02 -0.260196697198D-02  0.270725288591D-03 -0.915893196455D-03
  0.969608657098D-03  0.323163141810D-02 -0.118515973002D-02 -0.937147662359D-03
 -0.275407094073D-02 -0.157618811642D-02  0.133948878770D-01  0.106259946227D-01
  0.767569625897D-02  0.105320026469D-01  0.118742269628D-01  0.157127753354D-02
  0.345175493294D-02  0.587726960505D-02 -0.753862317384D-03  0.323821346136D-02
  0.192033203009D-02  0.121165464474D-02 -0.289654892859D-01 -0.162450454683D-02
 -0.578230746778D-03 -0.100122112965D-01 -0.227374639133D-02 -0.713143067535D-03
  0.199118844212D-02  0.105903055264D-02  0.244799729140D-02 -0.289651411417D-01
 -0.103188017152D-02 -0.561576277108D-03 -0.140845404275D-01 -0.305302375668D-02
  0.402172785197D-02  0.318936434618D+00  0.114408022366D-01 -0.187131092299D-01
  0.114191159738D-01 -0.429973306133D-02 -0.310815934714D-03  0.166131633283D-02
 -0.213558654850D-02  0.377680935266D-03 -0.599455811318D-02 -0.581340458755D-02
 -0.228559311379D-03  0.336052886920D-01 -0.109642541143D-01 -0.717624234920D-03
 -0.180679412212D-02  0.109804906794D-02  0.480969152008D-03 -0.560018751009D-02
 -0.550380091004D-02 -0.220374014193D-03  0.331235891773D-01 -0.125694929274D-01
 -0.136644703195D-04 -0.149592465273D-02  0.222960615073D-02  0.287956240682D-02
  0.263299357285D-01  0.167992122842D+00  0.731367498484D-02  0.342654986813D-02
  0.765587225098D-02  0.890821244842D-02 -0.299236749859D-03  0.260241274214D-02
  0.490945042710D-02  0.522830244410D-03  0.225309404345D-02  0.970859224761D-03
  0.117450913003D-02 -0.256256473044D-01 -0.333555436366D-02 -0.836329041775D-03
 -0.944631437392D-02 -0.236785592131D-02  0.705418754452D-03  0.112829906351D-02
  0.208674834532D-03  0.263825917647D-02 -0.257179191385D-01 -0.311411173997D-02
 -0.260636781788D-03 -0.137050558824D-01 -0.265731213934D-02  0.398763693952D-02
 -0.193306958313D-01  0.238169870800D-01  0.323213761329D+00  0.138166658887D-01
 -0.212580127071D-01  0.154874294821D-01 -0.995689634153D-02  0.126709817707D-01
 -0.146320669635D-02  0.188771365743D-01  0.141539722867D-02 -0.101672022075D-02
 -0.630087446537D-03  0.108736007302D-02  0.252950085395D-01 -0.164829292345D-01
 -0.745262474428D-03 -0.112342021663D-01  0.222275711323D-04  0.171140246328D-02
 -0.103713115077D-03 -0.186429836097D-03  0.138884958852D-02  0.231600840415D-01
 -0.166345737810D-01  0.102112168681D-03 -0.104175001879D-01  0.102227874586D-02
 -0.578392446122D-02 -0.595460429106D-03 -0.228173890940D-01 -0.193493981001D-02
  0.188503594201D+00
$end
