$dipgrad
  0.730973160681425      -0.139305141090351       0.301491247030025     
 -0.156745958426976       0.337239265406024      -0.117909436338400     
  0.302602143282951      -0.104226541959349       0.563098791299000     
  0.746374420294276       1.807081343284889E-002 -1.130969943274995E-002
  4.489789018592427E-002   1.42519845815172       4.665081384864989E-002
 -1.121988831797482E-002  3.148225035745078E-002  0.755625373546350     
 -0.670046286198549      -0.511876979537924      -0.381921814158250     
  0.217288388891752      -0.719184972452924       0.156777667856300     
 -0.368103780547548      -0.389805350441750      -0.459994187499300     
   1.16241548736838       0.828608251674150       0.685606913676575     
  0.308142565193075        1.98838871505927       0.256983281237875     
  0.667857516494326       0.638864271177224       0.785467884494150     
 -0.471237182433151      -0.297837881738601      -0.207199048670650     
 -0.318252631901275       -1.58526560329620      -0.259817792153925     
 -0.207436023050900      -0.239345542908049      -0.362488994012225     
  0.774146300987724      -0.212878407827477       0.409092734587100     
  0.101174875166101        1.90494445663800       9.838802076692521E-002
  0.410492804879401      -0.139907945182050       0.537608411227825     
 -0.383183437885051       0.330150093264177      -0.211878022025750     
  0.151770225156149      -0.402324567222374       0.110595397075175     
 -0.213859300652350       0.244219661339276      -0.255798534708375     
  0.172512332712249       0.317668077165076       0.106022274980675     
 -7.450891881632504E-002  0.835973469685025      -4.555205865357514E-002
  0.100305379732200       0.249170622385575       0.117144276276100     
 -0.843066873030274      -0.698985500743277      -0.413145621125750     
 -0.498718940885949       -1.81213087356300      -0.400751085895325     
 -0.405445712004000      -0.548928369086650      -0.626941220376275     
 -0.405183776346698       0.307822922462424      -7.831446323799951E-003
  0.110926071498749       -1.40525202174927       6.963636278889990E-002
 -9.548590393249068E-003  0.215897654483375      -0.392966269391200     
  0.229549428577924       0.114865428077175      -5.843132563022491E-002
  6.424717050192319E-002  0.428338790159450       5.030631101967498E-002
 -5.905911342479975E-002  9.001132165935122E-002  0.265168989046825     
  0.337577768117125      -9.341042225257556E-002  4.838872750987488E-002
 -2.152877242364903E-002  0.255663916657627      -1.610729611832507E-002
  4.918425534810034E-002 -6.935515640180023E-002  0.308259113209600     
  0.125789141565198       3.802676977870068E-002 -2.577036039774994E-002
  3.359671297857636E-002  0.102170171906000       2.468589929385007E-002
 -2.600271675659904E-002  2.823080516975107E-002  0.141448922401550     
  0.154214765047549      -1.862646929737588E-002  4.796986878999321E-004
 -7.749502504748040E-003  9.875074235567549E-002 -6.667863837174770E-003
  2.737315189249578E-004 -1.474854749317522E-002  0.153591215088350     
  0.227085753135023      -7.781153060280044E-002 -3.772424307670025E-002
 -6.436045302207427E-002  0.262510221180625      -4.888081202274991E-002
 -3.729328012697541E-002 -5.879205226079876E-002  0.247324791942725     
 -0.603130921952024      -0.550026510142352      -0.333995070681125     
  0.226948281324275      -0.835125172168900       0.175936046868025     
 -0.331689478184249      -0.431357955683049      -0.433358671496775     
  0.951971052710252       0.443250693638200       0.530134464952425     
  0.266019944179725        1.56748258418815       0.206437099948775     
  0.525358965049927       0.340393055545574       0.677217701869800     
 -0.536814021594274      -8.548507940447481E-002 -0.244297097285225     
 -0.339278256160176       -1.32187988955592      -0.261082019716300     
 -0.243246040641474      -6.239884097567483E-002 -0.410671938443200     
  0.917837385276250      -0.426235059474325       0.552760114815175     
  0.119864764635600        1.63543374069122       8.255353167357510E-002
  0.556792995952127      -0.343304290368851       0.645388006444000     
 -0.532392565132500       0.407966082822500      -0.290108922906800     
  0.207195525154427      -0.502732701772850       0.162516826359325     
 -0.292572582925026       0.319635948598600      -0.387578528350825     
  0.139006746991874       0.274088216808075       6.916803468107496E-002
 -0.207669548599800        1.08530641871398      -0.160572886530450     
  6.666509241880059E-002  0.216885669935625       0.106164182744025     
 -0.705838216827750      -0.286166528838976      -0.290989920770950     
 -0.302177632364775       -1.02245532326405      -0.236025770790550     
 -0.290603102460649      -0.222924325271077      -0.553419248786475     
 -0.457581858464950       0.375021075350050      -8.701756474500111E-003
  0.194818542446300       -1.31167649450417       0.157802506931925     
 -6.086674333976028E-003  0.298562312597150      -0.450014539431075     
  0.218268396101424       6.775539138915043E-002 -6.897592012037518E-002
  4.651968232934900E-002  0.343485218510575       3.527795861892502E-002
 -6.928412838122622E-002  5.219686500680165E-002  0.250742063240000     
  0.280651322235050      -2.375075961737361E-002  2.116616203417493E-002
 -9.527063584451323E-003  0.177817988756601      -8.709400458074834E-003
  1.976596199170011E-002 -2.175589745179840E-002  0.263610900116775     
  0.109438924691125       2.195008581737712E-002 -4.770236892164992E-002
  1.649026313359947E-002  7.053644636527467E-002  1.258930441487477E-002
 -4.877947532434979E-002  1.806555056814929E-002  0.132161730234800     
  0.133449321496075      -1.342807557164871E-002 -1.056776221610017E-002
 -6.858135492098238E-003  0.106272626395600      -5.338260159550023E-003
 -1.113075921225004E-002 -1.039038082949917E-002  0.138157022423400     
  0.238570864119951      -9.553672710722383E-002 -4.587378144614990E-002
 -0.107727120713150       0.376339132558601      -8.340879496295001E-002
 -4.605815053862372E-002 -7.388092822480097E-002  0.260552880803300     
$end
