$grad          cartesian gradients
  cycle =      1 MP2 energy =    -1081.4471514772 |dE/dxyz| =  0.106271
   -1.77861968587735     -6.54732468756629      1.36740016132702      ag
   -4.19258797469264      2.04313977065138     -0.28018591442424      ag
   -7.46369257415352     -3.19278867929278     -2.86949244257540      n
   -5.40672945683250     -3.70161255866015     -1.33110230174666      c
   -4.86300044604548     -6.23069918410165     -0.95227646258400      n
   -6.23625686866151     -8.06362959906790     -2.00831967690775      c
   -8.34062754550421     -7.49323277307898     -3.58801545157174      c
   -8.88374239529771     -5.01918442128793     -3.96451503786355      c
   -4.15897730567471     -2.01329910527063     -0.37324358816305      o
   -5.59484035510756    -10.45900109299927     -1.55268213957959      n
   -6.58987943037606    -11.89306323342649     -2.31416051332610      h
   -4.10440201492707    -10.86934756407573     -0.42615025073445      h
   -9.46217055735580     -8.96315435662349     -4.45347222638500      h
  -10.44179702627605     -4.38708614730035     -5.13128675500441      h
   -7.85825794228561     -1.33761429800415     -3.13990469343500      h
    4.04414431769472     -9.38409463240671      5.85531264650273      n
    1.98862306141389     -9.10628599345895      4.25285134110338      c
    1.29806988892571     -6.64365158751679      3.70907886661528      n
    2.52870490076245     -4.66276695462131      4.67101182974361      c
    4.62826622459431     -4.99949347497247      6.32307655643226      c
    5.31838476007169     -7.40655481476828      6.86198298612552      c
    0.86799278728498    -10.92276256297715      3.38397605171387      o
    1.75014340276529     -2.34506131506798      4.05208683663559      n
    2.63686715548970     -0.81033157376064      4.74940333895707      h
    0.25649252815713     -2.09311168853679      2.88006923974696      h
    5.63423925527368     -3.41125613818315      7.11843394030770      h
    6.88584455801854     -7.86350760148564      8.09620280843830      h
    4.54855001736098    -11.18963157733564      6.24967770366462      h
  -.56009860477593D-02  0.53044398487261D-02  -.41148951028695D-02
  0.20874287609551D-06  0.42811750944338D-06  0.29609718532608D-06
  -.19709202262820D-01  -.64248900153920D-02  -.14891111874096D-01
  0.42144273413186D-01  0.55123776036636D-01  0.32164119299539D-01
  -.76421280578880D-02  -.36115642918539D-01  -.60484561919361D-02
  0.52310651402827D-02  0.18980209836175D-01  0.41701438542683D-02
  -.14368647063021D-02  -.47680654319517D-02  -.11034663142580D-02
  0.64891014960367D-02  0.91698416403476D-02  0.50071392573727D-02
  -.24769058134217D-01  -.33522472470972D-01  -.19114941339217D-01
  0.13506375943684D-02  -.13889993077278D-01  0.77062485809942D-03
  0.12374875515899D-02  0.22740794426195D-02  0.98418287545066D-03
  -.12660452617759D-02  0.17045986239119D-02  -.88354491450193D-03
  0.53692094024882D-03  0.12387454065443D-03  0.39720513124664D-03
  0.21286477091387D-03  -.27890595003877D-03  0.11767926669393D-03
  0.39970538179617D-02  0.23467013666192D-02  0.31746570521038D-02
  0.82784664449154D-03  -.40368162841062D-02  0.55484548569318D-03
  -.24522764403789D-02  0.57801777123771D-02  -.18407422301072D-02
  0.20556796748115D-02  -.47493101755891D-02  0.13907988994912D-02
  -.58066186554111D-02  0.78923625763458D-02  -.45281817687206D-02
  0.37775557232607D-02  -.32194398544920D-02  0.30149973006726D-02
  0.69474206129883D-03  0.40992106257129D-02  0.56257128963999D-03
  0.18268627961584D-02  -.31414211067577D-02  0.13822766748337D-02
  0.38963296589909D-02  -.78087956599830D-02  0.27606935365081D-02
  -.10393816007204D-02  0.39662183152700D-03  -.68508531726819D-03
  -.36685852461291D-02  0.33668897709558D-02  -.26884494530970D-02
  -.12313728137059D-03  -.23387142515041D-04  -.20508958142873D-04
  -.27411842989533D-03  0.58832172185941D-04  -.12447579474451D-03
  -.49022763017392D-03  0.13570957369335D-02  -.40837140222116D-03
$end
