$grad          cartesian gradients
  cycle =      1    SCF energy =    -2390.7808509750   |dE/dxyz| =  0.013166
   -1.28284339415990      2.22194993683905     -3.28696109067175      p
   -1.70958777193203      2.96109288098475      0.66893910659090      p
    0.00000000000000      0.00000000000000      3.05898556267489      p
   -2.95947785809698      5.12596601409908      1.59836012985589      h
   -1.28284339415990     -2.22194993683905     -3.28696109067175      p
    2.56568678831980      0.00000000000000     -3.28696109067175      p
   -1.70958777193203     -2.96109288098475      0.66893910659090      p
    3.41917554386406      0.00000000000000      0.66893910659090      p
   -2.95947785809698     -5.12596601409908      1.59836012985589      h
    5.91895571619396      0.00000000000000      1.59836012985589      h
  0.84126076571896D-03  -.14571063886285D-02  -.17850118043749D-02
  -.25647811502688D-02  0.44423312625632D-02  0.22508586536520D-02
  0.00000000000000D+00  0.00000000000000D+00  0.25981855481079D-02
  0.20268517906250D-02  -.35106102807743D-02  -.13061215918442D-02
  0.84126076571896D-03  0.14571063886279D-02  -.17850118043749D-02
  -.16825215314524D-02  0.00000000000000D+00  -.17850118043749D-02
  -.25647811502688D-02  -.44423312625632D-02  0.22508586536520D-02
  0.51295623005168D-02  0.00000000000000D+00  0.22508586536520D-02
  0.20268517906249D-02  0.35106102807742D-02  -.13061215918442D-02
  -.40537035812499D-02  0.00000000000000D+00  -.13061215918442D-02
  cycle =      2    SCF energy =    -2390.7809748520   |dE/dxyz| =  0.007302
   -1.28386002120532      2.22371078653407     -3.28487929813121      p
   -1.70952979682169      2.96099246514807      0.66726310618428      p
    0.00000000000000      0.00000000000000      3.05234414942418      p
   -2.96385565181683      5.13354857524691      1.60016814213888      h
   -1.28386002120532     -2.22371078653407     -3.28487929813121      p
    2.56772004241065      0.00000000000000     -3.28487929813121      p
   -1.70952979682169     -2.96099246514807      0.66726310618428      p
    3.41905959364338      0.00000000000000      0.66726310618428      p
   -2.96385565181683     -5.13354857524691      1.60016814213888      h
    5.92771130363365      0.00000000000000      1.60016814213888      h
  0.65889670631473D-03  -.11412425722674D-02  -.11591009515014D-02
  -.14241861544182D-02  0.24667627788938D-02  0.12667123860434D-02
  0.00000000000000D+00  0.00000000000000D+00  0.15139105482331D-02
  0.98322810310038D-03  -.17030010299995D-02  -.58599301747810D-03
  0.65889670631473D-03  0.11412425722680D-02  -.11591009515014D-02
  -.13177934126437D-02  0.00000000000000D+00  -.11591009515014D-02
  -.14241861544182D-02  -.24667627788932D-02  0.12667123860434D-02
  0.28483723088109D-02  0.00000000000000D+00  0.12667123860434D-02
  0.98322810310036D-03  0.17030010299995D-02  -.58599301747810D-03
  -.19664562062010D-02  0.00000000000000D+00  -.58599301747810D-03
  cycle =      3    SCF energy =    -2390.7810283490   |dE/dxyz| =  0.001497
   -1.28553582066428      2.22661335634028     -3.28184459308217      p
   -1.70874018477103      2.95962481695806      0.66522870423349      p
    0.00000000000000      0.00000000000000      3.04482629957552      p
   -2.96784492422204      5.14045819773797      1.60167378899018      h
   -1.28553582066428     -2.22661335634028     -3.28184459308217      p
    2.57107164132857      0.00000000000000     -3.28184459308217      p
   -1.70874018477103     -2.95962481695806      0.66522870423349      p
    3.41748036954207      0.00000000000000      0.66522870423349      p
   -2.96784492422204     -5.14045819773797      1.60167378899018      h
    5.93568984844407      0.00000000000000      1.60167378899018      h
  0.35816751924974D-03  -.62036434094755D-03  -.31753014750565D-03
  -.91836078970786D-04  0.15906475475802D-03  0.14732962530199D-03
  0.00000000000000D+00  0.00000000000000D+00  0.15607265813400D-03
  -.11050687511499D-03  0.19140352228486D-03  0.14490862116331D-03
  0.35816751924974D-03  0.62036434094755D-03  -.31753014750565D-03
  -.71633503851783D-03  0.00000000000000D+00  -.31753014750565D-03
  -.91836078970194D-04  -.15906475475891D-03  0.14732962530199D-03
  0.18367215792677D-03  0.00000000000000D+00  0.14732962530199D-03
  -.11050687511497D-03  -.19140352228484D-03  0.14490862116331D-03
  0.22101375022980D-03  0.00000000000000D+00  0.14490862116331D-03
  cycle =      4    SCF energy =    -2390.7810337760   |dE/dxyz| =  0.000614
   -1.28694901090891      2.22906107364474     -3.28025714004001      p
   -1.70749335662851      2.95746524726691      0.66480327103088      p
    0.00000000000000      0.00000000000000      3.04430971521040      p
   -2.96645174835626      5.13804514635456      1.60068396393900      h
   -1.28694901090891     -2.22906107364474     -3.28025714004001      p
    2.57389802181783      0.00000000000000     -3.28025714004001      p
   -1.70749335662851     -2.95746524726691      0.66480327103088      p
    3.41498671325704      0.00000000000000      0.66480327103088      p
   -2.96645174835626     -5.13804514635456      1.60068396393900      h
    5.93290349671252      0.00000000000000      1.60068396393900      h
  0.10752827234128D-03  -.18624443093351D-03  -.89138701024893D-05
  0.10383069902768D-03  -.17984004609180D-03  0.22977840427411D-04
  0.00000000000000D+00  0.00000000000000D+00  -.16455540824578D-03
  -.74338328349965D-04  0.12875776165189D-03  0.67330093749893D-04
  0.10752827234010D-03  0.18624443093351D-03  -.89138701024893D-05
  -.21505654469767D-03  0.00000000000000D+00  -.89138701024893D-05
  0.10383069902709D-03  0.17984004609180D-03  0.22977840427411D-04
  -.20766139806957D-03  0.00000000000000D+00  0.22977840427411D-04
  -.74338328349984D-04  -.12875776165181D-03  0.67330093749893D-04
  0.14867665669975D-03  0.00000000000000D+00  0.67330093749893D-04
  cycle =      5    SCF energy =    -2390.7810331260   |dE/dxyz| =  0.000497
   -1.28761532882085      2.23021517012222     -3.28000649019838      p
   -1.70759038843176      2.95763331128009      0.66486415675120      p
    0.00000000000000      0.00000000000000      3.04515390234193      p
   -2.96580408695782      5.13692336390636      1.60009103266654      h
   -1.28761532882085     -2.23021517012222     -3.28000649019838      p
    2.57523065764171      0.00000000000000     -3.28000649019838      p
   -1.70759038843176     -2.95763331128009      0.66486415675120      p
    3.41518077686354      0.00000000000000      0.66486415675120      p
   -2.96580408695782     -5.13692336390636      1.60009103266654      h
    5.93160817391563      0.00000000000000      1.60009103266654      h
  -.91673229576372D-05  0.15878269147507D-04  -.11107058979813D-04
  -.77345069325811D-04  0.13396558979769D-03  0.13060340279658D-03
  0.00000000000000D+00  0.00000000000000D+00  -.57928891766146D-04
  0.92595590708030D-04  -.16038026766315D-03  -.73789018789452D-04
  -.91673229576372D-05  -.15878269147507D-04  -.11107058979813D-04
  0.18334645902840D-04  0.00000000000000D+00  -.11107058979813D-04
  -.77345069325811D-04  -.13396558979798D-03  0.13060340279658D-03
  0.15469013863682D-03  0.00000000000000D+00  0.13060340279658D-03
  0.92595590708030D-04  0.16038026766313D-03  -.73789018789452D-04
  -.18519118141621D-03  0.00000000000000D+00  -.73789018789452D-04
$end
