$hessapprox internal
  0.130133463937D-01 -0.931157033291D-02  0.106736005154D+01  0.136068501095D-02
  0.223297494118D-01  0.406448461208D+00 -0.395876887439D-02 -0.196474134058D-01
 -0.178375403283D-01  0.357236489246D+00 -0.494639167484D-02 -0.339623157992D-01
  0.176524905573D-01 -0.344903594497D-01  0.337553054453D+00  0.146798830458D-02
  0.175116758973D-01  0.966137929254D-02 -0.223278087442D-02 -0.428406741395D-02
  0.666692339337D-01  0.196148933248D-02 -0.344949180036D-02  0.370276694495D-02
  0.836163234441D-02 -0.226512965263D-02 -0.107155484346D-01  0.790550681582D-01
  0.536984609116D-02 -0.369782374581D-02 -0.625111154926D-02 -0.866937826922D-02
 -0.872604524518D-02  0.661993054120D-02  0.527780826275D-02  0.454491909081D+00
  0.628515300269D-02 -0.193696576154D-01 -0.102620808619D-01 -0.141926693987D-01
 -0.982124004589D-02  0.507645500150D-02  0.107308534033D-02  0.660566909632D-02
  0.455734458318D+00 -0.308420180070D-02  0.262406935730D-02 -0.379908164675D-01
  0.406130516279D-02  0.438551893220D-01 -0.213308443688D-02 -0.272948912136D-01
 -0.104789275157D-01 -0.166862714606D-01  0.296141879043D+00 -0.378068825347D-02
 -0.220628796335D-01 -0.445999799278D-02  0.761928796147D-02  0.671562101427D-02
 -0.111739288199D-02 -0.593229947367D-02 -0.295988363325D-02 -0.145370681753D-02
 -0.503941964152D-02  0.382160235807D+00 -0.603731365422D-03  0.116780362069D-02
  0.124278325106D-02  0.150193780330D-02 -0.507058972176D-04  0.218590680062D-02
  0.336370995347D-02  0.688248462037D-03  0.174600403189D-03 -0.222210025647D-02
 -0.103831363848D-02  0.408141203328D-01  0.235568913882D-02  0.413237123889D-02
 -0.475765303006D-02  0.325071728616D-02 -0.225854974168D-02  0.985789178807D-02
  0.813529714785D-02 -0.178847086327D-02 -0.722927979302D-03 -0.402492773549D-02
 -0.784359994835D-02  0.852227080578D-03  0.439699983603D+00  0.578780515705D-02
 -0.756213103435D-02 -0.175632927364D-01  0.319113337410D-01  0.448754598104D-01
 -0.423918745990D-02 -0.254395013695D-01 -0.942858502025D-02 -0.827300597702D-02
 -0.305020452331D-01 -0.744912473482D-02 -0.388432493769D-02 -0.159415714945D-01
  0.325888848296D+00  0.100337756007D-01  0.185039855736D-01 -0.265785008801D-02
 -0.210763893434D-01 -0.215593464201D-01  0.127706987624D-01 -0.583243974228D-01
 -0.305115508870D-02  0.189513655505D-02  0.258951819780D-01  0.895117973199D-02
 -0.508643497928D-02 -0.248830916834D-02  0.258036046626D-01  0.110093105736D+00
  0.135607205797D-01 -0.535128644018D-01  0.139467760834D-01 -0.359591458625D-01
 -0.460225414410D-01  0.106853314421D-01  0.267009741880D-02  0.302602683310D-01
  0.277543239737D-01 -0.214772498423D-01 -0.427351189851D-02  0.114553623980D-02
  0.149100455092D-01 -0.630365866183D-02  0.132220559227D-01  0.814692782070D+00
  0.723515622002D-02  0.155814204037D-01 -0.303731686064D-01 -0.129520880964D-01
  0.118796794729D-02  0.114811732586D-01 -0.154242091001D-01  0.665634271717D-02
  0.502478995692D-02 -0.565111402726D-01 -0.343408421990D-02  0.201294016001D-03
  0.599502554056D-02 -0.490917424988D-01 -0.909398131485D-02  0.499318356190D-01
  0.442895413782D+00  0.916159364706D-03  0.509528332527D-01  0.288100399727D-01
  0.583337815808D-01  0.354514025785D-01  0.879981403522D-02  0.786454165618D-03
  0.101511121543D-01  0.221687386116D-01  0.478086068314D-02 -0.880584689884D-02
 -0.224321466667D-02 -0.733478036974D-02 -0.484917410306D-01  0.899137582486D-02
  0.675082438387D-01  0.341118362049D-02  0.312531008925D+00
$end
