$cbas
*
o def2-QZVPP 
*
 1  s
 343.426   1.0
   1  s
 83.0000   1.0
   1  s
 31.1738   1.0
   1  s
 16.5047   1.0
   1  s
 3.64359   1.0
   1  s
 2.37441   1.0
   1  s
 1.12253   1.0
   1  s
 0.547973  1.0
   1  s
 0.251004  1.0
   1  p
 80.3893   1.0
   1  p
 25.6196   1.0
   1  p
 12.2932   1.0
   1  p
 5.4589    1.0
   1  p
 2.81808   1.0
   1  p
 1.46718   1.0
   1  p
 0.683773  1.0
   1  p
 0.393259  1.0
   1  d
 25.6482   1.0
   1  d
 9.6675    1.0
   1  d
 4.75277   1.0
   1  d
 2.44981   1.0
   1  d
 1.35546   1.0
   1  d
 0.739093  1.0
   1  d
 0.292764  1.0
 1  f
  10.502388090       1.0000000000
   1  f
  4.4495593000       1.0000000000
   1  f
  2.9580200500       1.0000000000
   1  f
  1.3208390600       1.0000000000
   1  f
 0.73872352000       1.0000000000
   1  g
  4.9476228900       1.0000000000
   1  g
  2.5401950000       1.0000000000
   1  g
  1.2595085000       1.0000000000
   1  h
  2.7655405000       1.0000000000 
*
n def2-QZVPP 
*
 1  s
 270.16    1.0
   1  s
 65.5655   1.0
   1  s
 26.1581   1.0
   1  s
 12.1539   1.0
   1  s
 2.93899   1.0
   1  s
 1.74277   1.0
   1  s
 0.970756  1.0
   1  s
 0.431318  1.0
   1  s
 0.265722  1.0
   1  p
 75.0137   1.0
   1  p
 20.646    1.0
   1  p
 8.50289   1.0
   1  p
 3.51896   1.0
   1  p
 2.17404   1.0
   1  p
 0.852831  1.0
   1  p
 0.453657  1.0
   1  p
 0.323403  1.0
   1  d
 21.1146   1.0
   1  d
 7.10001   1.0
   1  d
 3.57592   1.0
   1  d
 2.04643   1.0
   1  d
 1.25245   1.0
   1  d
 0.631629  1.0
   1  d
 0.311297  1.0
 1  f
    8.47976509            1.00000000
   1  f
    3.61735700            1.00000000
   1  f
    2.49535994            1.00000000
   1  f
    1.03313399            1.00000000
   1  f
    0.48153351            1.00000000
   1  g
    4.18508470            1.00000000
   1  g
    1.92553488            1.00000000
   1  g
    0.97077363            1.00000000
   1  h
    2.12819152            1.00000000 
*
h def2-QZVPP 
*
 1  s
 45.3144   1.0
   1  s
 6.149     1.0
   1  s
 1.68393   1.0
   1  s
 0.957278  1.0
   1  s
 0.4168    1.0
   1  s
 0.21261   1.0
 1  p
    3.22865328            1.00000000
   1  p
    1.22856824            1.00000000
   1  p
    0.51629315            1.00000000
   1  p
    0.22450816            1.00000000
   1  d
    2.77818064            1.00000000
   1  d
    1.01771006            1.00000000
   1  d
    0.52759834            1.00000000
   1  f
    1.89643296            1.00000000
   1  f
    0.67193094            1.00000000
   1  g
    2.13088265            1.00000000 
*
c def2-QZVPP 
*
 1  s
 202.295   1.0
   1  s
 51.3313   1.0
   1  s
 18.6563   1.0
   1  s
 9.75702   1.0
   1  s
 2.08742   1.0
   1  s
 1.36406   1.0
   1  s
 0.755212  1.0
   1  s
 0.393118  1.0
   1  s
 0.238355  1.0
   1  p
 55.2284   1.0
   1  p
 14.0178   1.0
   1  p
 6.12745   1.0
   1  p
 3.21501   1.0
   1  p
 1.52354   1.0
   1  p
 0.803065  1.0
   1  p
 0.39891   1.0
   1  p
 0.211955  1.0
   1  d
 17.1539   1.0
   1  d
 6.5149    1.0
   1  d
 3.39514   1.0
   1  d
 1.78273   1.0
   1  d
 1.02913   1.0
   1  d
 0.522022  1.0
   1  d
 0.320372  1.0
 1  f
    5.44841115            1.00000000
   1  f
    2.26301396            1.00000000
   1  f
    1.73897844            1.00000000
   1  f
    0.72979487            1.00000000
   1  f
    0.34863256            1.00000000
   1  g
    2.81277615            1.00000000
   1  g
    1.34955758            1.00000000
   1  g
    0.71325674            1.00000000
   1  h
    1.48693611            1.00000000 
*
$end