$coord
1.83902751176823 7.45117313121543 4.05648186952778 o
-2.32826843515874 3.26407358413115 -0.99991358418768 n
4.19779283161076 3.24967232995712 1.67308640153566 n
1.21951002479821 0.89246523737495 -2.10131689165276 n
-1.9019079097922797 6.55169389899487 1.9784842429838 n
-5.74796651408723 5.92018746037289 -0.12027907344165 n
0.18498081629597 2.74477933829801 -0.58944808845631 c
1.67149807196962 3.9796772919238403 1.1807120216826 c
-3.27164514971732 5.15559180685624 0.2941930844832 c
0.6734996310848 6.08406046241937 2.55204635655888 c
5.39849400155718 1.88926514416026 -0.42348973752113 c
3.60533328678024 -0.21211665383466 -1.27318295468469 c
7.87207116716094 0.80144414499421 0.59133886527874 c
-2.64038140900612 8.13781877751079 2.77560500602638 h
3.36376801932986 -1.55051072302988 0.30033530771821 h
-6.73240214577051 6.36570937269294 1.46420030564638 h
-6.67112174976303 4.64925886552934 -1.22088817867866 h
8.80122502363267 -0.36807535579329 -0.84768085566313 h
9.15788953978586 2.38280064685382 1.05692663782434 h
7.43568422786894 -0.75812545435425 2.71929101355788 o
6.24251622256211 0.18602024028031 3.75319439449181 h
5.20025624428283 4.80882554715464 2.22315131448866 h
-0.08346279025662 -0.28477468540612 -2.87603608610833 h
4.45886319124122 -1.21872308481891 -2.87544328609967 h
5.78457592893158 3.12724268846932 -2.06254169823105 h
$user-defined bonds 
 
$end