$symmetry    c1
$atoms
o 7 \
   cbas = o def2-TZVP                     \
   basis = o def2-TZVP
n 1,3,8 \
   cbas = n def2-TZVP                     \
   basis = n def2-TZVP
h 9-13 \
   cbas = h def2-SVP                     \
   basis = h def2-SVP
c 2,4-6 \
   cbas = c def2-TZVP                     \
   basis = c def2-TZVP
$denconv 1d-07
#
# NumForce insertion:
#
$scfconv 7
$drvopt
   frequency analysis only nofreeze
$hessian  file=hessian
$dipgrad  file=dipgrad
$grad  file=gradient
$vibrational normal modes
 1  1  -0.0010499150   0.0607681346   0.0705548760   0.0221209549   0.0263926409
 1  2  -0.0088876412   0.2866445369   0.1755679310  -0.0800835488   0.0198528293
 1  3   0.0896245693  -0.0337374554   0.1219544373   0.0829090442   0.0430939554
 1  4  -0.0256717419  -0.0107452977  -0.0278434085  -0.1263381938  -0.0932990280
 1  5  -0.0672780397  -0.0223235232   0.1254163102  -0.0435412018  -0.1089788138
 1  6   0.0160960958  -0.0246940844  -0.0401880659   0.1563770337   0.0825439889
 1  7   0.1011647635  -0.0188236351   0.0951419286   0.1049223604   0.0004438466
 1  8  -0.0009357175   0.0497562147  -0.0036098600  -0.0001222870
 2  1  -0.0004226999  -0.1808754186   0.2116372637   0.0019656707   0.0564482943
 2  2  -0.0764808677   0.0486859731   0.0597920545  -0.0304347301  -0.0510174739
 2  3   0.0222106915   0.0916923209  -0.0078163664  -0.1577567273   0.1475355193
 2  4  -0.0050722844  -0.0050404747  -0.0064023716  -0.0385343402  -0.1183444093
 2  5   0.1652742128   0.0718681038  -0.0861801318   0.0837637498  -0.0010781559
 2  6   0.0223736678  -0.1236113921  -0.0877047982   0.1201098022  -0.0002382940
 2  7   0.1303700505   0.0154939342  -0.0340690779   0.0318596101  -0.0002868227
 2  8  -0.0014189892  -0.0514238747   0.0036149934   0.0000268236
 3  1   0.0016068861   0.0044739758   0.0232023338  -0.3262774711   0.0328069290
 3  2   0.0790579756  -0.0443425487  -0.3088102180   0.1416814759   0.0332995151
 3  3  -0.1549468464   0.0364609205   0.0263292655   0.0528310690   0.0382809022
 3  4   0.0482802990   0.0281381379   0.0659503164   0.2103300968  -0.0806042583
 3  5   0.0008816792  -0.0159719682   0.0526640920  -0.0056245587  -0.0561807932
 3  6   0.0089335607  -0.0390063385  -0.0427523219   0.1173147126   0.0469853345
 3  7   0.0857699495  -0.0073169409   0.0461068810   0.0667060361   0.0001771080
 3  8  -0.0008271728   0.0172989486  -0.0012749338  -0.0000856013
 4  1   0.0022360966   0.2094704518   0.1385198667   0.0120849316  -0.0181499763
 4  2   0.0181651767   0.1364463162   0.0275456519   0.0429453097  -0.0281712471
 4  3   0.0266503383  -0.0714966809  -0.0435974261  -0.0044102975   0.2014574129
 4  4   0.0208116613  -0.0265943414   0.1079718541   0.3791664701   0.1666941565
 4  5  -0.0213193159   0.0053977756  -0.0031380733   0.0305817610   0.0078227526
 4  6   0.0015276030  -0.0821657077  -0.0202987950   0.0067014944   0.0162735990
 4  7   0.0384370314  -0.0174300119   0.0254727816  -0.6551321490   0.0000516276
 4  8  -0.0003647103   0.0008219743   0.0005586177   0.0000973308
 5  1  -0.0060668034  -0.1619923540   0.2150289362  -0.0473465549   0.1024397530
 5  2  -0.1206133813   0.0535879716   0.0048634364   0.0086372283  -0.0168163573
 5  3   0.0030631676   0.0836320427  -0.0028359543  -0.1215893624   0.0228763239
 5  4  -0.0111671000  -0.0077344847   0.0393297602   0.1368351118   0.0952359749
 5  5  -0.0762560196  -0.0155480772  -0.0830967446  -0.1971581419   0.0162115394
 5  6  -0.0369496574   0.4185664023   0.0573535971   0.0732901611   0.0250545022
 5  7  -0.0700415295  -0.0179452847   0.0918388064  -0.0294948973  -0.0009609148
 5  8  -0.0010194810   0.0009159536  -0.0004259158   0.0000676155
 6  1   0.0048082772  -0.1541141930  -0.0338606863  -0.1741785444  -0.0717105129
 6  2   0.1902190709   0.0452722673  -0.0485237628  -0.0733225397  -0.0157800843
 6  3  -0.0418566982   0.0059720276  -0.0519854255  -0.0027141413   0.1142842443
 6  4   0.0340130905   0.0431657117  -0.2061832790  -0.6756538010   0.1118634594
 6  5  -0.0071670231  -0.0257304852  -0.0240097585  -0.0234760951   0.0068341596
 6  6  -0.0056034359   0.0353659191   0.0006071343   0.0184932516   0.0131804785
 6  7   0.0074861663  -0.0140751703   0.0322370772  -0.3708827831  -0.0001873007
 6  8  -0.0003960551   0.0006289590   0.0000128711   0.0000888527
 7  1  -0.0009706167   0.2514731327   0.1478860376  -0.0309273774  -0.1199881505
 7  2   0.0238744734   0.0456983131   0.0960573155   0.2190108529  -0.0587597246
 7  3  -0.0668126477  -0.0244858214  -0.0951545751   0.0099334350  -0.0559370714
 7  4  -0.0084461470  -0.0160583416   0.0270051952  -0.1498017109   0.0201837569
 7  5   0.0743457182   0.0143904214   0.0750542213   0.1006041350  -0.0045528616
 7  6   0.0235880446   0.3160475019   0.0242061389  -0.0137777312  -0.0981936792
 7  7   0.2206408661   0.0200990087   0.1612792315   0.0975269713   0.0003110645
 7  8  -0.0002715411   0.0000169450  -0.0009465858   0.0001450555
 8  1   0.0003806776  -0.1220762428   0.2335223920  -0.0298239442   0.0212276810
 8  2  -0.0797526812  -0.0213500462   0.0298686379   0.0788911310  -0.1319284570
 8  3  -0.0418156845   0.0980546861   0.0114068228  -0.0645323529  -0.2163396458
 8  4  -0.0436239393  -0.0042198206  -0.0053717605  -0.0450863461   0.2126217151
 8  5  -0.1444485441  -0.0692173875   0.1907542315   0.0562197907   0.0138114894
 8  6  -0.0067673750  -0.2000892751  -0.0372526908  -0.0633882298   0.0128001868
 8  7   0.0766654353  -0.0021170880  -0.0279707728  -0.0286906908   0.0000595010
 8  8  -0.0000370889   0.0001681135   0.0001516207  -0.0000590554
 9  1   0.0020817105  -0.1516849662  -0.0040244834   0.0016746489  -0.0300604010
 9  2   0.2987634188   0.0745384216  -0.1754871350  -0.3846759123  -0.0805550359
 9  3   0.1074236428  -0.0241300683  -0.0188682436  -0.0359055431  -0.0965306181
 9  4   0.0055646812   0.0192095553  -0.0617780507   0.2760909716   0.0416618522
 9  5   0.0027756407   0.0078322717   0.0827249258   0.0685238655   0.0000871422
 9  6   0.0128228343   0.1345599392   0.0068501325  -0.0196764082  -0.0531123522
 9  7   0.1383007212   0.0104871219   0.0845220568   0.0487451897   0.0001741300
 9  8  -0.0001264117   0.0000611532  -0.0003830911   0.0000694678
10  1   0.0097437835   0.1562929585   0.0958103628  -0.0595395441  -0.1693119754
10  2   0.0048738935   0.0996971234  -0.0071634752   0.0737661420  -0.0783221069
10  3   0.0565295521  -0.0016445539  -0.1150095963  -0.0300099045  -0.1766927503
10  4   0.0330691951   0.0282993037  -0.2338405868   0.1279236824  -0.0738864327
10  5   0.0517519472   0.0318259981   0.0465472681   0.0279628048  -0.0167423621
10  6  -0.0004716954   0.1150786218  -0.0452033090   0.0230874099   0.1705724524
10  7  -0.2912415126  -0.0757349653  -0.2568769580   0.0259963489  -0.0001487511
10  8  -0.0001123632  -0.0006750345  -0.0016317248  -0.0002892660
11  1   0.0011073367  -0.1023885951   0.2472755272   0.0286212821  -0.0918097644
11  2  -0.0047292301  -0.0932006365  -0.0043637831   0.0291300504  -0.0873791733
11  3   0.0136935816  -0.0308234152   0.0680907226   0.1163883005  -0.0680025308
11  4   0.0103627941   0.0111333109  -0.0802943571   0.0461116188   0.0685237876
11  5   0.0588904944   0.0224604842   0.0421564683  -0.0063448459   0.0045326339
11  6   0.0233768963  -0.1182438109   0.1235616292   0.2090778737  -0.1604217534
11  7  -0.3057664531   0.0763991803   0.0663312672  -0.0561737444   0.0031112690
11  8  -0.0019144163  -0.0009347843   0.0013226888  -0.0014917551
12  1  -0.0018980481  -0.0067876275   0.0738965485   0.0213380960   0.1010888181
12  2   0.2953489515   0.0199369913   0.0115655853  -0.1192970554  -0.0383420900
12  3  -0.1131464593  -0.0512321917  -0.0421771366  -0.0176033740  -0.0748449449
12  4  -0.0883243064  -0.0581862334   0.4060069625  -0.2195825919   0.0139603924
12  5   0.0583556446  -0.0094038808   0.0286041020   0.0230515068  -0.0105463860
12  6   0.0045829086   0.0472564628  -0.0038619824   0.0522856971   0.0725039811
12  7  -0.2303324366  -0.0156788978  -0.1288961407   0.0011592318   0.0005650460
12  8  -0.0004311297  -0.0004933907   0.0005540556  -0.0004527768
13  1   0.0039003533   0.0055004005   0.0268238093  -0.0496330281  -0.1247443494
13  2  -0.0225722053   0.2516811779  -0.1440316904   0.0896294308  -0.0535090042
13  3   0.0779451572   0.0090992454   0.1117503962   0.0538606397  -0.2349161552
13  4  -0.0039485814   0.0163561154   0.1381374011  -0.1071383982   0.0222289334
13  5  -0.0105355875   0.0398509633  -0.2549555507   0.0193235012   0.0958631443
13  6  -0.0008305881  -0.0791760165  -0.0541398408  -0.0336925938   0.0209980143
13  7  -0.0483881441  -0.0312712752   0.2217049385   0.0220629807  -0.0666042657
13  8   0.0340544077  -0.0009641351   0.0001636153   0.0000265718
14  1   0.0046132835  -0.1209219467   0.2441037934   0.0787097505  -0.1394252876
14  2   0.0404473563  -0.0991954311  -0.0532611185   0.0372346389  -0.1042170133
14  3   0.0250622039  -0.0750442824  -0.0198919451   0.0677658245  -0.0268101393
14  4   0.0160326762   0.0006147128   0.0597423279  -0.0478472172  -0.1799145534
14  5  -0.0719271034  -0.0073744529  -0.1670534354  -0.0371988788  -0.0410177690
14  6   0.0037025166  -0.0274176517   0.1272469152  -0.0074551524   0.0999338177
14  7   0.3382747615   0.0236793407  -0.2623287804  -0.0198751992  -0.0157613538
14  8   0.0029752694   0.0015278807   0.0006225802   0.0005135742
15  1   0.0008907323   0.1548697580   0.1323838693  -0.1317361078   0.2080714399
15  2   0.1832543903  -0.0710737130   0.2534130745  -0.1537635342  -0.0292628614
15  3  -0.1597408020   0.0123107213   0.0131600124   0.0860633266  -0.0839332601
15  4  -0.0631110759  -0.0239930033  -0.2493647695   0.1962089309  -0.0436699871
15  5   0.0168396445  -0.0364665855  -0.1911834936  -0.0020673044   0.0410092188
15  6  -0.0018425513  -0.0514149618  -0.0043037404  -0.0202590925   0.0298054661
15  7   0.0416357672  -0.0134666717   0.0712456425   0.0076482256  -0.0398618549
15  8   0.0193194979  -0.0002424415   0.0000748857   0.0001193946
16  1  -0.0023062294  -0.0374069502   0.0167907011  -0.0075954503  -0.0249362494
16  2  -0.0284958947   0.3420971761  -0.0154003752  -0.0120190325   0.0395363441
16  3  -0.1148960955   0.0555735738   0.1255482063   0.0527703985   0.0197040627
16  4  -0.0339961187   0.0633457600  -0.0079604867   0.0689950779  -0.1086845989
16  5   0.0472534978  -0.0621721015   0.0140108052   0.0054366922   0.0245973428
16  6  -0.0588032497   0.0955172973  -0.0049937341  -0.0734222998  -0.1571071811
16  7   0.0043238867   0.0709154989  -0.3463097952  -0.0779105323   0.0059117309
16  8   0.0058176655  -0.0017744025   0.0003754105   0.0000448967
17  1  -0.0012674116  -0.1612350435   0.2255826853   0.0626932209  -0.0598679363
17  2   0.0010315996  -0.0246892886  -0.0044780130  -0.0024361247  -0.0473766495
17  3  -0.0424995395  -0.0401233753  -0.0167444922   0.0254861381   0.2314512310
17  4   0.0152429878   0.0174435814   0.0096907026   0.0102240823  -0.4308437345
17  5  -0.0714219365  -0.0604346638   0.0832092332   0.0483360954   0.0653288929
17  6   0.0018107395   0.0311372844  -0.0345012850  -0.1215546209   0.0102161475
17  7  -0.1898058249  -0.0454061903   0.1991578660   0.0220156521   0.0317333270
17  8   0.0796093845  -0.0020418181  -0.0001205267  -0.0000438638
18  1   0.0023119638   0.1530201126   0.1031193979  -0.3059107384   0.1673055200
18  2   0.0756862963  -0.1002831628   0.0278092328   0.0139141737  -0.0218566673
18  3   0.1939424120   0.0130641726   0.1167909068   0.0048246071   0.0146646153
18  4   0.0363880576  -0.0996077578   0.0311674365  -0.1330921225  -0.1439625832
18  5  -0.0830919290   0.1129981488   0.0513362667   0.0162517859   0.0281488591
18  6  -0.0344838949   0.0583793941  -0.0087180643  -0.0656897114  -0.0857461589
18  7  -0.0370475045   0.0302297421  -0.1526855551  -0.0392019361   0.0097683996
18  8   0.0193003275  -0.0014440903   0.0001134933   0.0000036812
19  1   0.0098838577   0.2896042958   0.1835984764   0.0412218587   0.0345906821
19  2   0.0344048396   0.0970549851  -0.1478844242  -0.0779038156  -0.0722370907
19  3  -0.0133342083  -0.0073786379  -0.0216679809  -0.0310380047   0.2669788352
19  4   0.0287568886   0.0094547415  -0.0370585503  -0.0949354231   0.2298768070
19  5  -0.0375301300  -0.0125989616  -0.0554789180  -0.0334208005   0.0047394970
19  6   0.0139580566  -0.1071763016   0.0203126703  -0.0517948398  -0.0154688358
19  7  -0.0685480662   0.0154375573  -0.0485525550   0.3656360733   0.0001299469
19  8   0.0001110725   0.0001536376  -0.0002138632  -0.0000372758
20  1   0.0016869702  -0.1823063073   0.2014839663  -0.1007083026   0.2088991480
20  2  -0.1903743368   0.1228605394  -0.0453103255  -0.0236489055   0.1908293404
20  3   0.0304796045  -0.1367010593  -0.1802570459   0.0513836773  -0.0963334879
20  4   0.0111481220  -0.0000070554  -0.0196872004  -0.0372737180   0.0676765012
20  5   0.0168574909   0.0034160855  -0.0003197306   0.0325723067   0.0070242590
20  6   0.0094432546  -0.0364009009   0.0050734276  -0.0382418884  -0.0175938397
20  7   0.0018566484   0.0067595065  -0.0169216140   0.0598945138   0.0001251154
20  8   0.0001060462  -0.0000984260  -0.0000149395  -0.0000616057
21  1  -0.0138172193  -0.2812110356  -0.1047413891  -0.2070051132  -0.1902497229
21  2   0.1835750374   0.0904871728   0.2606887841   0.1384041592  -0.0068839880
21  3   0.0160912217  -0.0355868143  -0.0375314689  -0.0166421482   0.1234233254
21  4   0.0281863818  -0.0216853501   0.0563454181   0.1797298467   0.1453322126
21  5  -0.0213520877  -0.0033181616  -0.0299534662  -0.0131588169   0.0050682947
21  6   0.0092092227  -0.0664510926   0.0122657340  -0.0362660862  -0.0119799446
21  7  -0.0372653132   0.0100593275  -0.0305465119   0.2166462333   0.0000546876
21  8   0.0001207983   0.0000570638  -0.0000800943  -0.0000253440
22  1  -0.0747640207   0.2085597895   0.1108468818  -0.0992434084  -0.2653358522
22  2   0.0126429174   0.0033940621   0.0190046248  -0.1745389165   0.1643562491
22  3   0.0052179279   0.0563671993  -0.1143202178  -0.0835113207  -0.0891569297
22  4  -0.0311461894  -0.0078470049   0.0516017358  -0.0153824690  -0.1586397466
22  5  -0.0092139850  -0.0060459792   0.0368240054  -0.1146194968   0.0259407066
22  6  -0.0067166447  -0.1638971812   0.0162823907   0.0024241402  -0.0163981682
22  7   0.0185145013   0.0786952254   0.0613880310  -0.0280565187   0.0000888251
22  8  -0.0000556903   0.0016846508   0.0267538121  -0.0500986475
23  1  -0.0084107677  -0.0576845527   0.2669669490   0.0372746404  -0.1666860038
23  2   0.0289453394  -0.1694416600   0.0157367323  -0.0713422618   0.1638642636
23  3  -0.0017735590  -0.0000314518   0.1651906510   0.0816017994   0.0419740674
23  4   0.0006143239   0.0079200847   0.0164106672  -0.0017268164   0.2170196195
23  5   0.0986551057   0.0331804783   0.0537112267  -0.0279167450   0.0127042110
23  6  -0.0218320908   0.0720758203  -0.0662143000  -0.0660930925   0.0231770057
23  7   0.0624974721  -0.1142962657  -0.0445007287   0.0317834753  -0.0003910170
23  8   0.0002888763  -0.0025488921  -0.0395894683  -0.0546764621
24  1   0.0646348791  -0.0105465861   0.1008856000   0.1993086169   0.1378025407
24  2   0.4058687686   0.0520435079  -0.0306708315   0.3045952114   0.1293443816
24  3   0.0342238447  -0.0080652922   0.0267877091  -0.0882209076  -0.0811736754
24  4   0.0297609669   0.0171840185  -0.0895507556   0.0161056513  -0.0580221780
24  5   0.0107531755   0.0057075150   0.0358921494  -0.0740960360   0.0177700032
24  6  -0.0073824740  -0.0743274765  -0.0037076637  -0.0133592872  -0.0031041379
24  7   0.0220602189   0.0327705743   0.0346278998  -0.0084045496   0.0000534183
24  8   0.0000817825   0.0018406917   0.0253172396  -0.0429069771
25  1   0.1460308244   0.3038850252   0.1528346837  -0.1121379403  -0.3082431763
25  2   0.0296743571  -0.1006609282   0.1345299106  -0.1909355918   0.5915049639
25  3  -0.1420647094  -0.1452105717   0.3403388619  -0.5828692149  -0.1760835370
25  4   0.0709341059   0.0795256423   0.0171750993  -0.0492018433  -0.1100099059
25  5  -0.4368403173  -0.1508236568  -0.3579426852   0.4837405208  -0.0935048220
25  6   0.1052022249   0.0135348669   0.2299866864   0.3226382704  -0.3605937955
25  7  -0.1266463628  -0.4749373033  -0.2090096627   0.0508388935   0.0018124966
25  8  -0.0007781000   0.0140144105   0.1973982493   0.2159070746
26  1  -0.0265389648  -0.0617139226   0.2634745923   0.0180272952  -0.1328746850
26  2   0.0055637179  -0.1496323969   0.0198743567  -0.0565548237  -0.0035749670
26  3  -0.0312286205  -0.1026373979   0.1651511334   0.0871485792  -0.0204845922
26  4   0.0224900798   0.0203733318  -0.0024763722  -0.0011936578   0.1919260304
26  5   0.2635446802   0.0871268486   0.2161554921  -0.2572066068   0.0576738855
26  6  -0.0640667511   0.0195564490  -0.1566512138  -0.1966876506   0.1842595462
26  7   0.0988310904   0.1535662050   0.0855306589   0.0051480219   0.0006117166
26  8   0.0009410713   0.0446846599   0.6211051482   0.6943210541
27  1  -0.1325309853  -0.1342414780   0.0539467062   0.3029850457   0.0529196947
27  2   0.4833173579   0.1193689894  -0.2129070808   0.2794737578   0.2662285404
27  3   0.3793531034   0.7432792854  -0.6166732000   0.6048069524   0.3219982552
27  4  -0.2099249319  -0.1631441092   0.0187210521   0.0702528029   0.0081286393
27  5  -0.1198226197  -0.0286650871  -0.1242959083   0.1323755224  -0.0190836146
27  6   0.0292907601  -0.0392827849   0.0927343820   0.1280169028  -0.2295408525
27  7   0.0217616200  -0.3966715472  -0.1659721245   0.0378561988   0.0009292354
27  8  -0.0002321281   0.0099961560   0.1450942194   0.1473691134
28  1   0.6327390308   0.1262973665   0.0635030439  -0.1335181144  -0.3291719209
28  2  -0.0042379667   0.0385832304   0.0487514373  -0.1910576437   0.1067298075
28  3   0.0110222088   0.1064269682  -0.2255958136   0.0024560861  -0.0688006873
28  4  -0.0815335702  -0.0694295569   0.1108501794   0.0287559041  -0.2107321953
28  5   0.0895929779   0.0209206865   0.1508167203  -0.3050138433   0.0728048903
28  6  -0.0270438134  -0.2806245460   0.0175585206  -0.0160295839  -0.1133746404
28  7   0.1291513828  -0.0382028499   0.0699102555  -0.0076650445  -0.0007002630
28  8  -0.0001997187  -0.0374632200  -0.5396753050   0.4813308995
29  1   0.1357194090  -0.0675018667   0.2693097724   0.1070638675  -0.2552977133
29  2   0.1005339552  -0.2029207503  -0.0053554142  -0.0391732661   0.5596123909
29  3   0.1068821144   0.2859148102   0.1363162915   0.1208338164   0.2075024092
29  4  -0.0459548740  -0.0233702632  -0.0451957320   0.0531012103   0.3325668053
29  5  -0.2681909956  -0.0764329987  -0.3025262647   0.5868967790  -0.1350533196
29  6   0.0521105769   0.5256299242  -0.0775506249  -0.0358515299   0.5119417899
29  7  -0.4151690457   0.7237691583   0.1279919664  -0.0739675135  -0.0023035223
29  8   0.0009494678  -0.0064225962  -0.0917424562   0.0785503484
30  1  -0.7270059813   0.0780434222   0.1504762394   0.2233267832   0.2206832313
30  2   0.4112034264   0.0207230038  -0.0612358854   0.3104392567   0.1221832853
30  3   0.0117402904  -0.1030570244   0.1401282332  -0.1806375482  -0.1301832749
30  4   0.0867841348   0.0859247963  -0.1316663597  -0.0420964656  -0.0302701386
30  5  -0.0364902316  -0.0063328286  -0.0282364117   0.0229547261  -0.0069390952
30  6   0.0028584660  -0.0512902150   0.0065319337   0.0142183054   0.0007419030
30  7  -0.0236540348   0.0093690132  -0.0070469587  -0.0227928699  -0.0009119606
30  8  -0.0001742220  -0.0349986389  -0.4969730840   0.4520965313
31  1  -0.0217852231  -0.0699896541  -0.0148022178  -0.0736475864  -0.1668001268
31  2  -0.0377056428   0.2929197926  -0.3249938582   0.1080266971   0.0001678016
31  3  -0.0578684885  -0.0777446979   0.2522775337   0.0038511980  -0.1276722151
31  4  -0.1274624717  -0.4268704032  -0.3112242729   0.0065330922  -0.0439835280
31  5   0.0904483700  -0.1270133852  -0.2111190161   0.0181639648   0.2690295528
31  6   0.1171656850  -0.0575989931   0.0753627400   0.0005787150   0.1682335786
31  7   0.1142227720  -0.0359753035   0.1066982166   0.0316173328   0.7619588120
31  8  -0.3447600053  -0.0005827231  -0.0016065633   0.0000926404
32  1   0.0063327076  -0.1033910026   0.2558931312   0.1258364954  -0.2328758869
32  2   0.1018360537  -0.1597311423  -0.1099765672   0.0485027176  -0.1804155950
32  3  -0.0182077962  -0.1249279839  -0.1885730605  -0.0328741227  -0.2317691279
32  4  -0.0334952580  -0.1302911107  -0.0811737524   0.0000453903  -0.0401536580
32  5  -0.0556178281  -0.0321381793  -0.5299100538  -0.0530638356  -0.7219615572
32  6  -0.4881766465  -0.1170975566  -0.4127030399  -0.2093973088  -0.4147462316
32  7  -0.3024948772   0.0085201990   0.3114945059  -0.0335557850   0.1825049166
32  8  -0.0792930621  -0.0000744744   0.0001792989   0.0001359403
33  1   0.0433744595   0.2724084610   0.1963337046  -0.1112242206   0.3154830473
33  2   0.1833067543  -0.1145813317   0.5785132464  -0.1891902464  -0.0893264721
33  3   0.0845671567   0.1795009350  -0.1568246039   0.2066402157  -0.1831646159
33  4   0.1621636366   0.7689742212   0.5577584073  -0.0129532602  -0.0135826540
33  5  -0.1675576164   0.2506449043  -0.1546892638   0.0125668542   0.0417085700
33  6  -0.0062200776  -0.0534150796  -0.0228033873  -0.0357979187   0.0231790325
33  7   0.0140749516  -0.0175594330   0.1143664486   0.0104569963   0.4560068002
33  8  -0.2058456305  -0.0002590548  -0.0006399826  -0.0000259062
34  1  -0.0085588915  -0.1483932908  -0.0329092733   0.0040912132   0.0176307516
34  2  -0.0484854102   0.4592468132  -0.0503720412  -0.0610824396   0.0995830941
34  3  -0.3539086186   0.1276667868   0.1035793015  -0.0783452455   0.1683048557
34  4  -0.0601597791  -0.0451146388  -0.1354735927   0.0361813187  -0.0624684824
34  5   0.0388211634   0.5186044127   0.2779305726   0.2909941959  -0.0849234046
34  6  -0.5017465253  -0.3283133517   0.6681928838  -0.2146537014   0.3583890842
34  7  -0.0477653723  -0.1169122821   0.4538632128   0.0545367405  -0.0487795775
34  8  -0.0995338811   0.0029631594  -0.0000018413   0.0000615158
35  1  -0.0039712934  -0.1789474814   0.2212171276   0.0962157735  -0.0843496130
35  2   0.0284000373  -0.0203675432  -0.0174343150  -0.0198164509  -0.0440692183
35  3  -0.1322637440  -0.0665695258  -0.0164453988   0.0647359404   0.2020907931
35  4   0.0022112885  -0.0274199395  -0.0380622803  -0.0075472731  -0.4537917494
35  5  -0.2491299041   0.0992521914   0.0594523185  -0.0128222056   0.1020773799
35  6   0.1145287206   0.1247902463  -0.2087925748  -0.1070964531  -0.1219516092
35  7  -0.2096014554  -0.0058719374   0.0381015686  -0.0052980789  -0.3959208963
35  8  -0.8718134835   0.0144087585  -0.0001412571   0.0001090036
36  1   0.0156073378   0.2664432815   0.1409041231  -0.4333161676   0.2378711235
36  2  -0.0153396069  -0.1675785182   0.0909134221   0.1008947540  -0.0642980954
36  3   0.6324381732   0.0796789262   0.1277688822  -0.0812121445   0.0605886856
36  4   0.0966778118   0.1145904649   0.2671705051  -0.0533662242  -0.1376217832
36  5   0.5848148252  -0.7358998666   0.0076575434   0.1507732697  -0.0288747527
36  6  -0.2560456092  -0.1417687298   0.3140092377  -0.1401308231   0.1717300805
36  7  -0.0681469635  -0.0614931860   0.2535882766   0.0281971819  -0.1074908359
36  8  -0.2322304109   0.0045426651   0.0002167995   0.0001108811
37  1  -0.0000671572   0.0314279775   0.0644003439   0.0537521027   0.1010525177
37  2  -0.0127995037   0.3519420060   0.1578034845  -0.2491086938   0.0408825632
37  3  -0.1859017219   0.2326849498   0.1518092011   0.1574276195  -0.3466819630
37  4   0.4587749444  -0.1767399212   0.1501546006  -0.0524424883  -0.0768521446
37  5   0.0433367023  -0.0450359452   0.0773612858  -0.1502713027  -0.3506170448
37  6   0.3247780890  -0.0038471559   0.1674840400  -0.3642078962   0.0336266134
37  7  -0.1724368260  -0.0525155140   0.1752141188  -0.1940003016  -0.0036982261
37  8  -0.0083792950  -0.6655434838   0.0451908215   0.0004869226
38  1  -0.0016315317  -0.2107917054   0.1977653342  -0.0112905215   0.1174958153
38  2  -0.1072410197   0.1049368655   0.0495764354  -0.1042677767  -0.0473788667
38  3  -0.1037961942   0.2848649658   0.0783570078  -0.1496987195  -0.1562269618
38  4   0.1828373278  -0.0762433964   0.0757369840   0.0015187956  -0.1040215565
38  5   0.2966214917   0.0957165520  -0.1506672449  -0.0458305947  -0.3045974718
38  6   0.4182642000  -0.1015466236   0.1706894716  -0.5411758356  -0.0763706103
38  7  -0.2374398529  -0.0225514336   0.0539318614  -0.3333857874   0.0057653676
38  8   0.0146195228   0.7029812517  -0.0480396994  -0.0005361011
39  1  -0.0023878446   0.0000000000   0.0000000000  -0.4548297048   0.0000000000
39  2   0.0000000000  -0.0646569929  -0.2878919802   0.4072660924  -0.0121422287
39  3   0.2607870019  -0.1568540106   0.1989546154  -0.1356511010   0.2645478729
39  4  -0.7792657120   0.2929703653  -0.2009895540   0.1179298397  -0.0495580908
39  5   0.0572288225   0.1134227988   0.0065952350  -0.1181780334  -0.3145805611
39  6   0.3292333620  -0.0219616811   0.1592071536  -0.3810290109  -0.0021101366
39  7  -0.1719483217  -0.0379433478   0.1157843522  -0.1983438775  -0.0009266812
39  8  -0.0016643453  -0.2285185927   0.0158057717   0.0001790223
$vibrational spectrum
#  mode     symmetry     wave number   IR intensity    selection rules
#                         cm**(-1)        km/mol         IR     RAMAN
     1        a            -409.48         0.00000       YES     YES
     2                       -0.00         0.00000        -       -
     3                        0.00         0.00000        -       -
     4                        0.00         0.00000        -       -
     5                        0.00         0.00000        -       -
     6                        0.00         0.00000        -       -
     7                        0.00         0.00000        -       -
     8        a              73.75         2.36732       YES     YES
     9        a             183.11         4.09676       YES     YES
    10        a             344.97         5.60185       YES     YES
    11        a             380.67        32.48024       YES     YES
    12        a             522.28        21.89567       YES     YES
    13        a             531.53        16.81677       YES     YES
    14        a             543.10        17.27505       YES     YES
    15        a             562.62         8.92808       YES     YES
    16        a             612.81        60.06355       YES     YES
    17        a             692.36        45.22222       YES     YES
    18        a             743.75         4.11779       YES     YES
    19        a             761.08        20.02312       YES     YES
    20        a             779.14         4.70727       YES     YES
    21        a             938.64         4.23124       YES     YES
    22        a             947.17         2.16215       YES     YES
    23        a             985.54         0.63910       YES     YES
    24        a            1095.26        42.36119       YES     YES
    25        a            1122.57         3.70953       YES     YES
    26        a            1203.35        32.97330       YES     YES
    27        a            1287.88        24.97522       YES     YES
    28        a            1360.00        30.48559       YES     YES
    29        a            1425.95        76.26365       YES     YES
    30        a            1526.91        86.18592       YES     YES
    31        a            1600.76       167.35177       YES     YES
    32        a            1620.71       203.52126       YES     YES
    33        a            1715.02       373.41124       YES     YES
    34        a            1803.43       733.24598       YES     YES
    35        a            3281.22         0.45296       YES     YES
    36        a            3304.31         0.84404       YES     YES
    37        a            3602.12       124.47028       YES     YES
    38        a            3622.77        89.69426       YES     YES
    39        a            3763.25        67.85220       YES     YES
$lastdiag
$freeze
implicit core= 8 virt= 0
$rundimensions
   natoms=13
   nbf(CAO)=313
   nbf(AO)=273
$ricore    100
$maxcor    400 MiB  per_core
$forceupdate
ahlrichs numgeo=0  mingeo=3 maxgeo=4 modus=<g|dq> dynamic fail=0.3
   threig=0.005  reseig=0.005  thrbig=3.0  scale=1.00  damping=0.0
$subtitle
SP,MP2/RI,charge 0,c1,mixed basis set,FREQ_NUMERICALLY
$dipole from ricc2
  x     1.77785538372927    y     1.03171279567377    z     1.44576444167777    a.u.
   | dipole | =    6.3875921194  debye
$ricc2
mp2 geoopt model=mp2
$scfiterlimit    900
$coord    file=coord
$thime    5
$charge from dscf
         -0.000 (not to be modified here)
$forceinit on
   diag=default
$scforbitalshift    automatic=.1
$interconversion    off
   qconv=1.d-7
   maxiter=25
$optimize
 internal off
 redundant off
 cartesian on
 global off
$tmole
$basis    file=basis
$scfmo   file=mos
$title    job_SP_24
$coordinateupdate
dqmax=0.3
   interpolate  on
   statistics    5
$scfdamp     start=0.700 step=0.050 min=0.100
$operating system    unix
$thize    0.10000000E-04
$scfintunit
unit=30       size=0        file=twoint
$forceapprox    file=forceapprox
$cbas    file=auxbasis
$scfdiis
$last SCF energy change = -392.76626
$last MP2 energy change= -1.4310890
$closed shells
 a       1-29                                   ( 2 )
$last step     force
$orbital_max_rnorm 0.85081850975436E-06
$hessian (projected)    file=hessian
$vibrational reduced masses
   1.1426998223   8.7492558627   8.2549000898   5.6775058693   5.9271343940
   7.6243970810   5.8707042658   5.6383234360   6.7205452022   3.3491723934
   2.8365403394   1.9228498153   3.1214455499   2.3931619902   6.0929908698
   1.3181244026   1.2846404672   5.3962393875  12.1339324366   7.6039233773
   2.3189689572   1.4524511210   3.7782995474   2.1527029504   1.4316334571
   1.1148700767   6.6300398271   1.7046134357   2.7603143977   2.4613767320
   6.9005377325   1.5392836219   6.1885380665  10.5604189217   1.0896425968
   1.0992467007   1.0787593593   1.0464178566   1.1034176421
$nvibro       39
$end
