$dipgrad
 -0.822667214783350       0.273287606807700      -0.295779834577750     
 -0.470115430337050      -0.642994503319575      -0.360789443690625     
 -0.447089818693775       6.009475575472489E-002 -0.442387222720475     
   1.84239187723933       6.688706803772482E-002  0.909053818643250     
  7.509607394467543E-002   1.01312027098067       0.206542942056025     
  0.900333348827750       0.203159456347200       0.812711643735725     
  -1.35958513770675       0.218982646702000      -0.541865591849075     
  0.342157826143250      -0.573916727435450       0.139239312753375     
 -0.548154191457975       7.534268679617484E-002 -0.578348863369275     
   1.33716706410325      -0.465375487526350       0.513706360095175     
 -0.631109762616125        1.46105750138800      -6.678714988674950E-002
  0.460965172302100       1.328366311800000E-002  0.428560673661750     
 -0.268557969781675       5.461772811087506E-002 -3.701018455530003E-002
  0.238482615289950      -0.753751369038675       1.584502095584972E-002
  2.264440487925179E-003 -6.894051581602501E-002 -0.218119712684000     
  0.721112949248950      -0.428053676664075       0.329462411237150     
 -4.368284252137533E-002  0.217806749627700       2.744017695869960E-002
  0.405391645929575      -0.188159924523050       0.173473519417000     
  -1.29076190143905      -0.134971002414800      -0.536594223706525     
 -9.761546592072456E-002 -0.470756574613075      -7.169694108242530E-002
 -0.520738904444050      -9.335416480755032E-002 -0.711701541935500     
  -1.04096419459295       0.569017356156500      -0.115956500344025     
  0.694202348246075      -0.923864438044325       0.267026251570674     
  0.112867029785075       4.778779435352487E-002 -0.424547533648325     
  0.197691177620825      -2.787005120012509E-002 -6.499939110482522E-002
 -1.891198452767529E-002  0.279353381857475       4.491979261224688E-003
 -0.126530264458600       7.002090625394974E-002  0.242828868940525     
  0.347498826058650      -6.220170977175032E-002 -6.057038057324937E-003
  1.407807789632509E-002  0.139397999655550      -3.410672487462518E-002
 -9.249980880495001E-002 -6.608776048599996E-003  0.228834669435575     
  3.839527787450003E-002 -1.183918366602477E-002 -7.678872487592470E-002
 -3.013471130374756E-003  4.919481101305023E-002 -2.628274874007464E-002
 -6.943905356280033E-002 -3.293029888304988E-002  0.122482296524750     
  9.254808420367522E-002 -8.439736133125098E-003 -2.989369032705025E-002
 -1.556978959114996E-002  1.069070333200028E-003 -3.761687444022499E-002
 -3.096866132094978E-002 -3.484492629607483E-002  0.115858771541875     
  0.238210703688825      -5.412207542042469E-002 -3.844064313315021E-002
 -7.547001284877508E-002  0.229687389263725      -5.400753745204989E-002
 -4.256128361022515E-002 -4.339057924900025E-002  0.252828517272700     
$end
