$coord
    1.83902751176823      7.45117313121543      4.05648186952778  o
   -2.32826843515874      3.26407358413115     -0.99991358418768  n
    4.19779283161076      3.24967232995712      1.67308640153566  n
    1.21951002479821      0.89246523737495     -2.10131689165276  n
   -1.90190790979228      6.55169389899487      1.97848424298380  n
   -5.74796651408723      5.92018746037289     -0.12027907344165  n
    0.18498081629597      2.74477933829801     -0.58944808845631  c
    1.67149807196962      3.97967729192384      1.18071202168260  c
   -3.27164514971732      5.15559180685624      0.29419308448320  c
    0.67349963108480      6.08406046241937      2.55204635655888  c
    5.39849400155718      1.88926514416026     -0.42348973752113  c
    3.60533328678024     -0.21211665383466     -1.27318295468469  c
    7.87207116716094      0.80144414499421      0.59133886527874  c
   -2.64038140900612      8.13781877751079      2.77560500602638  h
    3.36376801932986     -1.55051072302988      0.30033530771821  h
   -6.73240214577051      6.36570937269294      1.46420030564638  h
   -6.67112174976303      4.64925886552934     -1.22088817867866  h
    8.80122502363267     -0.36807535579329     -0.84768085566313  h
    9.15788953978586      2.38280064685382      1.05692663782434  h
    7.43568422786894     -0.75812545435425      2.71929101355788  o
    6.24251622256211      0.18602024028031      3.75319439449181  h
    5.20025624428283      4.80882554715464      2.22315131448866  h
   -0.08346279025662     -0.28477468540612     -2.87603608610833  h
    4.45886319124122     -1.21872308481891     -2.87544328609967  h
    5.78457592893158      3.12724268846932     -2.06254169823105  h
$user-defined bonds
$redundant
     number_of_atoms            25
     degrees_of_freedom         69
     internal_coordinates       69
     frozen_coordinates          0
# definitions of redundant internals
   1 k  1.0000000000000 stre  10    1           val=   2.34324
   2 k  0.7071150808078 bend   8    1   10      val=   2.85177
       -0.7070984814679 bend   5    1   10
   3 k  1.0000000000000 outp   1    5    8   10 val=  -1.14608
   4 k  1.0000000000000 stre   5   14           val=   1.92264
   5 k  0.7073473651735 bend   9   14    5      val=   2.91413
       -0.7068661153161 bend  10   14    5
   6 k  1.0000000000000 outp  14   10    9    5 val=   5.62755
   7 k  1.0000000000000 stre  12   24           val=   2.07582
   8 k  1.0000000000000 stre  12   15           val=   2.07981
   9 k  0.0689399674111 bend  15   24   12      val=   0.91765
       -0.4804419378409 bend   4   24   12
       -0.5328548864670 bend   4   15   12
        0.4969188979909 bend  11   24   12
        0.4832805645221 bend  11   15   12
  10 k  0.0216425883183 bend  15   24   12      val=   0.78325
        0.5542847306755 bend   4   24   12
       -0.5132976364809 bend   4   15   12
        0.4474752103106 bend  11   24   12
       -0.4781124431046 bend  11   15   12
  11 k -0.8920046077284 bend  15   24   12      val=   0.39400
        0.2082627859261 bend   4   24   12
        0.1696628376850 bend   4   15   12
        0.2558036778018 bend  11   24   12
        0.2583280699449 bend  11   15   12
  12 k -0.0127904207557 bend  15   24   12      val=   1.94463
       -0.4643024586507 bend   4   24   12
        0.4608707509412 bend   4   15   12
        0.5508954364315 bend  11   24   12
       -0.5180463310107 bend  11   15   12
  13 k  0.5000000000000 tors  17    6    9    2 val=  73.08317
        0.5000000000000 tors  17    6    9    5
        0.5000000000000 tors  16    6    9    2
        0.5000000000000 tors  16    6    9    5
  14 k  1.0000000000000 stre   6   17           val=   1.91802
  15 k  1.0000000000000 stre   6   16           val=   1.91786
  16 k  0.8371808570294 bend  16   17    6      val=   4.31801
       -0.3970626481273 bend   9   17    6
       -0.3761242694716 bend   9   16    6
  17 k  0.0188492597486 bend  16   17    6      val=   9.85233
       -0.6663505509205 bend   9   17    6
        0.7454003278071 bend   9   16    6
  18 k  0.5466012422510 bend  16   17    6      val= 112.54269
        0.6311245493166 bend   9   17    6
        0.5503715883106 bend   9   16    6
  19 k  1.0000000000000 stre  13   18           val=   2.07410
  20 k  1.0000000000000 stre  13   19           val=   2.09064
  21 k -0.0174739635886 bend  19   18   13      val=   0.11787
        0.4822850845138 bend  20   18   13
        0.5277873004755 bend  20   19   13
       -0.5089204912850 bend  11   18   13
       -0.4790994227287 bend  11   19   13
  22 k -0.0049138278050 bend  19   18   13      val=   0.52819
        0.5538566724181 bend  20   18   13
       -0.5029550020645 bend  20   19   13
        0.4566284545247 bend  11   18   13
       -0.4813993779918 bend  11   19   13
  23 k  0.8997109725110 bend  19   18   13      val=   0.99364
       -0.2143472301963 bend  20   18   13
       -0.2000336694167 bend  20   19   13
       -0.2099408204774 bend  11   18   13
       -0.2459406713974 bend  11   19   13
  24 k -0.0193280771768 bend  19   18   13      val=   2.49644
       -0.4628890406113 bend  20   18   13
        0.4756576119946 bend  20   19   13
        0.5411077177661 bend  11   18   13
       -0.5160546826066 bend  11   19   13
  25 k  1.0000000000000 tors  21   20   13   11 val= -44.57100
  26 k  1.0000000000000 stre  20   21           val=   1.83957
  27 k  1.0000000000000 bend  13   21   20      val= 104.70035
  28 k  1.0000000000000 stre   3   22           val=   1.93351
  29 k -0.7057890123986 bend   8   22    3      val=   2.17747
        0.7084220987359 bend  11   22    3
  30 k  0.7084220987359 bend   8   22    3      val= 110.74588
        0.7057890123986 bend  11   22    3
  31 k  1.0000000000000 stre   4   23           val=   1.91933
  32 k  0.7080903592399 bend   7   23    4      val=  -1.81860
       -0.7061218330795 bend  12   23    4
  33 k  0.7061218330795 bend   7   23    4      val= 115.60841
        0.7080903592399 bend  12   23    4
  34 k  1.0000000000000 stre  11   25           val=   2.09001
  35 k  0.8104118118418 bend   3   25   11      val=   3.20921
       -0.2701849037006 bend  13   25   11
       -0.5198392184509 bend  12   25   11
  36 k  0.1447483911531 bend   3   25   11      val=  -0.26651
       -0.7674596208158 bend  13   25   11
        0.6245427396710 bend  12   25   11
  37 k  1.0000000000000 stre   9    6           val=   2.62461
  38 k  0.7072074049948 bend   2    6    9      val=   1.73487
       -0.7070061430572 bend   5    6    9
  39 k  1.0000000000000 outp   6    5    2    9 val=   3.17086
  40 k  0.7071067811865 tors  20   13   11    3 val=  -2.18836
        0.7071067811865 tors  20   13   11   12
  41 k  1.0000000000000 stre  13   20           val=   2.67411
  42 k  1.0000000000000 bend  11   20   13      val= 111.08299
  43 k  1.0000000000000 stre  11   13           val=   2.88649
  44 k  0.7196633397855 bend   3   13   11      val=  -0.19441
       -0.6943231793400 bend  12   13   11
  45 k  0.6943231793400 bend   3   13   11      val= 109.05382
        0.7196633397855 bend  12   13   11
  46 k  1.0000000000000 stre   7    2           val=   2.59896
  47 k  1.0000000000000 stre   2    9           val=   2.47841
  48 k  1.0000000000000 stre   9    5           val=   2.58111
  49 k  1.0000000000000 stre   5   10           val=   2.67962
  50 k  1.0000000000000 stre  10    8           val=   2.70277
  51 k -0.2886751345948 bend   8    2    7      val=   1.33164
       -0.2886751345948 bend   7    9    2
        0.5773502691896 bend   2    5    9
       -0.2886751345948 bend   9   10    5
       -0.2886751345948 bend   5    8   10
        0.5773502691896 bend  10    7    8
  52 k  0.5000000000000 bend   8    2    7      val=   4.85225
       -0.5000000000000 bend   7    9    2
        0.5000000000000 bend   9   10    5
       -0.5000000000000 bend   5    8   10
  53 k -0.4082482904639 bend   8    2    7      val=  -0.05702
        0.4082482904639 bend   7    9    2
       -0.4082482904639 bend   2    5    9
        0.4082482904639 bend   9   10    5
       -0.4082482904639 bend   5    8   10
        0.4082482904639 bend  10    7    8
  54 k -0.2886751345948 tors   7    2    9    5 val=   1.45086
       -0.2886751345948 tors   2    9    5   10
        0.5773502691896 tors   9    5   10    8
       -0.2886751345948 tors   5   10    8    7
       -0.2886751345948 tors  10    8    7    2
        0.5773502691896 tors   8    7    2    9
  55 k  0.5000000000000 tors   7    2    9    5 val=   2.53659
       -0.5000000000000 tors   2    9    5   10
        0.5000000000000 tors   5   10    8    7
       -0.5000000000000 tors  10    8    7    2
  56 k -0.4082482904639 tors   7    2    9    5 val=   2.18813
        0.4082482904639 tors   2    9    5   10
       -0.4082482904639 tors   9    5   10    8
        0.4082482904639 tors   5   10    8    7
       -0.4082482904639 tors  10    8    7    2
        0.4082482904639 tors   8    7    2    9
  57 k  1.0000000000000 stre   7    4           val=   2.60520
  58 k  1.0000000000000 stre   4   12           val=   2.75646
  59 k  1.0000000000000 stre  12   11           val=   2.89019
  60 k  1.0000000000000 stre  11    3           val=   2.77273
  61 k  1.0000000000000 stre   3    8           val=   2.67535
  62 k -0.2886751345948 bend   8    4    7      val=   0.52405
       -0.2886751345948 bend   7   12    4
        0.5773502691896 bend   4   11   12
       -0.2886751345948 bend  12    3   11
       -0.2886751345948 bend  11    8    3
        0.5773502691896 bend   3    7    8
  63 k  0.5000000000000 bend   8    4    7      val=  -0.65640
       -0.5000000000000 bend   7   12    4
        0.5000000000000 bend  12    3   11
       -0.5000000000000 bend  11    8    3
  64 k -0.4082482904639 bend   8    4    7      val=   0.62723
        0.4082482904639 bend   7   12    4
       -0.4082482904639 bend   4   11   12
        0.4082482904639 bend  12    3   11
       -0.4082482904639 bend  11    8    3
        0.4082482904639 bend   3    7    8
  65 k -0.2886751345948 tors   7    4   12   11 val= -11.89436
       -0.2886751345948 tors   4   12   11    3
        0.5773502691896 tors  12   11    3    8
       -0.2886751345948 tors  11    3    8    7
       -0.2886751345948 tors   3    8    7    4
        0.5773502691896 tors   8    7    4   12
  66 k  0.5000000000000 tors   7    4   12   11 val= -18.90047
       -0.5000000000000 tors   4   12   11    3
        0.5000000000000 tors  11    3    8    7
       -0.5000000000000 tors   3    8    7    4
  67 k -0.4082482904639 tors   7    4   12   11 val=  33.64663
        0.4082482904639 tors   4   12   11    3
       -0.4082482904639 tors  12   11    3    8
        0.4082482904639 tors  11    3    8    7
       -0.4082482904639 tors   3    8    7    4
        0.4082482904639 tors   8    7    4   12
  68 k  0.7071067811865 tors  10    8    7    3 val= 179.06640
        0.7071067811865 tors   2    8    7    4
  69 k  1.0000000000000 stre   7    8           val=   2.62072
        69 non zero eigenvalues  of BmBt
           1          10.831390534    1    0
         1
           2           6.995669970    2    0
         2
           3           5.598317816    3    0
         3
           4           4.673927717    4    0
         4
           5           4.557313647    5    0
         5
           6           4.366016442    6    0
         6
           7           4.237393400    7    0
         7
           8           4.031733777    8    0
         8
           9           3.816408321    9    0
         9
          10           3.600096812   10    0
        10
          11           3.558358613   11    0
        11
          12           3.521026902   12    0
        12
          13           3.341788635   13    0
        13
          14           3.231659623   14    0
        14
          15           3.202242722   15    0
        15
          16           3.023523030   16    0
        16
          17           2.999792043   17    0
        17
          18           2.712567278   18    0
        18
          19           2.623688597   19    0
        19
          20           2.410814949   20    0
        20
          21           2.273146648   21    0
        21
          22           2.177497553   22    0
        22
          23           2.048590089   23    0
        23
          24           1.789903885   24    0
        24
          25           1.744486443   25    0
        25
          26           1.676585903   26    0
        26
          27           1.544443045   27    0
        27
          28           1.498690950   28    0
        28
          29           1.462141598   29    0
        29
          30           1.230691032   30    0
        30
          31           1.119609521   31    0
        31
          32           1.044748715   32    0
        32
          33           0.992435019   33    0
        33
          34           0.943905845   34    0
        34
          35           0.898868636   35    0
        35
          36           0.770014352   36    0
        36
          37           0.755425395   37    0
        37
          38           0.736338407   38    0
        38
          39           0.717426928   39    0
        39
          40           0.558148368   40    0
        40
          41           0.527697614   41    0
        41
          42           0.478454390   42    0
        42
          43           0.473663673   43    0
        43
          44           0.456956614   44    0
        44
          45           0.411215614   45    0
        45
          46           0.382219287   46    0
        46
          47           0.344639304   47    0
        47
          48           0.326755842   48    0
        48
          49           0.323510313   49    0
        49
          50           0.312274907   50    0
        50
          51           0.305021118   51    0
        51
          52           0.289792118   52    0
        52
          53           0.267935654   53    0
        53
          54           0.265001607   54    0
        54
          55           0.219798027   55    0
        55
          56           0.169984567   56    0
        56
          57           0.157673018   57    0
        57
          58           0.131489366   58    0
        58
          59           0.104331557   59    0
        59
          60           0.096292259   60    0
        60
          61           0.076514058   61    0
        61
          62           0.071118700   62    0
        62
          63           0.066045870   63    0
        63
          64           0.056895358   64    0
        64
          65           0.046506144   65    0
        65
          66           0.035699289   66    0
        66
          67           0.028644586   67    0
        67
          68           0.017492733   68    0
        68
          69           0.007094538   69    0
        69
$end
