$energy      SCF               SCFKIN            SCFPOT            CC2
     1 -693.6064963611      692.984342     -1386.59084     -2.202818246839
     2 -693.6041065920      692.847956     -1386.45206     -2.205497100876
     3 -693.6023003650      692.784501     -1386.38680     -2.207176447890
     4 -693.6033432416      692.819460     -1386.42280     -2.206295426683
     5 -693.6034335731      692.821756     -1386.42519     -2.206219022519
     6 -693.6034395973      692.824196     -1386.42764     -2.206215487201
     7 -693.6034391671      692.826052     -1386.42949     -2.206217202522
     8 -693.6034581822      692.828605     -1386.43206     -2.206199508413
     9 -693.6034673851      692.828087     -1386.43155     -2.206190757612
    10 -693.6034727494      692.827592     -1386.43106     -2.206185557468
    11 -693.6034828139      692.827097     -1386.43058     -2.206175531125
    12 -693.6034812053      692.827394     -1386.43088     -2.206177024380
$end
