$grad          cartesian gradients
  cycle =      1 CC2 energy =     -695.8093146079 |dE/dxyz| =  0.022383
    1.81529683565508      7.42139953884994      4.05786302476625      o
   -2.31627517623162      3.28033699009684     -1.00332167664631      n
    4.19723123852838      3.26074436682262      1.66615038120788      n
    1.22378219590757      0.90383596992362     -2.10921444849239      n
   -1.89703688997353      6.54045692528034      1.97723769209913      n
   -5.73426570905864      5.91947718732581     -0.11644404539415      n
    0.19573032141113      2.75583625448329     -0.59356551707704      c
    1.67279404559348      3.97990649877188      1.17204125619799      c
   -3.26035494065860      5.15224045467671      0.28826203246319      c
    0.66149712923126      6.07611194694942      2.55482804286582      c
    5.39494640581451      1.88938842209246     -0.42160733475294      c
    3.59605173565392     -0.20935529333940     -1.26451961336893      c
    7.86896022161762      0.80285098768179      0.59010632966812      c
   -2.64406580268539      8.11379964647374      2.78384301382615      h
    3.34014100355210     -1.53571964953308      0.31607137457542      h
   -6.71937914292556      6.35192688087651      1.46870492266965      h
   -6.65964532115745      4.66640381943520     -1.23147795714185      h
    8.79244675137581     -0.36726975438620     -0.85046331979969      h
    9.15796020883660      2.38157433816955      1.04867222871409      h
    7.44129986140990     -0.74867123485109      2.71818848005644      o
    6.25122584963237      0.18636207256592      3.75616059855964      h
    5.20008599716256      4.82026327424508      2.20242822302224      h
   -0.08272309443806     -0.27973891104299     -2.86196733697099      h
    4.45256326355513     -1.23141982685558     -2.85353304510790      h
    5.78156264930050      3.11869310724000     -2.06561691886057      h
  -.70841741197452D-02  -.83354978501688D-02  -.92698875720991D-02
  -.17231037186267D-02  0.63462761860311D-02  0.46825308983767D-02
  -.71852854236276D-03  0.12773163960715D-02  -.41158456007828D-03
  -.45028323248575D-03  0.23465772021325D-03  0.73399808093022D-03
  0.29990791519490D-02  -.16859860322782D-02  -.70581986094087D-03
  0.97217425099316D-03  -.97552139124435D-03  0.79135798407304D-03
  0.26439411187957D-02  0.19108580183587D-02  0.29500521257179D-02
  -.11043705742528D-02  -.27702364180806D-02  -.30021627132224D-02
  0.31736310202843D-02  -.37131245498561D-02  -.24851778310446D-02
  0.12855597795332D-02  0.82260896083062D-02  0.72326456973082D-02
  -.29754843378793D-03  0.36622138745740D-03  0.51557583314188D-03
  -.93475162244250D-03  0.95208368812827D-04  -.39011013804435D-03
  0.27968953673074D-04  -.85444716100286D-03  0.82098652838170D-03
  0.40568912862060D-03  -.12669950046167D-02  -.63388478643001D-03
  -.24411648282374D-04  0.18252142669395D-03  -.32190428689649D-03
  0.36280679671341D-03  -.20340737244107D-03  -.78748250691030D-03
  0.40363352464956D-03  0.73319380411929D-03  0.55944387499984D-03
  -.19103233307360D-03  0.31064385240098D-03  0.27770539034488D-03
  -.26998268106837D-03  -.65055007017900D-03  0.33903831078264D-04
  -.85242234787408D-03  0.26120971298145D-02  -.49205602348135D-03
  0.11893123853608D-02  -.12510839465942D-02  -.91754113854536D-03
  -.56793692799317D-03  -.11049613632146D-02  -.60635536887799D-03
  0.95466655015297D-03  0.56483496777293D-03  0.62599094291471D-03
  -.15948230588458D-03  0.21106796646064D-03  0.42576999455068D-03
  -.40434357606589D-04  -.25917574083190D-03  0.37400534472098D-03
  cycle =      2 CC2 energy =     -695.8096036929 |dE/dxyz| =  0.007921
    1.84610226589361      7.46587101951195      4.02830571094734      o
   -2.33166152121726      3.25684481592591     -0.98767531345641      n
    4.20012387736039      3.26163474573392      1.66148984534641      n
    1.22528229259902      0.90684508143052     -2.12299202244542      n
   -1.89973195313660      6.55415790029734      1.97347201262460      n
   -5.75618810247196      5.90416364399670     -0.09575540404993      n
    0.18845265494996      2.74869069355643     -0.59604803115133      c
    1.67582057359959      3.98990753525006      1.16204017871421      c
   -3.27547291848632      5.14426043266747      0.30239045350810      c
    0.67468259828005      6.09782645263819      2.53743704224980      c
    5.40629631976871      1.88854938098104     -0.42299472034360      c
    3.60936324865745     -0.20092556395652     -1.29457845922600      c
    7.86479651295273      0.78579878537737      0.61058688329218      c
   -2.64309232299312      8.13789337646759      2.76990513116294      h
    3.36280218050689     -1.55185430926378      0.26771936394030      h
   -6.73298759559512      6.34982674760570      1.49295922574001      h
   -6.68613464770686      4.63613192428986     -1.19329432298327      h
    8.78952350802780     -0.39834324621801     -0.81923717101350      h
    9.16327754341054      2.35809465476649      1.07173532767450      h
    7.40724260933847     -0.75631452809157      2.74407011034614      o
    6.22784744490628      0.20351339777013      3.77727601519738      h
    5.20637839414759      4.81736138648300      2.21202099516581      h
   -0.07746678207531     -0.27498286263455     -2.89104553368015      h
    4.46820771344842     -1.19796775207016     -2.89968859440308      h
    5.81636574294414      3.12245029943729     -2.05927233607780      h
  -.14822648433643D-02  -.21414870295047D-02  -.23273978326941D-02
  -.74698704374399D-03  0.18127478308347D-02  0.17377889612877D-02
  0.64684715601615D-04  0.47999211863559D-03  0.26899450300100D-03
  0.14980193503389D-03  -.40868365195834D-03  -.37047928383771D-03
  0.12063074429420D-02  -.29256042581238D-03  0.94511258815544D-04
  -.40302307393603D-05  0.55797318650797D-04  0.30822569750910D-03
  0.96853143498468D-03  0.40977387568364D-03  0.12819036412037D-02
  -.29114455284684D-03  -.15822789890105D-02  -.23181168365887D-02
  0.25847631395948D-03  -.18888234291516D-02  -.14207704892679D-02
  -.13259390976028D-03  0.36145454405832D-02  0.28449108884407D-02
  0.18282499176081D-03  -.59089553811209D-03  0.82352512224615D-03
  -.17795724232483D-03  0.57950782478589D-03  -.73188547827385D-03
  -.10313245420601D-03  -.28220264818174D-03  0.25890894334113D-03
  0.90791978020199D-05  -.17236268326570D-03  -.51868056441862D-04
  0.53733003916090D-04  -.42318789182705D-04  -.13428894427703D-03
  -.48923815656909D-04  0.39634222420259D-04  -.19638231260233D-03
  -.31386106191800D-04  0.19440533174198D-03  0.60689297572303D-04
  -.61188580632532D-04  0.14346747968608D-03  -.96157277420073D-04
  0.67835636988978D-04  -.97803953712283D-04  0.46534778824769D-05
  -.40773199260968D-03  0.94303705430399D-03  -.24234940672496D-03
  0.38602216899664D-03  -.34000616573060D-03  0.94879600933684D-04
  0.99581564018791D-04  -.29586786389313D-03  0.40863186480999D-04
  0.10846334816295D-03  0.51677639014258D-04  -.39648020242478D-04
  -.72324139718916D-04  -.56498300841312D-04  0.12530640087860D-03
  0.43229612749496D-05  -.13279661262411D-03  -.15817313796962D-04
  cycle =      3 CC2 energy =     -695.8094768129 |dE/dxyz| =  0.006545
    1.82642623962888      7.40460017509535      4.11842874326259      o
   -2.31897477282792      3.27745813894548     -1.02204988177920      n
    4.19459146106333      3.23866008894192      1.68834853142817      n
    1.21960873116849      0.87019153442177     -2.08385891585440      n
   -1.90076543056734      6.55733868841915      1.97526025213526      n
   -5.73712011373922      5.94935783186553     -0.15396203542705      n
    0.18689870882318      2.73735676259740     -0.58498771493301      c
    1.66235174469877      3.95566312294393      1.20752839740458      c
   -3.26534811375559      5.17130035519402      0.27101681935242      c
    0.66343732487372      6.06129886532152      2.58389354049905      c
    5.38551766680996      1.89802685299239     -0.42769111944332      c
    3.59768173789063     -0.22974732305848     -1.22282372052532      c
    7.88471608817266      0.83889697143792      0.55530830110896      c
   -2.63523505366982      8.15176370238668      2.76229510716972      h
    3.34914716838685     -1.52385506645372      0.38728346390175      h
   -6.73051318510606      6.38853084026731      1.42744706910059      h
   -6.65998380099923      4.69068939583900     -1.27006376436589      h
    8.83448615229760     -0.27470010272675     -0.91501610070077      h
    9.13827558912759      2.43660517691525      1.05514168710124      h
    7.48786546203363     -0.78124591462442      2.64589746188016      o
    6.25928178890120      0.09949655237846      3.69567290340658      h
    5.19360763659568      4.80005254058027      2.24131701483453      h
   -0.08684904553892     -0.32300932002393     -2.83073040484227      h
    4.45453094467772     -1.27958912858060     -2.79598412423911      h
    5.72619470816330      3.13429327087692     -2.07884512339603      h
  0.20588853020644D-02  0.16170652493130D-02  0.25939727661068D-02
  0.52998251132585D-03  -.67909191066384D-03  -.13995645901108D-02
  -.48714071840816D-03  -.13315176383433D-03  -.12522380767876D-04
  0.25253264940517D-03  0.50999766095128D-03  -.14509241378668D-03
  0.55932996294139D-04  0.80574704729308D-03  0.41490853549053D-03
  -.44006611424052D-03  0.25597190333837D-03  0.24455414185809D-03
  0.76133943879689D-03  -.89195944877885D-04  -.36827762514469D-03
  -.77607161683702D-05  -.18489213817032D-02  0.55819817019831D-03
  -.11592975897639D-02  -.18413077572887D-04  -.71107938385451D-03
  -.10767321106764D-02  -.76940333026032D-03  -.89088360341139D-03
  -.23960187056637D-03  0.17903347195539D-02  -.23729794934519D-02
  -.29442792093737D-03  -.86030986225261D-03  0.15610484946906D-02
  -.12859024705580D-03  -.54495194938087D-03  0.57127472673324D-03
  -.99233937351784D-04  0.56360628773344D-03  0.42535501053820D-04
  -.95617818618443D-05  -.24412354289538D-03  0.61852287193398D-03
  -.30737625048127D-03  0.94903157102699D-04  0.21558422742096D-03
  -.24799807325282D-03  -.19448105179576D-03  -.17146980237248D-03
  0.12842541001401D-03  0.30186432887991D-04  -.16547334391781D-03
  0.58199693862004D-04  0.24436235235958D-03  -.49271591713307D-05
  0.51762167237612D-03  -.26072242959785D-03  -.26419571113312D-03
  -.76681690931801D-03  -.26638127454692D-03  0.45424905624536D-04
  0.47904847743352D-03  0.25574299876663D-03  -.69711180404664D-04
  -.15521994479029D-03  -.49656385172980D-03  0.49667128814157D-04
  0.46564297590779D-03  0.36934579186632D-04  -.25459481054924D-04
  0.11221301242403D-03  0.20085886133181D-03  -.31405561676756D-03
  cycle =      4 CC2 energy =     -695.8096386683 |dE/dxyz| =  0.001987
    1.83729084672688      7.43682762645545      4.07082220829686      o
   -2.32230608913658      3.27521823887517     -1.01535599030267      n
    4.19826270193287      3.24952259034724      1.67049445556387      n
    1.22250274776007      0.89834886919565     -2.11483476254488      n
   -1.90403752021347      6.54564276815440      1.98552583054490      n
   -5.74678961403109      5.92317357464954     -0.12042542713564      n
    0.19063875626818      2.75361048008704     -0.60207466261311      c
    1.67263038091675      3.97946206673311      1.17741651031130      c
   -3.27023316431883      5.15659961426970      0.28911984717699      c
    0.66994520246737      6.07721788390943      2.56014689055835      c
    5.39775053758534      1.88695584250675     -0.42571777505299      c
    3.60086628943136     -0.21293569494701     -1.27212773780802      c
    7.87098102191534      0.79704833243125      0.58820318384918      c
   -2.65003387969496      8.12164230520673      2.79617511039611      h
    3.34840524813377     -1.54290792023214      0.30700926938977      h
   -6.73357544912229      6.35199067197652      1.46724232986657      h
   -6.66870610864852      4.66354784916701     -1.23515828098509      h
    8.78595145549969     -0.39216391415020     -0.84398034529958      h
    9.16803489268821      2.37661949225637      1.02901025103479      h
    7.43893986222443     -0.73763975853890      2.73444490765960      o
    6.26291445182357      0.22553587816839      3.77040238526896      h
    5.20297474250487      4.80681184763973      2.22172431934366      h
   -0.08426043321550     -0.28338498964997     -2.87722997543119      h
    4.45780510779579     -1.23049244428500     -2.86581404716725      h
    5.78387764981583      3.12318280172613     -2.06619210784123      h
  0.52336068672965D-03  0.28846279899852D-03  0.15167420796303D-03
  0.41544468501797D-04  -.37738424847333D-04  -.10151165860606D-03
  -.26281566606823D-03  -.98431847322722D-04  0.77924284942910D-04
  -.21247782842804D-03  -.64743403919820D-04  -.17850510131723D-03
  0.30266374677268D-03  0.40507553703506D-03  0.21313067785478D-03
  0.78685353289032D-04  0.11118713201164D-03  0.20154779359061D-03
  0.52416723162138D-03  0.48837219831621D-03  -.60462385945537D-04
  0.14763895325398D-03  -.55377246810817D-03  -.15568897930684D-03
  -.35471910031237D-03  -.54344336893930D-03  -.63680336988758D-03
  -.76196222653468D-03  0.12670304049944D-03  0.39340351513806D-03
  0.19172236878440D-03  0.31180813955350D-03  -.21727932778814D-03
  -.16615686132160D-03  -.13497678373220D-03  0.11539582123499D-03
  -.94470437349337D-04  -.21084751540584D-03  0.60856098058615D-05
  -.15161844990708D-03  0.15430386329562D-04  0.12335255801510D-03
  -.35990784517992D-04  -.43999501035064D-04  -.67477652962999D-04
  -.44475399860300D-04  -.93129650200474D-05  0.81404614769021D-05
  -.59029381151099D-04  0.14205233320741D-04  -.47455881242442D-04
  -.16785340157810D-05  -.39850006605668D-04  -.61642548897289D-04
  0.31581913275236D-04  0.31502311212073D-04  -.67632801503126D-04
  -.10107565003636D-03  0.14199276599136D-03  -.24125736151959D-04
  0.16314819780749D-03  0.13366077120835D-03  0.21565767853327D-03
  0.12399779827099D-03  -.12065117179194D-03  0.76924284729829D-04
  -.25520200277462D-05  -.19675584766166D-03  0.43201833474171D-04
  0.10680501936688D-03  -.65938845989155D-04  0.26915908974079D-04
  0.13706345783460D-04  0.52061934352921D-04  -.34769453291617D-04
  cycle =      5 CC2 energy =     -695.8096525956 |dE/dxyz| =  0.001652
    1.84122640332109      7.45252506994291      4.05489351677850      o
   -2.32628278777795      3.26615598162382     -1.00309026569473      n
    4.20082994391942      3.25852706768735      1.66678377259398      n
    1.22215786652828      0.89768888233384     -2.11088675720579      n
   -1.90252354126654      6.55175133323103      1.97961521130578      n
   -5.74976748065231      5.91678792022339     -0.11395987886180      n
    0.18866280655457      2.74982332329039     -0.59551234861032      c
    1.67390324013021      3.98473062207629      1.17480844606308      c
   -3.27202650739175      5.15340949806341      0.29403330406638      c
    0.67254588994403      6.08708799288754      2.55111661311293      c
    5.40109480511915      1.88904049205933     -0.42435227807357      c
    3.60486676136452     -0.20941328010916     -1.27528540474703      c
    7.87084790258201      0.79711769588364      0.59578026411577      c
   -2.64657001254313      8.13266250912829      2.78222879874768      h
    3.35774693906885     -1.54540496594510      0.29958783108377      h
   -6.73309400848202      6.35367939420007      1.47360212733182      h
   -6.67364250798597      4.65084925629015     -1.21979419711876      h
    8.79957573558569     -0.37494772062092     -0.84160704508294      h
    9.15963182003833      2.37633722209284      1.06123424053890      h
    7.42887443810825     -0.75988473374092      2.72376505704084      o
    6.23596069469353      0.18548155353489      3.75665964559493      h
    5.20453993928880      4.81853228935070      2.21197050434294      h
   -0.08318921981105     -0.28519572130094     -2.87372914303498      h
    4.46086214559579     -1.22032321072043     -2.87363994843375      h
    5.79359837117731      3.12241554048999     -2.06539567877436      h
  0.32225065656455D-03  0.50581602916822D-04  0.38253169048375D-04
  -.41818908476543D-04  0.75328921953499D-04  0.58019804043852D-04
  -.66053387548948D-04  0.26419646889186D-03  0.13761271424606D-04
  -.16810727444061D-03  -.15174801107776D-03  -.28866838984065D-03
  0.34180204286471D-03  0.30995269121092D-03  0.21294886508194D-03
  0.99781990574144D-04  0.10646897414368D-03  0.17013908628449D-03
  0.33197158366413D-03  0.21216362636367D-03  0.20886413778576D-03
  0.12105797526107D-03  -.40900244446851D-03  -.23545884141285D-03
  -.28060441228561D-03  -.56671032101363D-03  -.59289292289089D-03
  -.62771115725813D-03  0.38678341337350D-03  0.34351785948727D-03
  0.21917085095247D-04  -.17801279060653D-03  0.19527118039031D-03
  -.64281342364580D-04  0.88548058150728D-04  -.12693759851734D-03
  0.13504450977031D-04  -.13262719316715D-03  0.13020441527489D-03
  -.11617189184188D-03  0.75642588690528D-05  0.69001583584694D-04
  0.45669593784492D-04  -.19365868649146D-04  -.18245859649824D-05
  -.27619129786327D-04  -.77550745170019D-05  -.12884469364316D-04
  -.45687718968956D-04  0.23373476061295D-04  -.26914426932478D-04
  0.14393561080794D-04  0.15848365038096D-04  -.44266975135265D-04
  0.63985561110869D-04  0.27713539390906D-04  -.21481132638557D-04
  0.19694106736523D-04  0.16302986417216D-03  -.11261924265771D-03
  -.29774789383374D-04  -.11057951755777D-03  0.50375690243687D-04
  0.67249933814573D-04  0.21965415706759D-04  -.16967301641024D-04
  -.16861394470880D-04  -.11469634674466D-03  0.16395421425397D-04
  0.19438774336411D-04  -.40312617537897D-04  -.11986324195856D-04
  0.19738691190430D-05  -.22708456700826D-04  -.13850536338289D-04
  cycle =      6 CC2 energy =     -695.8096550845 |dE/dxyz| =  0.001415
    1.84020798076702      7.44876163443192      4.05761596813624      o
   -2.32784233097907      3.26345214216955     -1.00016325480634      n
    4.19891429030443      3.25387142134161      1.67001538921340      n
    1.22210227585792      0.89692542020245     -2.10977789110404      n
   -1.90149370583938      6.55293736265579      1.97737726569727      n
   -5.74902148932496      5.91836281876694     -0.11590713983472      n
    0.18679617957247      2.74604286266800     -0.59220728607248      c
    1.67224279387049      3.98091900093744      1.17795935500194      c
   -3.27199800743908      5.15360469565496      0.29392847517835      c
    0.67220125256710      6.08487493157101      2.55209166650434      c
    5.39974607461173      1.88954027778933     -0.42403171057895      c
    3.60491256572548     -0.21013314284977     -1.27460226857467      c
    7.87122300684820      0.79927134278648      0.59346558338552      c
   -2.64253861299801      8.13804860642776      2.77432076567987      h
    3.35826629515007     -1.54607041329326      0.30038617885352      h
   -6.73219001915102      6.35895877785145      1.47072359315390      h
   -6.67369157017268      4.65101534722089     -1.21942886037752      h
    8.79943121708163     -0.37200251919610     -0.84486359160372      h
    9.15922447535935      2.37933314255681      1.05802349386707      h
    7.43218406521369     -0.75825626360536      2.72172611181234      o
    6.24085101229865      0.18718319439962      3.75636834316192      h
    5.20208769704958      4.81283429704188      2.21904628862887      h
   -0.08203249388936     -0.28488527916533     -2.87621412600817      h
    4.46108755977407     -1.22058044862565     -2.87310817899664      h
    5.78915912485079      3.12542480221398     -2.06391778323801      h
  0.20408558017770D-03  -.73291487304061D-04  0.49651896368630D-04
  -.82147589715476D-04  0.14442508779489D-03  0.10613215908784D-03
  -.80640669790633D-04  0.16432167663805D-03  0.21518392726350D-04
  -.25964049724436D-04  -.16852972318127D-04  -.29855658502065D-03
  0.33571085450568D-03  0.22910576434931D-03  0.20053834372735D-03
  0.80445164091003D-04  0.90640170731682D-04  0.13923208553113D-03
  0.24807114942405D-03  0.53281418377349D-05  0.31146577295105D-03
  0.93475384220554D-04  -.38204393998242D-03  -.25375336186695D-03
  -.23055638224712D-03  -.49938672110006D-03  -.49105799174987D-03
  -.50444078413570D-03  0.46511808807947D-03  0.20535218959195D-03
  0.19622894622984D-04  -.33730288535538D-04  0.41965365508823D-04
  -.81186437117964D-04  0.46695224045656D-04  -.30909091973008D-04
  -.14413803310021D-04  -.13014802872779D-03  0.12037501385764D-03
  -.72233177898617D-04  0.25769386336805D-04  0.47597397223598D-06
  0.19942458206024D-04  -.23652881317560D-04  0.11486984109688D-04
  -.26760194799635D-04  -.48902888984959D-05  -.17617443070606D-04
  -.40756567758926D-04  0.18745398514763D-04  -.10911425261551D-04
  0.51465307429055D-05  0.13847878006956D-04  -.40748577089467D-04
  0.39165379404960D-04  0.18293151174742D-04  -.22166359397002D-04
  -.18152014247264D-04  0.15169630688661D-03  -.97014776248017D-04
  0.10483785636950D-04  -.66766441688904D-04  0.56419508181804D-04
  0.74865374155575D-04  -.33668670011977D-04  0.29619171126871D-05
  0.17326487369296D-05  -.71147763011759D-04  0.72711203431552D-05
  0.41624827564757D-04  -.32447878330899D-04  0.87481973678472D-05
  0.28793802084870D-05  -.59588318723769D-05  -.20859585005528D-04
  cycle =      7 CC2 energy =     -695.8096563696 |dE/dxyz| =  0.000982
    1.84107309059686      7.45067063935913      4.05483468088660      o
   -2.32731767815410      3.26507513321930     -1.00189812589769      n
    4.19843045876655      3.25245406756636      1.67032228719992      n
    1.22277471331754      0.89752856971884     -2.11001200132251      n
   -1.90117897045699      6.55268216360980      1.97730933434525      n
   -5.74948896114373      5.91717702152156     -0.11458616510472      n
    0.18732343970168      2.74788573500939     -0.59451808165012      c
    1.67284761337357      3.98214282702890      1.17628244334914      c
   -3.27169502083366      5.15417711402295      0.29397963610780      c
    0.67322545615274      6.08548193000300      2.55030597458907      c
    5.39969942157295      1.88952209092869     -0.42428353054109      c
    3.60474210898727     -0.21038100858738     -1.27372381513951      c
    7.87099399330001      0.79938652121272      0.59360531310358      c
   -2.64193881500946      8.13751284855641      2.77492861161471      h
    3.35711881955963     -1.54511545723823      0.30208933278629      h
   -6.73211131301676      6.35653444640512      1.47274300462600      h
   -6.67350304099265      4.64899056544040     -1.21768024583860      h
    8.79991194254580     -0.37160961905533     -0.84444014420763      h
    9.15845738608686      2.37952064387918      1.05915644715535      h
    7.43109075136497     -0.75860580855309      2.72153819876019      o
    6.23935310253724      0.18718564624123      3.75545964879124      h
    5.20198535118073      4.81041143627439      2.22148730111667      h
   -0.08127588086661     -0.28296122013383     -2.87849652522823      h
    4.46068824383167     -1.22198015552170     -2.87156950012595      h
    5.78862342470700      3.12574788104459     -2.06400769229647      h
  0.16383755042426D-03  -.24303137667658D-04  0.12374079183530D-05
  -.81287897330640D-04  0.11892172597427D-03  0.11623957343154D-03
  -.79885402574753D-04  0.22030266803252D-04  0.70372471769886D-04
  0.48268911410299D-04  0.14647792395905D-04  -.19147258135987D-03
  0.27507006022898D-03  0.15795692760001D-03  0.14847022391606D-03
  0.60696233747493D-04  0.66168188248561D-04  0.10019938526451D-03
  0.17972814092293D-03  0.46754449044117D-04  0.11673552791142D-03
  0.10428025966114D-03  -.19530942316370D-03  -.22242746001044D-03
  -.16638478333597D-03  -.34499609170435D-03  -.30378430756794D-03
  -.41550905189780D-03  0.23279360020823D-03  0.14016587289500D-03
  0.39085535998851D-05  0.57604518988397D-04  -.81070640836955D-04
  -.65172127083013D-04  -.13690696079038D-04  0.72239211414971D-04
  -.26595010946373D-04  -.93960266412452D-04  0.10464275523381D-03
  -.58042879861997D-04  0.30474470458230D-05  -.14260471538297D-04
  0.95683879505204D-05  -.26473374615144D-04  0.20804737732583D-04
  -.20810422582951D-04  -.10573876200404D-04  -.97245703414295D-05
  -.31442954913530D-04  0.14114021696265D-04  -.49628700353743D-05
  -.31737628569672D-06  0.11094001470369D-04  -.29557026916649D-04
  0.15762476666570D-04  0.12473814395175D-04  -.17300838612733D-04
  -.26479539235069D-04  0.99285520992254D-04  -.73289041167435D-04
  0.11460094803795D-04  -.31127014217258D-04  0.36386485149364D-04
  0.49976504791438D-04  -.56892489981308D-04  0.18209747979059D-04
  0.41006595088433D-05  -.52700330474664D-04  0.72324343292074D-05
  0.41789141223880D-04  -.12583478306460D-04  0.17584114265556D-04
  0.34802217825369D-05  0.57179630954529D-05  -.22670429970173D-04
  cycle =      8 CC2 energy =     -695.8096576906 |dE/dxyz| =  0.000453
    1.83969041046797      7.44773160344335      4.05769296897407      o
   -2.32849013586320      3.26438784817856     -1.00049004640608      n
    4.19735338797383      3.24897941611536      1.67263100451738      n
    1.21959486753858      0.89253791980808     -2.10333412393889      n
   -1.90100079434481      6.55165603369660      1.97805461463679      n
   -5.74742935105695      5.92159725374981     -0.11986340834425      n
    0.18461603108711      2.74413700160246     -0.59018678904772      c
    1.67097647605352      3.97814480432450      1.18080225789510      c
   -3.27126424693513      5.15600162867352      0.29392827325587      c
    0.67322573053070      6.08196447118030      2.55239490425573      c
    5.39847527813700      1.88961979321138     -0.42429386570022      c
    3.60554170450802     -0.21173489559241     -1.27403433648498      c
    7.87170652727938      0.80188911354154      0.59127850352455      c
   -2.63953783690913      8.13789574991735      2.77467582198451      h
    3.36360373152182     -1.54996092685897      0.29953794351807      h
   -6.73178949252580      6.36399387977824      1.46558467835842      h
   -6.67068419689899      4.65219821983266     -1.22217722125913      h
    8.80062995153791     -0.36887443252408     -0.84684227589236      h
    9.15779261920928      2.38325582802721      1.05593494931147      h
    7.43443906818886     -0.75613218247771      2.72023362640247      o
    6.24314734802559      0.19048737840987      3.75408280809920      h
    5.19927184752850      4.80782486913964      2.22438260642829      h
   -0.08418375468283     -0.28777869181040     -2.87226445976918      h
    4.45950765168308     -1.21840283742122     -2.87595204917210      h
    5.78463681505482      3.12801516600675     -2.06294999806771      h
  0.58450079778893D-04  0.28388915684019D-04  0.42125446306329D-04
  -.24081465213044D-05  0.37398064202776D-04  0.21731466866015D-05
  0.56338686684754D-05  0.38784866904784D-05  -.20540837821770D-04
  0.76090567857623D-04  0.19207161679802D-04  -.74970747187209D-04
  0.12470410797327D-03  0.28292952849895D-04  0.10464417472988D-04
  0.19844157931104D-04  0.20056237532096D-04  -.22929664942772D-04
  -.92217858727373D-04  -.36704223882245D-04  -.38078824641574D-04
  -.10088031889843D-04  0.76907731673348D-04  0.14170625849719D-03
  -.69766188381948D-05  0.59625424524867D-04  0.71157669523814D-04
  -.13110066944311D-03  -.20767875834760D-03  -.16849572867272D-03
  0.51739636013792D-04  0.17244793643678D-04  -.78770863705113D-04
  0.29992060576856D-04  -.19154073882532D-07  0.49448841718647D-04
  -.15793063662173D-04  0.46348348761771D-04  -.15705999989457D-05
  -.35831326083091D-04  -.36585199414851D-04  -.39819519373374D-04
  -.11421952412549D-04  -.55809999479628D-05  -.12631512924077D-04
  0.57583150803175D-05  -.20653944488913D-04  0.13275907075894D-04
  -.78683417683578D-05  0.38710184520063D-05  0.20434803906788D-05
  -.11446718526820D-04  -.25708749706865D-06  0.19719294570564D-05
  -.13486384633943D-04  -.23746006010406D-05  -.39296461328275D-05
  -.39415242435226D-04  -.33649100567246D-04  0.17176513586570D-04
  0.25406137505346D-04  0.43296263434467D-04  0.38975104996730D-05
  -.65612102639889D-06  -.32901653383099D-04  0.18685223185821D-04
  -.20368043357699D-04  -.20596345109425D-04  0.64718561356703D-04
  -.12237840496532D-05  0.18393108381698D-04  0.17956070714753D-04
  0.26831284805073D-05  -.59073738105653D-05  0.49366941055062D-05
  cycle =      9 CC2 energy =     -695.8096581427 |dE/dxyz| =  0.000347
    1.83932288360159      7.45091831173056      4.05637153881959      o
   -2.32792806630795      3.26443910129035     -1.00028841043927      n
    4.19811066028516      3.25052959659212      1.67220588269705      n
    1.22035373717462      0.89436517252072     -2.10353694804790      n
   -1.90148505810886      6.55195630991046      1.97809557486836      n
   -5.74828158079880      5.91927575999174     -0.11883843375013      n
    0.18544217307040      2.74578619200095     -0.59047242299141      c
    1.67193982028456      3.98044969805149      1.17994147491104      c
   -3.27140684690179      5.15556813651940      0.29436757326387      c
    0.67358617650684      6.08410660056625      2.55154050630635      c
    5.39881530276460      1.88904903755571     -0.42370413007338      c
    3.60503093891740     -0.21167152902804     -1.27338812366719      c
    7.87185431601977      0.80065260338611      0.59196036975268      c
   -2.64044791109911      8.13792715226914      2.77495690748840      h
    3.36164118542084     -1.54915508486946      0.30057065704612      h
   -6.73239694712883      6.36192095226301      1.46669084206784      h
   -6.67097888933590      4.64866664768311     -1.22021985549864      h
    8.80096016150532     -0.36972245719815     -0.84636697354806      h
    9.15800901490802      2.38174754702546      1.05734703927412      h
    7.43439121987543     -0.75809911627403      2.72038753703664      o
    6.24142040798152      0.18728254632921      3.75344287035861      h
    5.20048753347138      4.80971186990200      2.22228433312347      h
   -0.08304138351134     -0.28347853549911     -2.87684241294683      h
    4.45872311641395     -1.21939290418397     -2.87483996003293      h
    5.78570767210031      3.12660040341735     -2.06283904893912      h
  0.37298329786495D-04  0.31793380465217D-04  0.46435027165614D-04
  0.33148372157399D-04  -.35543194712773D-04  -.68329352735930D-05
  -.10536328093558D-04  0.24984696436192D-05  -.28889932714549D-04
  0.18876392527734D-04  0.58642893471017D-04  -.47476445875105D-04
  0.72929192634241D-04  0.48458548373986D-05  0.90360624458441D-05
  -.55545618877773D-05  0.12445353545942D-04  -.34319759462775D-04
  -.65818690314356D-04  0.16376594039746D-04  0.15637763981002D-04
  0.36609078033933D-04  0.10918125718806D-03  0.93913575252014D-04
  0.33076150383948D-04  0.45766829641636D-04  0.74480119639730D-04
  -.88498478460153D-04  -.13884533333042D-03  -.14536158324407D-03
  -.29458389155579D-04  -.26994795835067D-04  -.10236462775426D-04
  0.25051074594051D-04  -.47466233875859D-04  0.42039910910674D-04
  0.15558273549487D-04  0.20535550224798D-04  -.24079399940646D-04
  -.29261742919839D-04  -.18399309788641D-04  -.27991719999232D-04
  -.18364392950776D-06  0.12746393176055D-04  -.58340018478376D-05
  0.33293296803905D-05  -.18047453228753D-04  0.13735615915333D-04
  -.31280965435698D-05  -.50750254221299D-06  0.18303898166039D-05
  0.11212601287447D-05  -.66763497401645D-05  0.12692175736184D-04
  -.11186370721283D-04  -.35347141764674D-05  -.19683909286972D-05
  0.17480854868523D-04  -.45646076454631D-04  0.22374611548415D-04
  -.32836774428446D-05  0.24305197961372D-04  -.16771107155922D-04
  -.25831079855099D-04  0.77481857827522D-05  0.80868335907702D-05
  -.88401186006948D-05  -.16678892770017D-04  0.47203256308137D-05
  -.80948356329102D-05  0.57812498344134D-05  -.80975142688899D-05
  -.48025376613303D-05  0.56727254644784D-05  0.12876574530640D-04
  cycle =     10 CC2 energy =     -695.8096583069 |dE/dxyz| =  0.000128
    1.83960417355820      7.45211136019814      4.05522782275031      o
   -2.32822829226118      3.26403603816565     -0.99977013951044      n
    4.19780917017143      3.24992606403113      1.67287972100784      n
    1.21976474581140      0.89308085633926     -2.10211552355766      n
   -1.90161540328900      6.55213452520685      1.97800483999484      n
   -5.74815366222386      5.91982845510700     -0.11960370182628      n
    0.18506676182834      2.74498065512989     -0.58959608191119      c
    1.67166465813640      3.98004139947702      1.18037152957964      c
   -3.27156296810028      5.15559804378161      0.29427980935698      c
    0.67367748391691      6.08459446538994      2.55136911940624      c
    5.39862575646676      1.88930985769210     -0.42350685864641      c
    3.60532954227819     -0.21184638536637     -1.27333561395088      c
    7.87199708264694      0.80131516676900      0.59168591408913      c
   -2.64049589974745      8.13808478826311      2.77506614478693      h
    3.36322457784369     -1.55007746411017      0.30022613902071      h
   -6.73240465512715      6.36403102607840      1.46538745159151      h
   -6.67113627911040      4.64898431225979     -1.22046408000980      h
    8.80178416369160     -0.36753423026231     -0.84745829751801      h
    9.15743243614542      2.38264032991192      1.05837398570558      h
    7.43503522002070     -0.75916281859519      2.71890231055461      o
    6.24164879961769      0.18475780968108      3.75278494319612      h
    5.20026435455465      4.80887954828096      2.22348686433718      h
   -0.08345482733103     -0.28487722219440     -2.87545133581372      h
    4.45894333986692     -1.21864694949951     -2.87541616235542      h
    5.78500935774426      3.12724438021748     -2.06250241319853      h
  0.11526972219400D-04  0.15287122455021D-04  -.55768491158403D-05
  0.14813864659402D-04  -.13926575986645D-04  0.85008990300395D-05
  0.42494812433347D-05  0.74413956889785D-05  -.10194977061673D-04
  0.15372921910783D-04  0.19485659766616D-04  -.36207006367306D-04
  0.46444534137713D-04  0.26960415873134D-05  -.55222006469791D-05
  -.10220931857319D-04  0.20325984989356D-04  -.23829544017140D-04
  -.37024666756647D-04  0.99689027379668D-05  0.27217574895655D-04
  0.19579234137090D-04  0.14056249009631D-04  -.65866382081836D-06
  0.13924201958559D-04  0.98705989088899D-05  0.25443523161250D-04
  -.35449954250311D-04  -.27459837915078D-04  -.10620653249749D-04
  -.13313278122595D-04  -.16915910201476D-04  -.10797528022355D-04
  0.15193784653089D-04  -.12316206569274D-04  0.16360457609998D-04
  0.78213696363960D-05  0.14836446629196D-04  -.53887062958502D-05
  -.26258919736843D-04  -.11145483211017D-04  -.41805528758765D-05
  -.23344261108615D-05  0.22524180778305D-05  0.27645730575898D-05
  0.80666756385739D-06  -.10611778623826D-04  0.78403629828472D-05
  0.12333362775507D-07  -.46268772191382D-06  0.10870373827743D-05
  0.15996878510727D-05  0.46795774721886D-06  0.30795232897063D-05
  -.45750200410311D-05  -.53007196143540D-06  0.39797562657595D-05
  0.10943968444366D-04  -.26776478724955D-04  0.60008140838619D-05
  -.77965275662173D-05  0.81018727167148D-05  -.78807726482388D-05
  -.10453344341244D-04  0.60929077960736D-06  0.12286024442476D-04
  -.53402146358295D-05  -.12119068622418D-04  0.74087910624243D-05
  -.70270552012808D-05  0.59936387843962D-05  -.43847184252321D-05
  -.24949300905242D-05  0.87060346665169D-06  0.32725669010247D-05
  cycle =     11 CC2 energy =     -695.8096583450 |dE/dxyz| =  0.000172
    1.83920707898952      7.45130268856342      4.05627680599772      o
   -2.32805420400609      3.26474730705854     -1.00063425886802      n
    4.19809920832442      3.25051699590874      1.67225663731179      n
    1.21977973493834      0.89297590774339     -2.10213450921936      n
   -1.90170808695716      6.55208396098289      1.97807948947932      n
   -5.74861407443658      5.91909878909512     -0.11875777168025      n
    0.18529708225618      2.74556568071223     -0.59048688090724      c
    1.67180530186384      3.98037962585649      1.17968515325456      c
   -3.27162132977090      5.15571414085044      0.29408571728431      c
    0.67372943758715      6.08454675419891      2.55154185665896      c
    5.39894672523133      1.88927552568798     -0.42367889070395      c
    3.60550071266358     -0.21170824241762     -1.27380308359864      c
    7.87172587569006      0.80077653356127      0.59229137984155      c
   -2.64008939675785      8.13844389497079      2.77484686303629      h
    3.36364988025962     -1.55027616014652      0.29953938593112      h
   -6.73237849499598      6.36371136261886      1.46639834696675      h
   -6.67173180329428      4.64789943822714     -1.21908578999709      h
    8.80108808122685     -0.36917415863024     -0.84624581679664      h
    9.15787307296997      2.38176326100625      1.05825739126065      h
    7.43393839843128     -0.75842693613284      2.72022319426623      o
    6.24081213114031      0.18624423414416      3.75368419893565      h
    5.20061315223196      4.80977693557173      2.22192752574587      h
   -0.08326889695325     -0.28436031579508     -2.87658544520410      h
    4.45909604188034     -1.21826996365684     -2.87605386137910      h
    5.78613400859652      3.12682675197315     -2.06280125053712      h
  -.22308195882559D-04  -.27431858352855D-04  -.73781434508646D-05
  0.99308864420777D-06  0.27131181532525D-04  -.38674038460584D-05
  0.22624308758878D-04  0.17948003516732D-04  0.44718007643496D-05
  0.43711796384738D-05  -.35090294875140D-04  0.82160674583776D-05
  0.61525795320705D-05  -.14848087305452D-04  -.48218797301658D-05
  -.20808989891208D-04  0.90300434312240D-05  0.92920128818008D-05
  -.45958059593787D-05  0.30145573709506D-04  -.97175550069495D-05
  -.92951398169561D-05  -.72276019663420D-04  -.56572507718844D-04
  -.35015554997742D-05  -.13911193966543D-04  -.86035344697422D-05
  0.32375038216514D-04  0.76260861958000D-04  0.71885429167917D-04
  0.11848900340006D-04  -.18360049439725D-04  0.18862024085520D-04
  0.12574331523796D-04  0.65807366320669D-05  -.13649814358807D-04
  -.94720988466079D-05  0.85726439133516D-05  -.11911213830818D-04
  -.19840597564880D-06  0.13961976750743D-04  -.81880220061947D-05
  -.10514499710901D-05  -.32966068714835D-05  0.48695254584175D-06
  -.90858585113374D-05  -.36581958842152D-05  0.25591241774592D-05
  0.16900360346739D-05  -.68727086577347D-05  0.28196284103110D-05
  -.29450754110982D-05  0.48076959657806D-06  -.18446903902181D-05
  0.34007048066442D-05  0.15230361465335D-05  0.21066038742301D-05
  -.96485959275583D-05  0.59688401297109D-05  0.11301212632375D-04
  0.10442872091510D-05  -.79619650630303D-05  0.31621617817557D-05
  -.23274045770627D-05  0.93176733821920D-05  -.24081046032798D-05
  0.56980007556717D-06  -.27058250164913D-05  -.53823072887482D-06
  -.65494724994508D-05  -.13992959235765D-07  -.24540453802402D-05
  0.41435442768023D-05  -.49446748118243D-06  -.32081412482121D-05
  cycle =     12 CC2 energy =     -695.8096582297 |dE/dxyz| =  0.000072
    1.83902751176823      7.45117313121543      4.05648186952778      o
   -2.32826843515874      3.26407358413115     -0.99991358418768      n
    4.19779283161076      3.24967232995712      1.67308640153566      n
    1.21951002479821      0.89246523737495     -2.10131689165276      n
   -1.90190790979228      6.55169389899487      1.97848424298380      n
   -5.74796651408723      5.92018746037289     -0.12027907344165      n
    0.18498081629597      2.74477933829801     -0.58944808845631      c
    1.67149807196962      3.97967729192384      1.18071202168260      c
   -3.27164514971732      5.15559180685624      0.29419308448320      c
    0.67349963108480      6.08406046241937      2.55204635655888      c
    5.39849400155718      1.88926514416026     -0.42348973752113      c
    3.60533328678024     -0.21211665383466     -1.27318295468469      c
    7.87207116716094      0.80144414499421      0.59133886527874      c
   -2.64038140900612      8.13781877751079      2.77560500602638      h
    3.36376801932986     -1.55051072302988      0.30033530771821      h
   -6.73240214577051      6.36570937269294      1.46420030564638      h
   -6.67112174976303      4.64925886552934     -1.22088817867866      h
    8.80122502363267     -0.36807535579329     -0.84768085566313      h
    9.15788953978586      2.38280064685382      1.05692663782434      h
    7.43568422786894     -0.75812545435425      2.71929101355788      o
    6.24251622256211      0.18602024028031      3.75319439449181      h
    5.20025624428283      4.80882554715464      2.22315131448866      h
   -0.08346279025662     -0.28477468540612     -2.87603608610833      h
    4.45886319124122     -1.21872308481891     -2.87544328609967      h
    5.78457592893158      3.12724268846932     -2.06254169823105      h
  -.11364261066404D-04  -.67953532578713D-05  -.80068056718119D-05
  0.26140185376278D-05  -.95161734652294D-05  0.46509661721927D-05
  0.48271340089556D-05  0.62499401476401D-06  -.20704886711798D-05
  0.30792145317982D-05  0.10335619382573D-06  -.32162042984396D-05
  -.20038988637339D-05  -.19177991994468D-05  -.10348448892472D-04
  -.95746763779658D-05  0.22323139634572D-04  -.10093503069797D-04
  -.62439555002791D-05  0.15377938739736D-04  -.27227613691450D-05
  0.54285017192512D-06  -.25745485806805D-04  -.17004579604851D-04
  -.46536071707237D-06  -.79342263790139D-05  0.13234387061356D-04
  0.24756140577509D-04  0.25465403713731D-04  0.28176746293518D-04
  -.22344501360294D-06  -.10612734430149D-05  0.13998594634579D-05
  0.49400043873327D-05  -.53978732754700D-05  0.31096902026739D-05
  -.23980214862718D-05  0.46053126336876D-05  -.10783194992037D-04
  -.73682295709254D-05  0.10318116583363D-06  0.24084537595392D-05
  -.24939077398756D-05  0.10829658938505D-05  0.10856108803026D-05
  -.23732404796917D-06  -.50004754403865D-05  0.22282985683297D-05
  0.34126682457725D-05  -.35207285971062D-05  -.76149910466228D-06
  -.87621767042023D-06  -.17735825830201D-05  0.13756267578380D-05
  0.13478270499689D-06  0.17085125314509D-07  0.11710043261726D-05
  0.10917945285627D-05  -.19014019301267D-05  0.76792973295881D-05
  0.22997017579129D-06  -.70429236775915D-06  -.48199575974905D-06
  -.32175485693564D-05  0.25827286851410D-05  0.16458318816692D-05
  0.20555340651818D-05  -.21646434431588D-05  -.23137443827537D-06
  -.19361137377771D-05  -.27938385338544D-06  -.18037202349497D-05
  0.71859039807443D-06  0.14266584562606D-05  -.64146962763800D-06
$end
