$hessapprox internal
  0.862323518193D+00  0.225857230899D-02  0.414002825012D+00 -0.205579066409D-02
 -0.489524335612D-02  0.214805892702D+00 -0.692422521853D-02  0.102981022259D-02
 -0.397794963328D-03  0.508391535165D+00  0.180050339143D-01 -0.188669890611D-01
 -0.226062877103D-02 -0.249846360659D-02  0.342165882760D+00 -0.798270923859D-03
 -0.518634532983D-02  0.215425111921D-01 -0.203136139329D-03 -0.233641858921D-02
  0.688291722861D-01 -0.256035599367D-02  0.484114524894D-03  0.108822990786D-02
 -0.524202945575D-03 -0.987245274049D-03  0.485213247488D-03  0.420624690398D+00
 -0.100044472202D-02  0.212750608368D-02 -0.964485805081D-03 -0.497572086484D-03
 -0.989870805525D-03  0.356724160135D-03 -0.464801119944D-03  0.417277196291D+00
 -0.326666161183D-02 -0.637920860724D-02  0.466528578282D-03  0.144571820951D-02
  0.230302103259D-02 -0.798396671780D-03  0.449754195567D-03  0.314200875368D-03
  0.339028523021D+00  0.369488945099D-02 -0.271356428911D-03  0.241532139903D-02
 -0.938182233699D-03 -0.404548917275D-02  0.129015076115D-02 -0.308657707940D-04
 -0.259540332048D-03  0.552141906026D-03  0.341219200104D+00  0.639595005697D-02
  0.355530144125D-02  0.989803129428D-04 -0.530609805578D-03 -0.298477958187D-02
  0.230367600529D-03 -0.368855221540D-03 -0.947748991535D-03  0.235162529558D-02
 -0.127453948856D-02  0.317658141008D+00 -0.228608255851D-02 -0.254550779759D-02
  0.768020683178D-03  0.683877979297D-03  0.165789599711D-02 -0.379935478137D-03
  0.530441543299D-03 -0.247588758831D-03 -0.730655420567D-03 -0.311087713909D-04
  0.793623103350D-03  0.342025899830D+00  0.393714949026D-02 -0.409692266060D-02
  0.323888725631D-03 -0.568078208341D-03 -0.576170808803D-02 -0.117053009021D-03
 -0.226835421216D-03 -0.142918711970D-03  0.457698622421D-03 -0.777449418898D-03
 -0.683297696149D-03  0.280912260665D-03  0.175993065141D-01 -0.690590278178D-02
  0.591661102314D-03  0.590358779236D-03 -0.293569632629D-03  0.726187309712D-03
  0.456252517285D-03 -0.161253973419D-03 -0.101385257571D-03  0.140708591354D-03
  0.175448359853D-04  0.245708305442D-03  0.280756646666D-04  0.160012698190D-03
  0.512616431365D+00 -0.676972331381D-02 -0.249064914359D-03  0.113566194447D-02
  0.282996284878D-03  0.243581008857D-02  0.797165184650D-03  0.571236042288D-04
  0.251309278434D-03 -0.590163801063D-03  0.460366383411D-03  0.825044301460D-03
 -0.363556263164D-03  0.535241711243D-03 -0.149482481094D-03  0.512490777689D+00
 -0.330049085742D-02 -0.719224431436D-02 -0.236847548583D-02 -0.127510983735D-03
 -0.306496735113D-02 -0.198375139571D-02 -0.306954656301D-04  0.240340925099D-03
 -0.114124591836D-02 -0.516387813949D-04  0.695480031541D-03 -0.438425327726D-03
 -0.687402706330D-03 -0.168855284148D-03 -0.346986354522D-03  0.340083589599D+00
  0.721258859648D-02 -0.526616404524D-02  0.169945909330D-02 -0.484036108623D-03
 -0.825262448623D-02  0.951664276658D-03 -0.324478015981D-03 -0.165252569454D-03
  0.106392364708D-02 -0.143168826842D-02 -0.997950525886D-03  0.577924737038D-03
 -0.177629294575D-02  0.445425771360D-03  0.111612494289D-02 -0.103415174266D-02
  0.366658479617D+00  0.245167203748D-01  0.318844973883D-02 -0.513857807257D-02
 -0.207302187387D-02 -0.145047280999D-01 -0.290128022858D-02 -0.901612844773D-03
 -0.178194530942D-02  0.487266857453D-02 -0.351700449223D-02 -0.450632853518D-02
  0.265687055229D-02 -0.320732246834D-02  0.704208256949D-03  0.232434908842D-02
  0.127581696146D-02 -0.561500584008D-02  0.343382808521D+00 -0.189008439424D-02
  0.124378136457D-02 -0.316762957035D-03 -0.412784171707D-03 -0.781635563546D-03
 -0.563205042007D-04 -0.200984835525D-03 -0.258212129197D-03  0.653131285427D-03
 -0.274872590361D-03 -0.338175462780D-03  0.151050601517D-03 -0.173163873219D-03
 -0.122085646094D-03  0.112377722771D-03  0.139049933212D-03 -0.237576052237D-03
 -0.997156767390D-03  0.421583551615D+00 -0.242429350738D-02  0.203107592452D-02
 -0.244693715707D-03 -0.534544298751D-03 -0.136805954055D-02 -0.814851801922D-04
 -0.389098590423D-03 -0.391828386420D-03  0.123018800055D-02 -0.833275130657D-03
 -0.613402605951D-03  0.813294559681D-03 -0.313064471782D-03 -0.130629888166D-03
  0.265572880420D-03  0.236709675093D-03 -0.322254347497D-03 -0.187506201284D-02
 -0.332128991663D-03  0.408436657054D+00  0.127551063887D-02  0.621988096230D-02
  0.678648229368D-04 -0.598822357590D-03 -0.754634005301D-04  0.847211015160D-03
 -0.503920970403D-03 -0.342111302150D-03  0.180745277939D-02 -0.668564909112D-03
 -0.109255617838D-02  0.212804951537D-03  0.138554819381D-04 -0.114918582084D-04
  0.497730245158D-03  0.997217347779D-03  0.142185488382D-04 -0.301329311011D-02
 -0.374037932615D-03 -0.659557932285D-03  0.344374994079D+00 -0.337722881877D-03
 -0.375928863477D-02 -0.431102295948D-02  0.762946262804D-03  0.132270596651D-02
 -0.241115602019D-02  0.158548268661D-03  0.141057029285D-02 -0.224807324571D-02
  0.780101575146D-03  0.509277012369D-03 -0.772581365084D-03  0.343818798914D-03
 -0.285031138512D-04 -0.574999120372D-03 -0.433388785824D-03  0.171392234599D-03
  0.360754575720D-02  0.388132923672D-03  0.733941482448D-03  0.109064187348D-02
  0.346966380547D+00 -0.406272999394D-02 -0.369216487851D-02  0.103781197177D-03
  0.469362483960D-03  0.141859002010D-02  0.699257049139D-04  0.170114173014D-03
  0.608529873716D-03 -0.150387860959D-02  0.773289449638D-03  0.117128344089D-02
 -0.112781595086D-02  0.334596943282D-03 -0.755785174711D-04 -0.463109675552D-03
 -0.763756261935D-03  0.657634343500D-03  0.294756560475D-02  0.325780108686D-03
  0.462934898195D-03  0.116198260494D-02 -0.958470085679D-03  0.317862536217D+00
 -0.930268211926D-02 -0.325501783075D-02  0.120252850972D-02 -0.122610551706D-04
  0.261169928028D-02  0.455076952785D-03  0.462070117127D-03  0.158359425033D-03
 -0.186661182687D-02  0.141541778285D-02  0.126070816622D-02 -0.863444059308D-03
  0.554436533014D-03 -0.414248040455D-03 -0.868289236144D-03 -0.765560041776D-03
  0.837109520875D-03  0.411613318117D-02  0.229170044899D-03  0.165274420657D-03
  0.809551799638D-03 -0.125129209687D-02 -0.100747809300D-02  0.343641983993D+00
 -0.186430654016D-02 -0.818055410107D-03 -0.166360528095D-02 -0.378771673863D-03
 -0.587412751953D-03 -0.124720710549D-02  0.175108433497D-03  0.918471951660D-03
 -0.146653986124D-02 -0.527210275266D-03 -0.179516601652D-02  0.349862969087D-02
 -0.191352687194D-03 -0.281793620936D-03 -0.290658709549D-03  0.352852875808D-04
 -0.457543918703D-03  0.857018095801D-04 -0.468250710390D-03  0.398680454687D-03
 -0.104681270178D-02  0.268561093130D-02 -0.800485304564D-03 -0.266700845226D-03
  0.286069603147D-01 -0.165283283990D-01 -0.248244546514D-02 -0.179915344831D-02
 -0.419039340939D-03  0.146534103306D-02 -0.930304722892D-03 -0.292185269625D-03
  0.253266478140D-03 -0.928230186637D-03  0.584683441420D-03  0.128167113370D-02
 -0.104272893407D-02  0.343162288913D-03 -0.695825948459D-03 -0.816596421940D-03
 -0.855059147542D-03  0.700258723361D-03  0.380411657399D-02  0.155243498355D-04
 -0.238829392415D-04  0.885939970270D-03 -0.314671324049D-03 -0.744281495143D-03
 -0.158500095163D-02 -0.151230745079D-02  0.597942677506D+00  0.222985128056D-01
  0.128162422808D-01  0.152783788130D-02 -0.161503405930D-02 -0.943412933573D-02
  0.140865789288D-02 -0.113804514321D-02 -0.190930638941D-02  0.676118357624D-02
 -0.411843788230D-02 -0.504825336865D-02  0.401996087577D-02 -0.209984214138D-02
  0.806745301515D-03  0.277412509745D-02  0.251250605014D-02 -0.305714257335D-02
 -0.154279426922D-01 -0.132578912033D-02 -0.175532831303D-02 -0.417755926148D-02
  0.377453202461D-02  0.369073713280D-02  0.404894065288D-02  0.181964224971D-02
  0.385588433360D-02  0.356981028237D+00 -0.672794683702D-02 -0.173038402301D-02
  0.117713968226D-02 -0.366067667513D-03 -0.169137354597D-02 -0.522130609147D-04
 -0.198330230029D-03 -0.405279600381D-03  0.521033126726D-03 -0.666494693462D-03
  0.940938041561D-04  0.104801932187D-02 -0.396241813470D-03 -0.206210022388D-03
  0.391097704938D-04 -0.558739468657D-03 -0.264961260792D-03 -0.212476936888D-03
 -0.225991148845D-03 -0.218865000059D-04 -0.113289747161D-03  0.493393884681D-04
 -0.247344781760D-03 -0.514960507408D-03  0.102940107967D-02 -0.936150933855D-03
  0.101226690329D-02  0.498763509567D+00 -0.141634307522D-01 -0.104094901544D-01
  0.102270169180D-02  0.205356385011D-02  0.778688067687D-02 -0.346360053752D-03
  0.137053486637D-02  0.978095298290D-03 -0.484691867023D-02  0.245745564985D-02
  0.400046408068D-02 -0.619778665955D-03  0.159858842644D-02 -0.267384650865D-03
 -0.184919630236D-02 -0.206921277345D-02  0.285022179102D-02  0.117420618082D-01
  0.104643689823D-02  0.205060796879D-02  0.286437110278D-02 -0.358108598162D-02
 -0.337387549630D-02 -0.326011596516D-02  0.225767209623D-02 -0.328480913537D-02
  0.142017961284D-01  0.698404772893D-03  0.345958328611D+00 -0.332349712821D-02
  0.156564903041D-01 -0.117691533622D-01  0.118115984803D-02  0.132327678403D-01
 -0.299240427924D-02 -0.689990970733D-03  0.182900495764D-02 -0.216622828501D-03
  0.250289533419D-02  0.105849309192D-02 -0.550493321684D-02  0.315856094079D-02
 -0.316802891858D-03 -0.961211216343D-03  0.289828847630D-02  0.353087583811D-02
  0.646228117938D-02  0.685076931557D-03 -0.184957674167D-03  0.662830207722D-03
  0.188167714056D-02  0.109100346291D-02 -0.126920166784D-02 -0.944664072991D-02
  0.263102269465D-02 -0.130635269225D-02 -0.114817580564D-02 -0.594219719927D-02
  0.368336104705D+00 -0.952862206027D-02  0.484889619906D-02 -0.116003385408D-03
  0.322866550864D-03  0.621096680157D-02  0.329252808845D-03  0.199788609887D-03
 -0.181032266357D-03 -0.134753366812D-03  0.728941136307D-03  0.807794381625D-03
  0.228135362226D-03  0.129765067928D-02 -0.340378832766D-03 -0.580890179783D-03
  0.571945456187D-03  0.203200049389D-02  0.375611735340D-02  0.511056813291D-04
  0.175603720823D-03 -0.229011797451D-03 -0.296200197979D-03 -0.412996854281D-03
 -0.757944208440D-03  0.208876728839D-03 -0.869952168685D-03  0.247885378577D-02
  0.392199379698D-03 -0.116861819558D-02 -0.385470521273D-02  0.510369502425D+00
  0.194584129519D-02  0.785817861331D-02  0.716838155332D-03  0.149581976293D-03
  0.431885516282D-02  0.128893176437D-02  0.298462440111D-03 -0.334556463260D-03
  0.759821695228D-03  0.542775741229D-03 -0.630505211426D-03  0.229141311940D-03
  0.873851458455D-03  0.367484612418D-04  0.105981425867D-03  0.135429655247D-02
  0.125399056065D-02 -0.323862186414D-03 -0.759419725178D-04 -0.345993720095D-03
 -0.115722551503D-02  0.310474344421D-03  0.637895831727D-03  0.103728925263D-02
  0.651455951954D-04  0.656953707235D-03 -0.235455698815D-02  0.403067500518D-03
  0.184997826581D-02 -0.380529601754D-02 -0.789599781704D-03  0.360860229437D+00
  0.344278815245D-01 -0.405073132459D-01  0.519266037142D-02 -0.324006118543D-02
 -0.429537815705D-01  0.257792547979D-02  0.100439582873D-02 -0.155096433764D-02
 -0.204844745444D-03 -0.272983827734D-02 -0.394636163645D-02  0.432186314196D-02
 -0.907241601487D-02  0.170953907572D-02  0.372163174612D-02 -0.721070421947D-02
 -0.132283096468D-01 -0.200234570433D-01 -0.540729891905D-03 -0.174601536816D-02
  0.851076048505D-03 -0.226658332574D-03  0.591868476265D-03  0.532599748090D-02
  0.110551739395D-02  0.166220229725D-02 -0.115004991935D-01 -0.252982816267D-02
  0.115633156802D-01  0.195816910439D-01  0.118929053480D-01  0.101474475158D-01
  0.317543104377D+00 -0.963441248859D-03  0.442241453068D-03  0.484867807657D-04
 -0.410234329584D-03 -0.143308933059D-02  0.744291507604D-03 -0.240258985963D-03
  0.157775839574D-03  0.312177759657D-03 -0.115532675139D-03 -0.450568978954D-03
 -0.382336525737D-03 -0.276188629117D-03 -0.286701174781D-04  0.274104796216D-03
 -0.113619895323D-03 -0.242162649813D-03 -0.153238326306D-02 -0.147622392092D-03
 -0.377805223605D-03 -0.112724582525D-03  0.437161676174D-03  0.453071731758D-03
  0.293423792946D-03 -0.747971708739D-03  0.154698555486D-03 -0.148816585244D-02
 -0.463449149815D-03  0.716755526390D-03  0.201507856914D-02  0.137888514314D-03
  0.207682204849D-03 -0.143382984715D-02  0.409092693121D+00  0.573507116085D-02
  0.293809685209D-02 -0.114486839203D-02 -0.349207148670D-03 -0.320727762206D-02
 -0.529255963954D-03 -0.670765109635D-03 -0.280240086797D-03  0.206243299141D-02
 -0.171458622483D-02 -0.126552652412D-02  0.104911571440D-02 -0.696934442761D-03
  0.241232401667D-03  0.811577176147D-03  0.613336530871D-03 -0.952349758256D-03
 -0.428404457204D-02 -0.376727767512D-03 -0.283583002759D-03 -0.866254737524D-03
  0.133949054081D-02  0.998998158864D-03  0.511128660551D-03  0.519047508693D-03
  0.112435583483D-02 -0.388172130443D-02  0.342001446034D-03  0.344638386924D-02
  0.103345898409D-02  0.703802919803D-03 -0.970733292850D-03 -0.694337516182D-02
 -0.473077122759D-03  0.338789714425D+00  0.394822728081D-03 -0.307958230903D-03
  0.137120992584D-02  0.111364106754D-03 -0.740288542824D-04  0.766150636171D-03
 -0.768088294936D-05  0.904585460499D-05  0.737883565194D-04 -0.110689526557D-03
  0.117401750030D-03 -0.979098143188D-04 -0.298612373710D-04  0.930355226750D-04
  0.131594483115D-03 -0.136998254722D-03  0.186998544128D-03 -0.351092407481D-03
  0.146951836992D-04  0.677712898450D-04  0.117139709329D-03 -0.382601269857D-03
  0.283580843080D-04 -0.178652297366D-04 -0.320194491309D-03 -0.273877778987D-04
  0.260447743660D-03  0.926799036480D-04 -0.667865113233D-04 -0.612505598689D-03
  0.378458557016D-04  0.864116961422D-04 -0.103302251309D-02  0.755563477830D-04
  0.907687020298D-04  0.336514236542D+00 -0.267091114504D-02 -0.104049735025D-02
  0.377455461517D-02  0.208638331883D-02  0.559679157844D-02  0.249902986209D-02
  0.556734145569D-03  0.101021265289D-02 -0.137115648167D-02  0.107712960004D-02
  0.191140763091D-02 -0.758481004387D-03  0.128740141087D-02  0.521641289441D-03
  0.366370434006D-04 -0.740651789443D-03  0.270160146681D-02  0.476276130591D-02
  0.690983136410D-03  0.129025083024D-02  0.152889965385D-02 -0.154734768510D-02
 -0.101918571475D-02 -0.183209913330D-02 -0.104863756745D-02 -0.206603758813D-03
  0.623975500702D-02  0.122307268596D-02 -0.426158693383D-02 -0.130929782668D-02
 -0.400542268073D-03 -0.351475086556D-04  0.900541527420D-02  0.107030587215D-02
  0.202908125391D-02  0.233336807393D-03  0.566613895464D+00  0.793559927310D-02
  0.361080854482D-01 -0.559793377215D-03 -0.172294100054D-02  0.862109517382D-02
  0.206451761886D-02 -0.119926336750D-02 -0.231228132601D-02  0.782425680296D-02
 -0.192270506572D-02 -0.488761317001D-02  0.306472127061D-02  0.183441374468D-02
 -0.235709634141D-03  0.126022950767D-02  0.654462856965D-02  0.188896988028D-02
 -0.922513931076D-02 -0.151218491167D-02 -0.242564861984D-02 -0.629258542267D-02
  0.500000907725D-02  0.449989795410D-02  0.402893343655D-02  0.275098810357D-03
  0.380687341271D-02 -0.173181872829D-01  0.117702677683D-02  0.135860817461D-01
 -0.835485672564D-02 -0.248842488855D-02 -0.690078526202D-02  0.212102691981D-01
 -0.103993020311D-02 -0.383111379826D-02  0.154161203077D-03  0.311805419299D-02
  0.395988522849D+00  0.500410125347D-02  0.464514326494D-03 -0.175048701307D-01
 -0.276570054241D-03 -0.188128558098D-02 -0.117630567960D-01 -0.507385429048D-03
 -0.620361978270D-04  0.193939627225D-03 -0.414645651454D-03 -0.709405179917D-03
  0.874227062888D-04 -0.338231146533D-03 -0.487471682538D-03 -0.983312707240D-03
  0.151871941802D-02 -0.305025272290D-02  0.287572435603D-02  0.126279257531D-03
 -0.741853300540D-04 -0.455412409385D-03  0.378939054667D-02 -0.232537965534D-03
 -0.543356032124D-03  0.744131074682D-03  0.161107451462D-02 -0.264715494450D-02
 -0.385581405077D-03 -0.579912088045D-03  0.104717780787D-01  0.287462501237D-03
 -0.148823576704D-02 -0.565950651959D-02 -0.108292529438D-02  0.286042769919D-03
 -0.162475176390D-02 -0.235517008733D-02  0.132810898028D-02  0.877515172520D-01
 -0.397933396534D-02  0.422808045272D-04 -0.876318859135D-02 -0.314620006727D-03
  0.990248530609D-04 -0.528166280417D-02 -0.329258926474D-03  0.238913626406D-02
 -0.248858927863D-02 -0.100221030126D-02 -0.280415744503D-02  0.457262080879D-02
  0.273776256385D-04 -0.614461408885D-03 -0.797672220135D-03  0.566043923205D-03
 -0.725483384843D-03  0.170413297141D-02 -0.632584372477D-03  0.880924854387D-03
 -0.122271207189D-02  0.586287696474D-02 -0.125623271417D-02 -0.158129534648D-02
  0.203600713992D-01 -0.184544374273D-02  0.338811608133D-02  0.141504561770D-02
  0.164146430678D-02 -0.970984813658D-02 -0.347118086502D-03 -0.100473807892D-02
 -0.649020222431D-03 -0.103676890744D-02  0.197428820841D-02 -0.880571324078D-03
 -0.207252014116D-02  0.990959455282D-03  0.735876803623D-02  0.427505669772D-01
 -0.206352477811D-01 -0.973225343877D-02  0.195266781011D-02  0.847484762476D-03
  0.299981666574D-02  0.304137175468D-03  0.158363464509D-03  0.767624215603D-03
 -0.272679835572D-02  0.109890817045D-02  0.339915231181D-02 -0.155904923606D-02
  0.655229180360D-03 -0.502869703614D-03 -0.119410727558D-02 -0.238924770746D-02
  0.190822588299D-02  0.768459572990D-02  0.550733037621D-03  0.116304965935D-02
  0.270926976889D-02 -0.272154417969D-02 -0.220466650791D-02 -0.333993635743D-02
 -0.179777309662D-02 -0.311134196960D-02  0.108520759804D-01 -0.398341251782D-03
 -0.772991083952D-02  0.631908011988D-03 -0.900521768583D-03  0.176702135845D-02
  0.679114957210D-03  0.563107663357D-03  0.310758395433D-02  0.277821468744D-03
 -0.102431504412D-02  0.117469110313D-01 -0.139131477040D-02 -0.328685570613D-02
  0.510559042542D+00  0.759652427525D-02  0.308048788159D-02  0.196891520155D-02
 -0.396814540993D-03 -0.191381128701D-02 -0.172490511450D-03  0.586782545413D-03
 -0.177827638431D-02  0.183797623403D-02  0.210754324494D-04 -0.100486890460D-02
  0.116990172772D-02 -0.504891899602D-03  0.163319428986D-03  0.449150751435D-03
  0.858249874878D-03 -0.127287187064D-02 -0.293096258721D-02 -0.147897547844D-03
 -0.786721833984D-03 -0.160841321805D-02 -0.108638321446D-03  0.729037144968D-03
  0.223234114333D-02 -0.178256342422D-02  0.114629810426D-02 -0.519569810118D-02
  0.254680088749D-03  0.429246680668D-02 -0.133229182487D-02  0.103187834588D-02
  0.183007922169D-03  0.256307941741D-02 -0.665353026968D-03 -0.243908765664D-02
 -0.194606053565D-03  0.668936113539D-03 -0.491136716895D-02  0.895131993739D-03
 -0.429682885490D-02  0.238595473042D-02  0.385170483940D+00 -0.379756274913D-02
 -0.502481944828D-03 -0.128984942938D-02 -0.400217626859D-03  0.956597464639D-03
 -0.211748150142D-02  0.725754219040D-03 -0.697651821438D-03 -0.827026600323D-03
  0.886226778061D-03 -0.288956765347D-03  0.144008961858D-02  0.115185485655D-03
 -0.452824025979D-03 -0.739754821196D-03  0.219787463114D-03 -0.569127399350D-03
  0.232029790393D-02 -0.641406681051D-04 -0.183960046124D-03 -0.838834689410D-03
  0.470755603213D-03 -0.746284734305D-03  0.522999639833D-03  0.368196875636D-02
 -0.991102681245D-03  0.606137161469D-03  0.130702726561D-03  0.722857270327D-03
 -0.422198341977D-02  0.398278209690D-04  0.657993208707D-03  0.629429452726D-02
 -0.647198824275D-03 -0.752719215622D-03 -0.495300931853D-03 -0.184746455338D-02
  0.316105855819D-03  0.357434343117D-02  0.481989624966D-02 -0.216202649946D-02
  0.299734630389D-02  0.382157436874D+00  0.206780855234D-02  0.113277345715D-02
 -0.544127320855D-03 -0.142303970231D-02 -0.328308914726D-02 -0.974026138528D-03
  0.539107575654D-03 -0.305413181212D-03 -0.410523153947D-03  0.133481047150D-03
 -0.287973676367D-02  0.322924703830D-02 -0.775374442666D-03 -0.389676634143D-03
 -0.497813788797D-04  0.552294728293D-03 -0.195368192562D-02 -0.278572826035D-02
 -0.662958756159D-03 -0.830459610334D-03 -0.225887754837D-02  0.287682385214D-02
  0.111175658280D-03  0.201040922536D-02  0.985042622095D-02 -0.630280158512D-03
 -0.383121164490D-02  0.154816340894D-03  0.535141509371D-02 -0.694489035708D-02
  0.845798706826D-03  0.743691648324D-03  0.298551177564D-02 -0.998416304461D-03
 -0.224085095378D-02 -0.565366962929D-03 -0.708656193573D-03 -0.368328940691D-02
  0.163971289213D-02  0.143947906208D-01 -0.495713273265D-03  0.553720160714D-03
  0.592017834693D-02  0.376893022093D+00  0.126265975691D-01 -0.783530165705D-03
 -0.105545888663D-02  0.540711616116D-03  0.279658361414D-03 -0.621772433878D-02
  0.246877531547D-02 -0.473392688769D-02  0.162107898356D-02  0.820461904956D-03
  0.591003756964D-03  0.473962283807D-02 -0.280619526150D-03  0.902003286242D-04
 -0.801799275382D-03  0.130259346739D-02 -0.256228758622D-02  0.306203923435D-02
  0.400318471368D-03  0.132622229120D-04 -0.236009197940D-02 -0.216136678196D-02
 -0.131789346114D-02  0.269973383226D-02 -0.458680224833D-03  0.706253982115D-03
 -0.231655925850D-02  0.195367499421D-02  0.485106439922D-02 -0.822010761331D-02
  0.227596729523D-02  0.690296848372D-03  0.135926423645D-01 -0.242900665849D-02
 -0.286449519902D-02 -0.128635915524D-02 -0.331558455318D-02 -0.710264671971D-03
  0.108516551185D-01 -0.401030016111D-02 -0.289817213445D-03  0.104849177898D-01
  0.105410320858D-01  0.700750606917D-02  0.406708546844D+00  0.561046342826D-02
  0.141467956597D-01  0.191570510006D-02 -0.174163065773D-02 -0.398740279165D-02
  0.385157544011D-02 -0.193008027137D-02 -0.357487034545D-03  0.531702680837D-02
 -0.288183386099D-02 -0.330252822200D-02  0.951805656790D-03 -0.641173051026D-03
  0.257535290471D-03  0.199268669725D-02  0.196438583122D-02 -0.526591999652D-03
 -0.107971106022D-01 -0.117045293520D-02 -0.161970480018D-02 -0.242061458025D-02
  0.340303659797D-02  0.344046265799D-02  0.167896266896D-02 -0.233393844404D-02
  0.266082580271D-02 -0.115942170993D-01 -0.274920477368D-03  0.838873755174D-02
  0.445483167737D-02  0.131975143460D-03 -0.321348885406D-02 -0.452747340790D-02
 -0.262206372269D-03 -0.177411463481D-02  0.455457606525D-03  0.622852900914D-02
 -0.154410563368D-01 -0.284335609745D-02 -0.147477663357D-02  0.834108192012D-02
 -0.693111432604D-02 -0.427406045927D-02 -0.829210169875D-02 -0.126594633203D-01
  0.587359163719D+00 -0.773536578234D-01 -0.204615403181D-01 -0.223101894704D-02
 -0.336917506094D-02 -0.314799446760D-02 -0.163861909602D-02 -0.196947903295D-02
  0.907545160287D-03 -0.373751399767D-02  0.437728347882D-03  0.493241706815D-02
 -0.269729371382D-02 -0.596904176610D-03 -0.318589818192D-02 -0.298169418506D-02
 -0.586683918329D-02  0.988899846738D-03  0.115350569858D-01 -0.616503744467D-03
 -0.316557393449D-03  0.413425558801D-02 -0.173237189603D-02 -0.337663739542D-02
 -0.712697803470D-02 -0.272918099852D-02 -0.976105101747D-02  0.174145322437D-01
 -0.459693692995D-02 -0.119983711261D-01  0.923265058785D-02 -0.220095818326D-02
  0.474664979975D-02 -0.106508519202D-01 -0.199257972453D-03  0.508010490667D-02
  0.451655384203D-03  0.707966728391D-03  0.223116200097D-01  0.236230159135D-03
 -0.317213627308D-02 -0.140967805830D-01  0.285884050813D-02 -0.525277845695D-02
 -0.250322868198D-02 -0.134886368723D-02  0.124960170459D-01  0.719981216604D+00
 -0.124706916537D-01  0.352404923032D-01  0.371736519598D-02 -0.459802373193D-02
 -0.143727940472D-02  0.380150955773D-02 -0.239505885524D-02 -0.416040655775D-02
  0.116167676340D-01 -0.430788742000D-02 -0.656047398377D-02  0.532700478337D-02
 -0.390014113039D-03 -0.105337425516D-02  0.226428335323D-02  0.530011882165D-02
 -0.294835635675D-03 -0.163625684713D-01 -0.281220007987D-02 -0.428100321497D-02
 -0.801362734406D-02  0.642596212808D-02  0.573240875759D-02  0.468922905240D-02
 -0.650250150639D-03  0.200793588283D-02 -0.222784781991D-01 -0.139256776551D-03
  0.202219925362D-01 -0.617323970549D-02 -0.816934697485D-03 -0.524863698002D-02
  0.100432685413D-01 -0.236633373697D-02 -0.567832519250D-02  0.602678703776D-03
  0.963075350856D-02 -0.368170454739D-01 -0.242764648617D-02 -0.131846840015D-02
  0.136472823175D-01 -0.492181881822D-02  0.466632477087D-04 -0.666899104098D-02
  0.311656401703D-02 -0.214033499812D-01  0.934120106886D-02  0.567890665668D+00
 -0.270356226898D-01 -0.267698304035D-01 -0.625938264416D-02 -0.360055391999D-02
 -0.259211969799D-01 -0.536950015779D-02 -0.188542288758D-02 -0.102925503313D-02
  0.130776505676D-02 -0.412813777763D-02 -0.113182168663D-03  0.104402129234D-02
 -0.577437224865D-02 -0.105065167129D-02  0.801773761334D-03 -0.566680418421D-02
 -0.699231311124D-02 -0.716207399549D-02 -0.104766108786D-02 -0.132633179516D-02
  0.158919185885D-02  0.607589195185D-03 -0.549153506907D-03 -0.156452631666D-02
 -0.192128126712D-02 -0.378591855859D-02  0.626806148995D-03 -0.343623164131D-02
  0.202460746305D-02  0.162475011723D-01  0.499445438375D-02  0.665142907672D-02
 -0.453736706082D-01 -0.177777384068D-02 -0.236217798758D-03  0.142466738239D-03
  0.678579676268D-02  0.187130379009D-01 -0.159196879251D-03 -0.136699042459D-02
 -0.399360248871D-02  0.964772885757D-03 -0.940250847916D-03 -0.421484880014D-02
  0.413489410108D-02  0.667554047365D-03 -0.306282561060D-01  0.345229886666D-02
  0.482681833104D+00  0.353886039750D-01  0.336149613522D-01  0.206562142368D-02
 -0.133612592025D-02 -0.893305403370D-02  0.354273746716D-02 -0.174807165931D-02
 -0.350442626324D-02  0.136625422940D-01 -0.639908737898D-02 -0.842346990375D-02
  0.654337575203D-02 -0.202947009988D-02  0.158085885825D-02  0.515493984402D-02
  0.589571677592D-02 -0.234333530412D-02 -0.253881270223D-01 -0.204307024563D-02
 -0.302033529320D-02 -0.802031623424D-02  0.683902378225D-02  0.714140654238D-02
  0.684840369139D-02 -0.113215715033D-02  0.802750584801D-02 -0.287706216531D-01
  0.258715639412D-02  0.252258947754D-01 -0.160827465345D-02  0.323631859193D-02
 -0.566930364168D-02 -0.291086979002D-02 -0.178709800487D-02 -0.686414676827D-02
  0.491734021993D-03  0.137034894664D-01 -0.383653490888D-01 -0.413127703326D-02
 -0.576989900580D-03  0.216836293799D-01 -0.806424217077D-02 -0.105631022411D-03
 -0.974425501187D-02 -0.294458490918D-02 -0.211068806645D-01  0.356446629210D-01
 -0.424887975884D-01  0.133973241967D-01  0.486910302639D+00 -0.121931598783D-01
  0.410562711752D-02  0.211325240706D-02 -0.168492696693D-02 -0.356064203343D-02
  0.261185199614D-02 -0.174653617268D-02 -0.301438981388D-04  0.280069116397D-02
 -0.228774434171D-02 -0.103177741185D-02  0.296492287192D-03 -0.691208969921D-03
 -0.480747312043D-03  0.695356831378D-03 -0.639605486556D-04  0.971069448732D-04
 -0.544064357312D-02 -0.937196338551D-03 -0.902327667462D-03 -0.642458347305D-03
  0.131087715537D-02  0.145462443220D-02 -0.546807025161D-03 -0.112971678679D-02
 -0.685976095736D-03 -0.303158641486D-02 -0.949132319860D-03  0.302405028293D-02
  0.219021532081D-02 -0.504762517329D-03 -0.985085602983D-03 -0.895177361634D-02
 -0.324601857486D-03  0.274968641725D-03  0.696010197953D-03  0.354334460571D-02
 -0.461968265669D-02 -0.452720100702D-02 -0.671030671935D-03  0.267498023751D-02
 -0.452457472235D-02 -0.439851990291D-02 -0.592114218029D-02 -0.107258778623D-01
  0.567764950092D-03 -0.205982417520D-02 -0.108965360364D-01 -0.598427468262D-02
 -0.563260313660D-02  0.433172269342D+00  0.105115835556D-02 -0.118997822962D-01
 -0.125037698846D-02 -0.678643662582D-05 -0.774202098972D-02 -0.355739866623D-02
  0.628533007496D-03 -0.919680528029D-03 -0.570068045458D-03 -0.469777757680D-03
  0.322952396982D-03  0.103432538569D-02 -0.188752173624D-02  0.369405857528D-04
  0.279062780326D-04 -0.176704196362D-02 -0.276707762138D-02 -0.485560920582D-03
  0.160356412412D-03  0.156832313202D-03  0.436063439794D-03 -0.943988469081D-03
 -0.107345548705D-02  0.272397845597D-03  0.983802722813D-03 -0.862308102978D-03
  0.157616945322D-02 -0.721331771819D-04  0.273718937630D-03  0.985973509512D-03
  0.241462851288D-02  0.311313996901D-02 -0.132313019701D-01 -0.836572197442D-03
 -0.592000194298D-03 -0.220895189393D-03  0.134336947864D-04  0.874465656035D-02
  0.142106144691D-02  0.598544183041D-03 -0.215895905123D-02  0.379448363246D-02
  0.343530241376D-02  0.307088265389D-02  0.107265794937D-01 -0.244187682077D-02
 -0.841494554480D-02  0.816958511367D-02 -0.882878607588D-02  0.715367524208D-02
 -0.344366592267D-02  0.424540013353D+00  0.192842465047D-01  0.589453847682D-02
  0.579483668436D-02  0.110990590103D-02 -0.478861435605D-02  0.615484867560D-02
 -0.143264449243D-02  0.118660895227D-02  0.385961241760D-02 -0.318340021555D-02
 -0.170768954830D-02  0.142305762629D-03 -0.802451524002D-03  0.164544452925D-02
  0.296807102583D-02  0.323549957281D-03  0.527568792875D-03 -0.101641509421D-01
 -0.254845993428D-03  0.282035373389D-03 -0.224232423062D-04  0.114908612427D-02
  0.254703099974D-02  0.213000866408D-03 -0.290983701732D-02  0.368727656011D-02
 -0.594945938390D-02  0.136785325292D-02  0.464465021445D-02  0.501352663090D-02
  0.151957221150D-02 -0.227455372703D-02 -0.118347201048D-01  0.876977453440D-03
  0.401301111829D-03  0.957958704057D-03  0.790131844857D-02 -0.744256078019D-02
 -0.856187866353D-02 -0.255731475326D-02  0.884646319145D-02 -0.817812888135D-02
 -0.712573908694D-02 -0.104138888071D-01 -0.219157099995D-01  0.480453859759D-02
  0.191866667948D-01 -0.571760291066D-02  0.494140854065D-02 -0.699635720916D-02
  0.790086714243D-02 -0.552240838528D-02  0.441164541211D+00 -0.247554888350D-02
  0.213212444706D-02  0.262196136897D-01 -0.420949500318D-04  0.330108803965D-02
  0.110257462472D-01  0.535778152789D-03  0.236833532142D-03 -0.409465322676D-03
  0.266373106587D-02 -0.557289639171D-04 -0.609193413967D-03  0.140767633761D-02
  0.606861991508D-04 -0.146961472978D-04 -0.233405358022D-03  0.175635263802D-02
  0.128332427410D-03 -0.291037948128D-04 -0.143766860488D-03 -0.307556673567D-04
 -0.848643215994D-03  0.870837660744D-04  0.169346609712D-03 -0.985335205444D-03
 -0.438624722878D-03  0.791230679539D-03  0.522687805629D-03 -0.138091982672D-02
 -0.369264922501D-02 -0.152074793257D-02 -0.122362896732D-02  0.116212222480D-01
  0.362660725624D-03 -0.218810571545D-03  0.209747421685D-03  0.905184035338D-03
 -0.283601610193D-02 -0.320731381923D-02 -0.265811032820D-02  0.352195182826D-03
  0.910605427261D-03 -0.439920338851D-03  0.500466924882D-03 -0.684209572087D-03
  0.186539252086D-02  0.697324685572D-03 -0.695159829745D-04  0.111893641050D-02
 -0.195465374201D-03  0.775716585187D-03  0.887217553033D-04  0.276711245727D-02
  0.362295115220D-01 -0.149822921237D-02  0.119575593192D-02 -0.150467916517D-02
  0.341873988313D-03  0.293777262279D-02  0.489510496673D-02  0.527146919124D-03
  0.717471899534D-03 -0.120231522525D-02  0.696498740202D-03  0.465992806669D-03
 -0.672297337520D-04  0.510197177213D-03  0.348903272199D-03  0.464908877542D-03
 -0.726494864762D-03  0.222182617005D-02 -0.173879950701D-03  0.123626997104D-03
  0.578392985904D-04  0.523057561061D-03 -0.159112977355D-02  0.144852632347D-03
  0.396844240042D-03 -0.191399431812D-03 -0.377842432883D-03  0.125921757149D-02
 -0.332999621895D-03  0.285622023196D-03 -0.258033346193D-02  0.308400565250D-04
  0.111701183257D-02  0.143265142331D-01  0.139886236226D-02 -0.495499142729D-03
  0.450509404828D-03  0.128329640462D-02 -0.110604821657D-02 -0.104717535911D-01
 -0.358715779936D-02 -0.399312366066D-04 -0.110151971595D-02 -0.212677170648D-02
 -0.693759824865D-04 -0.751787350989D-02  0.313068400584D-02  0.115189386339D-02
  0.100275049617D-02  0.200228685061D-02  0.332106601193D-02  0.247549494173D-02
 -0.226198058049D-02  0.548830364373D-02 -0.438354164463D-02  0.375726270127D-01
  0.564710795074D-02 -0.209367956800D-02 -0.271086832854D-01 -0.935728234513D-04
 -0.287961614721D-02 -0.136100534285D-01 -0.359049277525D-03  0.335078521941D-03
 -0.677223993467D-03 -0.842787251510D-03 -0.433091365995D-03  0.813155724421D-04
 -0.831743951496D-03 -0.336135819879D-03 -0.803400853838D-03  0.897010074172D-03
 -0.306478329839D-02  0.288665639837D-02  0.260887037479D-03  0.479949400177D-04
  0.585955681765D-04  0.332227938986D-02 -0.392896343454D-03 -0.458984681011D-03
  0.118958394269D-02  0.148819214773D-02 -0.189428761940D-02 -0.856655745282D-03
 -0.493100039108D-03  0.115567322602D-01  0.110498059676D-02 -0.452985682409D-04
 -0.515562215253D-02 -0.547152262358D-03  0.116151681977D-03 -0.156838598763D-02
 -0.222258904819D-02  0.370335892765D-02  0.169302244819D-01  0.705539106074D-02
 -0.217020844388D-02  0.473414110072D-03  0.312437710880D-02  0.204461500924D-02
  0.816347698344D-02 -0.172649839543D-02 -0.752246736546D-03 -0.124527589759D-03
 -0.128360723514D-02 -0.108193176824D-02 -0.387924300515D-02 -0.444329432924D-04
 -0.746731104667D-02 -0.101412129357D-01 -0.302264089536D-02  0.410037926838D-01
 -0.154576248975D-01  0.297539373625D-01  0.561199863351D-02  0.157724399655D-02
  0.224856697238D-01  0.511849792905D-02 -0.301058095864D-03 -0.797184792022D-03
  0.369818292417D-02  0.418695226985D-03  0.853334485196D-03  0.195243182967D-02
  0.492578037903D-02 -0.361682587876D-03 -0.532165278835D-03  0.442675032340D-02
  0.790951060624D-02  0.547823148617D-02 -0.253718925948D-03  0.516918597308D-03
 -0.243754133247D-02  0.405269240786D-03  0.905468827817D-03 -0.160021980382D-02
 -0.413181513537D-03  0.175611565730D-03  0.140853836394D-02  0.280119594216D-02
  0.139481654687D-02 -0.147389681643D-01 -0.504794706322D-02 -0.685599234562D-02
  0.403694782881D-01  0.300090070864D-03  0.215692091106D-02  0.557118598029D-03
  0.109640893843D-02 -0.209569466158D-01 -0.129628060080D-02 -0.119141698436D-02
  0.476169320183D-02 -0.221708503726D-02 -0.335574304215D-02 -0.342288652309D-02
 -0.246918902267D-02 -0.507285677493D-03  0.116176034185D-01 -0.142882779180D-01
  0.270705260545D-01 -0.409972073304D-02  0.304969840627D-02  0.788484295023D-02
  0.877743594004D-02 -0.250017260290D-02 -0.543583689939D-03  0.549071160657D-03
  0.565513301641D+00 -0.186636208880D-01  0.887614655733D-02  0.295546224712D-02
  0.740933232011D-03  0.123992140294D-01  0.238864442540D-02 -0.178483037674D-05
  0.711684372536D-04 -0.270539343280D-03  0.114698023517D-02  0.201183971441D-02
 -0.463488414597D-03  0.266090806141D-02 -0.604959821304D-03 -0.110206696092D-02
  0.914613166687D-03  0.453955825792D-02  0.680257901180D-02  0.115988484944D-03
  0.564115076043D-03  0.176465705451D-03 -0.128692042213D-02 -0.694916237956D-03
 -0.204012182931D-02 -0.829580129903D-03 -0.182328378965D-02  0.587289619442D-02
  0.641348513477D-03 -0.364154142669D-02 -0.730872656264D-02 -0.315041647357D-02
 -0.196945459809D-02  0.189408204896D-01  0.500643789686D-03  0.219156173992D-02
  0.454545781937D-03 -0.122046832436D-02 -0.387741236043D-02 -0.207166824251D-02
 -0.239457526492D-02 -0.145273771000D-02  0.439687701523D-03 -0.225519330371D-02
 -0.849447258559D-03 -0.170331376267D-02  0.311570196060D-02 -0.288734506344D-02
 -0.566882563972D-03  0.970162483402D-02  0.700512994916D-02  0.220073152598D-02
  0.277323464917D-02  0.675773814651D-02 -0.175917182906D-02 -0.407032595159D-04
 -0.117114133146D-02 -0.860401432157D-02  0.432247924169D+00  0.314576048289D-02
  0.460121195919D-03 -0.100436638943D-03 -0.460437795229D-03 -0.439954983464D-02
 -0.650774103894D-03 -0.401705092144D-03 -0.107894440063D-02  0.226949834372D-02
 -0.157868656116D-02 -0.653943722639D-03  0.542917016317D-03 -0.109994385741D-02
  0.166749129575D-03  0.787580502680D-03  0.101825943012D-03 -0.124977092170D-02
 -0.427191415384D-02 -0.297840736697D-03 -0.512381855639D-03 -0.737510464213D-03
 -0.814069263712D-04  0.852999884153D-03  0.913215359346D-03 -0.223565280408D-02
  0.675942448272D-03 -0.363429223286D-02 -0.215419359888D-04  0.325668041639D-02
  0.102279842433D-02  0.110151301268D-02  0.270622217257D-03 -0.955724024911D-02
 -0.559221484105D-03 -0.970412062997D-03  0.318485577059D-03  0.197934306205D-02
 -0.218188922276D-02 -0.178647349840D-02 -0.386659825470D-02  0.269347793821D-02
 -0.247433340427D-03 -0.371822576622D-03 -0.313290317813D-02  0.117630536875D-02
 -0.316163935663D-02  0.155879168781D-02 -0.394699515710D-02 -0.229062815678D-02
 -0.476682080286D-02 -0.108702632872D-02  0.505825771107D-03 -0.122123877286D-02
 -0.759504193542D-03 -0.296053749461D-03 -0.179120897424D-02  0.277404661565D-02
  0.272454274909D-02  0.374926845486D+00 -0.500977742734D-02 -0.375475557096D-04
  0.170178267571D-03 -0.298550940069D-03  0.217178608016D-03 -0.137119011157D-02
  0.426344078259D-03 -0.106741590672D-02  0.300679395660D-03  0.103837712099D-04
 -0.397730266492D-04  0.160202847751D-02 -0.101880904959D-03 -0.312208934268D-03
 -0.322951683847D-03  0.676606340535D-04 -0.328717664262D-03  0.107159361580D-02
 -0.149638749411D-03 -0.143665559288D-03 -0.819731302217D-03 -0.876504185689D-04
 -0.485680887115D-03  0.299721218212D-03  0.206191095400D-02 -0.944444846255D-03
  0.486612943184D-03  0.377909331823D-03  0.139772330459D-02 -0.447915324819D-02
  0.296806322653D-03  0.537371037120D-03  0.279429449824D-02 -0.740960453228D-03
 -0.468786667498D-03 -0.130608365986D-03 -0.335212197422D-03 -0.342170301742D-03
  0.118821389528D-02  0.196647093243D-02 -0.850262685263D-03  0.242487406278D-02
  0.275923668844D-02  0.317368090322D-02  0.887724651361D-02 -0.380085990577D-02
 -0.465833679401D-02 -0.524731456295D-03 -0.905262206840D-03  0.577967555185D-03
 -0.344701531904D-02  0.314754616910D-02 -0.432388158583D-02 -0.666435623562D-03
 -0.168506005477D-02  0.827722395230D-03 -0.126842925584D-02 -0.942126836203D-03
  0.381612992819D-03  0.425785854533D+00  0.187966993728D-02 -0.976118786045D-02
 -0.410098970676D-02 -0.796689797703D-03 -0.123109814194D-01 -0.352009654177D-02
 -0.795205538586D-03 -0.977459373240D-03  0.205481363290D-02 -0.294675865241D-02
 -0.450377819486D-03  0.208128585753D-02 -0.269818036113D-02  0.203036290149D-03
  0.966136760544D-03 -0.168000564925D-02 -0.373254057876D-02 -0.498024023579D-02
 -0.355023124785D-03 -0.104377053745D-03  0.242223619912D-03  0.641861427377D-03
  0.105086139823D-03 -0.353767597405D-03 -0.689483899203D-03  0.203354664068D-03
 -0.193186950564D-02 -0.218661397517D-03  0.323548200228D-02  0.733567965322D-02
  0.318669473309D-02  0.147462527115D-02 -0.205186536745D-01 -0.124748043765D-02
 -0.343668008259D-04 -0.226573092836D-03  0.382479809238D-02  0.613103013648D-02
  0.308311788506D-02  0.803782735665D-03  0.103825287149D-02 -0.608687191518D-03
 -0.668927418410D-04 -0.324389676459D-02  0.424311749941D-02 -0.890824217604D-04
 -0.471150055284D-02  0.115770067045D-02 -0.124478922592D-01  0.217300762092D-02
 -0.160129559823D-02 -0.373112928147D-02  0.100707061748D-02  0.503911538428D-03
 -0.467395481392D-03  0.188336882915D-02  0.147179855758D-01  0.596943813492D-02
 -0.159908708162D-02  0.210388347985D-03  0.511082544939D+00 -0.238852949099D-02
  0.144711430159D-01  0.141382018428D-02  0.107395232292D-02  0.592951671710D-02
  0.285196786151D-02 -0.278737719094D-02  0.203117103418D-02  0.372336723435D-02
 -0.329230867995D-02 -0.112494079280D-03 -0.151807925763D-02  0.152407378825D-02
  0.371994965169D-03  0.108354765910D-02  0.194036528573D-02  0.377152888288D-02
 -0.324890005949D-02 -0.404243092247D-03  0.812276716070D-03  0.380889840942D-03
  0.197107348617D-02  0.196445607002D-02 -0.307781265154D-02 -0.242752835650D-02
  0.167115559720D-02 -0.265127947407D-03  0.115560640587D-02 -0.858671156465D-03
  0.221205097097D-02 -0.284015972874D-02 -0.557388184400D-02 -0.876899654830D-02
  0.729462788203D-03  0.407254741525D-02  0.121402118045D-02  0.381022417054D-02
 -0.946103209079D-02 -0.327834274369D-02  0.126388065278D-02  0.642999822992D-02
 -0.105074651319D-01 -0.105209515180D-01 -0.125445177658D-01 -0.288440210859D-01
  0.877612967282D-02  0.152388570700D-01 -0.918661436713D-02  0.117057733489D-01
 -0.377564629692D-02  0.116564893553D-01 -0.445596283757D-02  0.200345050983D-01
 -0.597194369567D-03 -0.222134991504D-02 -0.424599082106D-02 -0.169533830049D-03
  0.123866010446D-02  0.128607947977D-02 -0.682121927856D-02  0.644121611356D-02
  0.427042544974D+00  0.148228476812D-02  0.250075812257D-01  0.727158207729D-03
 -0.742349611528D-03  0.994558178271D-02 -0.347163568436D-02  0.101036581338D-02
 -0.493828363043D-02  0.584641576310D-02 -0.106608937087D-02 -0.266947370684D-02
  0.747156500523D-02  0.168786850292D-02 -0.689219657394D-03 -0.485083892278D-03
  0.542136718181D-02  0.927257796039D-03 -0.116153221818D-02 -0.102615072314D-02
 -0.109388247827D-02 -0.646887055258D-02  0.201496371166D-02  0.103205648569D-02
  0.341525676331D-02  0.703275733389D-02  0.566124480338D-03 -0.851914728584D-02
  0.315103745581D-02  0.122548494141D-01 -0.226675942330D-01 -0.120485955303D-02
 -0.432930074739D-02  0.263899482390D-01 -0.309417811574D-02 -0.313031840993D-02
 -0.480746279012D-03 -0.186438266654D-02 -0.229152718188D-01  0.656143592605D-02
  0.775987146635D-02  0.566894672570D-02  0.427414162992D-02  0.915563395675D-02
  0.784160582483D-02  0.289342583995D-01 -0.205723792380D-01  0.790428467723D-02
 -0.216959718731D-01  0.168534426188D-01 -0.235545268646D-01 -0.107140207337D-01
  0.164634250371D-01 -0.200979005707D-01 -0.417435148968D-02 -0.830456442936D-02
  0.597098860794D-02 -0.187318449429D-01 -0.592959491113D-02  0.599496641685D-03
  0.781574921495D-02  0.827480381913D-02 -0.268128369643D-01  0.407787010677D+00
  0.132568500058D-01 -0.196896071548D-01  0.803143849022D-02  0.612263686127D-03
 -0.123400225239D-01  0.477740879720D-02  0.657034353936D-03  0.797459065132D-03
 -0.200441539486D-02 -0.565780971170D-03  0.506580494801D-03  0.102639391870D-02
 -0.247491527157D-02  0.120860755787D-02  0.135701455205D-02 -0.392749402391D-02
 -0.257827160301D-02 -0.407337992726D-02  0.390235008353D-03  0.938000306207D-03
  0.239200040713D-02 -0.229034017488D-02 -0.954329770429D-03 -0.114150342820D-03
  0.105124947934D-02 -0.637420226787D-04  0.300574875475D-02  0.150274361704D-03
 -0.413429920612D-03  0.429568685860D-02  0.393617240422D-02  0.372933966801D-02
 -0.141914586758D-01  0.389258988817D-03  0.972514005483D-04  0.934751809674D-04
  0.311286714464D-02  0.139703736284D-01 -0.735601691828D-02  0.175948365338D-03
 -0.116663910561D-02 -0.329929271121D-03 -0.721020575186D-03  0.226221842110D-03
 -0.336472671336D-02  0.696487022112D-02 -0.249577669925D-02  0.152245062968D-01
 -0.132531634024D-01  0.117209829508D-01  0.338200182745D-02 -0.788912542918D-02
  0.504636493991D-02  0.605639523655D-02  0.759965454813D-02 -0.731592994770D-02
  0.194832371644D-01  0.762269916280D-02 -0.196698636998D-02 -0.307539349391D-03
 -0.527842187546D-02  0.644216338810D-02  0.833093921419D-02  0.393017820463D+00
  0.289695785015D-02  0.313135134145D-02  0.118106453127D-01  0.110475579160D-02
  0.393591204030D-02  0.591066366738D-02  0.131547887840D-02 -0.189759034362D-02
  0.141934430219D-02 -0.422500832792D-03  0.410519715911D-03  0.638032226410D-02
  0.918699862609D-03  0.555350550542D-03  0.343339683119D-03  0.133276369211D-03
  0.189811702275D-02  0.412346940188D-03 -0.111109632736D-03  0.111636669691D-02
 -0.132044664803D-02 -0.175450680669D-02 -0.929319967200D-03 -0.385293724273D-04
  0.595882589817D-02 -0.726549970429D-03  0.279644939611D-02  0.312365105287D-02
  0.473570949614D-02 -0.151548083038D-01  0.888982331323D-03 -0.132582088531D-02
  0.223602522376D-01 -0.107796406517D-02  0.394012661724D-03 -0.109407247416D-03
  0.166350013326D-02 -0.329760724769D-02 -0.395385835751D-02  0.576347387740D-02
  0.166013747555D-02  0.144128973641D-02  0.268961629826D-02  0.438569420590D-02
  0.122815291695D-01 -0.972870994523D-03  0.296434709598D-02  0.204648266323D-02
  0.597558114167D-02  0.368438734112D-02  0.178698188160D-04  0.280324321973D-02
  0.330524059870D-03  0.361189060267D-02  0.429680974717D-02 -0.335944105177D-02
  0.366753750756D-02  0.584499177454D-04 -0.716051453818D-03  0.307130186836D-02
  0.676167179662D-02 -0.736789643609D-02  0.916576947872D-02  0.114508408395D-01
  0.378719205244D-01  0.666979657628D-02 -0.158704600024D-02 -0.974401611590D-02
  0.110335025112D-02 -0.208559136445D-02 -0.739932526577D-02 -0.350819804541D-03
 -0.581532694815D-03  0.158620484688D-02 -0.223622788142D-02  0.242636293262D-03
  0.395213145477D-02 -0.343752772620D-03  0.226802458058D-03 -0.178137617079D-03
  0.570256961950D-03 -0.159461224928D-02  0.163197553225D-02  0.122644859592D-03
  0.134724448962D-02 -0.110342810729D-03  0.205199102306D-02 -0.890476649728D-03
 -0.203383027308D-02  0.365800303345D-02  0.108776859151D-02  0.154974475005D-02
  0.189048652885D-02  0.130878618922D-02  0.308267211139D-02  0.140243730329D-02
 -0.217891971576D-02 -0.207809070818D-02 -0.155196385150D-02  0.222969166438D-02
 -0.120930900069D-02  0.598905389806D-03  0.319771802563D-02  0.142937765513D-01
  0.106263883296D-01  0.450671936351D-03 -0.740337641804D-03  0.180679822917D-02
  0.391005745864D-03  0.102104158514D-01  0.162706705526D-02  0.282663082397D-02
  0.319476909159D-02  0.182296432705D-02  0.469625911695D-02  0.553598313751D-04
 -0.307423801821D-03 -0.276729215087D-03 -0.129644557749D-02 -0.623297021564D-02
  0.116111088097D-01  0.863142246349D-02  0.102134303522D-02 -0.153410752633D-02
  0.132149608245D-02  0.745692514618D-02  0.444298284995D-02  0.100048680824D-01
 -0.981920418711D-03  0.116036889016D-01  0.365138303650D-01 -0.840863755236D-03
  0.503749065080D-03 -0.517256630054D-02 -0.813048120105D-03  0.311522173450D-02
  0.115527292099D-02  0.575895371393D-03  0.257924507303D-02 -0.439909175156D-02
  0.497598308058D-02 -0.489332429157D-03 -0.540994579870D-02  0.119176889174D-02
 -0.480367816877D-03 -0.102067401150D-02  0.255899664906D-04  0.836039402306D-04
  0.397350452480D-02  0.537001393141D-03 -0.122039603956D-02  0.115585000819D-02
  0.193972126680D-02  0.390306159595D-03  0.104130804653D-02 -0.435221343860D-02
  0.105945031779D-02 -0.237330294996D-02 -0.321426675854D-02 -0.526432342620D-02
  0.150754317538D-01 -0.162223163540D-02  0.949322253231D-03  0.179100867614D-01
  0.231852349216D-02 -0.208914704124D-02 -0.118785635406D-02 -0.224706726771D-02
  0.464911904667D-03  0.653327308364D-02 -0.464446868183D-02 -0.416357718380D-02
  0.141835542250D-02  0.575993070256D-03  0.235532985022D-02 -0.398767996937D-02
  0.256506318915D-02 -0.205991156405D-02 -0.131214659756D-02 -0.148396356955D-02
 -0.191377627049D-02 -0.292142401086D-02 -0.286948010514D-02 -0.303886317094D-02
  0.301520882090D-02  0.411462534727D-02  0.820767703755D-02 -0.960443047088D-02
 -0.550331529573D-02 -0.328225331010D-02 -0.312990053101D-02 -0.297922103374D-02
 -0.108564260441D-01 -0.130740483863D-01  0.122987042897D-02 -0.999802130487D-02
 -0.524229392360D-02  0.439916768900D-01  0.400314440205D-02  0.344716895556D-03
 -0.185813861695D-01  0.389145147321D-03  0.447671560776D-03  0.105747454829D-02
  0.845787296403D-03 -0.482824517832D-03 -0.320695674044D-03 -0.167112160997D-02
  0.565707933538D-03  0.238659321504D-02 -0.758797233025D-03  0.804101619741D-03
  0.126624703709D-02 -0.101246031602D-02  0.170833809336D-02 -0.269995588265D-02
  0.396726878924D-04  0.748463375297D-04  0.252323724112D-04 -0.306130050321D-02
  0.320982187099D-03  0.162285867362D-02  0.716878722198D-03 -0.188445591866D-03
 -0.257765897964D-03 -0.203754429339D-03  0.488957383401D-02 -0.625467454677D-02
  0.230467297099D-02  0.299765375635D-02  0.150512270187D-01  0.131425107540D-02
 -0.161925316760D-02  0.760235602034D-03  0.223684471933D-02 -0.138971241224D-02
 -0.177599943507D-01 -0.563383243349D-02  0.133682360681D-02 -0.145282109366D-02
 -0.183067580675D-02 -0.270462667398D-03 -0.579410199634D-02  0.585241839943D-03
  0.274152817264D-02  0.393366415916D-03  0.181321550676D-02  0.214804480539D-02
  0.207033985060D-02 -0.242598436659D-02  0.390418435009D-02 -0.190087256443D-01
  0.272719678356D-01  0.334543963407D-04  0.300381675289D-02  0.304600212736D-02
  0.170133618559D-03 -0.548359356971D-03 -0.128262576830D-02 -0.729698098532D-02
 -0.552473636180D-02  0.900640752346D-02  0.995667793231D-02 -0.918437948380D-02
 -0.789437792217D-04  0.848353858760D-01 -0.602238895266D-01 -0.136610890599D-01
 -0.405348315845D-02 -0.270149105792D-02 -0.118540527103D-02 -0.362299535947D-02
 -0.142352860029D-02 -0.567611360796D-03 -0.178470531017D-02 -0.431836798945D-03
  0.397759025158D-02  0.362434277858D-03 -0.260419786341D-03 -0.269669643062D-02
 -0.277921394421D-02 -0.375167880782D-02  0.538387869363D-03  0.986599986707D-02
 -0.630544748450D-03 -0.107907163079D-04  0.234612992761D-02 -0.129733064936D-02
 -0.298032972098D-02 -0.569646373809D-02 -0.288352692760D-03 -0.781444932114D-02
  0.135915913106D-01 -0.278597447708D-02 -0.745267284029D-02  0.327715687384D-02
 -0.174544062557D-02  0.252902689953D-02 -0.383063035137D-02 -0.124385993927D-02
  0.423661760834D-02 -0.241486845485D-04 -0.801148449292D-03  0.159929447681D-01
  0.442423778065D-02  0.611875291244D-03 -0.107863533452D-01  0.304642545652D-02
 -0.225500072713D-02 -0.652534778854D-03  0.772444711729D-02  0.746008159766D-02
 -0.389392922048D-01  0.541942494106D-02 -0.221094586201D-01  0.258443462851D-01
 -0.293075719899D-02 -0.462202143818D-02  0.114172331443D-01 -0.882911988600D-03
 -0.125824851737D-02  0.317731456995D-02  0.895033623883D-02 -0.294330049096D-02
  0.103802727290D-02 -0.214251173285D-02 -0.332240444844D-03  0.859295643511D-02
  0.124181756783D-01 -0.595932581164D-03  0.877392320173D-02  0.103166449629D-01
 -0.620928940444D-02  0.137829691497D-02  0.623164699386D+00
$end
