$basis
*
o 6-311G** 
*
 6  s
       8588.5000000              0.00189515
       1297.2300000              0.0143859
        299.2960000              0.0707320
         87.3771000              0.2400010
         25.6789000              0.5947970
          3.7400400              0.2808020
    3  s
         42.1175000              0.1138890
          9.6283700              0.9208110
          2.8533200             -0.00327447
    3  p
         42.1175000              0.0365114
          9.6283700              0.2371530
          2.8533200              0.8197020
    1  s
          0.9056610              1.0000000
    1  p
          0.9056610              1.0000000
    1  s
          0.2556110              1.0000000
    1  p
          0.2556110              1.0000000
 1  d
          1.2920000              1.0000000 
*
n 6-311G** 
*
 6  s
       6293.4800000              0.00196979
        949.0440000              0.0149613
        218.7760000              0.0735006
         63.6916000              0.2489370
         18.8282000              0.6024600
          2.7202300              0.2562020
    3  s
         30.6331000              0.1119060
          7.0261400              0.9216660
          2.1120500             -0.00256919
    3  p
         30.6331000              0.0383119
          7.0261400              0.2374030
          2.1120500              0.8175920
    1  s
          0.6840090              1.0000000
    1  p
          0.6840090              1.0000000
    1  s
          0.2008780              1.0000000
    1  p
          0.2008780              1.0000000
 1  d
          0.9130000              1.0000000 
*
h 6-31G* 
*
 3  s
     18.7311370              0.03349460
      2.8253937              0.23472695
      0.6401217              0.81375733
    1  s
      0.1612778              1.00000000 
*
c 6-311G** 
*
 6  s
       4563.2400000              0.00196665
        682.0240000              0.0152306
        154.9730000              0.0761269
         44.4553000              0.2608010
         13.0290000              0.6164620
          1.8277300              0.2210060
    3  s
         20.9642000              0.1146600
          4.8033100              0.9199990
          1.4593300             -0.00303068
    3  p
         20.9642000              0.0402487
          4.8033100              0.2375940
          1.4593300              0.8158540
    1  s
          0.4834560              1.0000000
    1  p
          0.4834560              1.0000000
    1  s
          0.1455850              1.0000000
    1  p
          0.1455850              1.0000000
 1  d
          0.6260000              1.0000000 
*
$end