$coord
    1.81529683565508      7.42139953884994      4.05786302476625  o
   -2.31627517623162      3.28033699009684     -1.00332167664631  n
    4.19723123852838      3.26074436682262      1.66615038120788  n
    1.22378219590757      0.90383596992362     -2.10921444849239  n
   -1.89703688997353      6.54045692528034      1.97723769209913  n
   -5.73426570905864      5.91947718732581     -0.11644404539415  n
    0.19573032141113      2.75583625448329     -0.59356551707704  c
    1.67279404559348      3.97990649877188      1.17204125619799  c
   -3.26035494065860      5.15224045467671      0.28826203246319  c
    0.66149712923126      6.07611194694942      2.55482804286582  c
    5.39494640581451      1.88938842209246     -0.42160733475294  c
    3.59605173565392     -0.20935529333940     -1.26451961336893  c
    7.86896022161762      0.80285098768179      0.59010632966812  c
   -2.64406580268539      8.11379964647374      2.78384301382615  h
    3.34014100355210     -1.53571964953308      0.31607137457542  h
   -6.71937914292556      6.35192688087651      1.46870492266965  h
   -6.65964532115745      4.66640381943520     -1.23147795714185  h
    8.79244675137581     -0.36726975438620     -0.85046331979969  h
    9.15796020883660      2.38157433816955      1.04867222871409  h
    7.44129986140990     -0.74867123485109      2.71818848005644  o
    6.25122584963237      0.18636207256592      3.75616059855964  h
    5.20008599716256      4.82026327424508      2.20242822302224  h
   -0.08272309443806     -0.27973891104299     -2.86196733697099  h
    4.45256326355513     -1.23141982685558     -2.85353304510790  h
    5.78156264930050      3.11869310724000     -2.06561691886057  h
$user-defined bonds
$redundant
     number_of_atoms            25
     degrees_of_freedom         69
     internal_coordinates       69
     frozen_coordinates          0
# definitions of redundant internals
   1 k  1.0000000000000 stre  10    1           val=   2.32383
   2 k  0.7071122909584 bend   8    1   10      val=   2.65137
       -0.7071012713718 bend   5    1   10
   3 k  1.0000000000000 outp   1    5    8   10 val=  -1.21350
   4 k  1.0000000000000 stre   5   14           val=   1.91939
   5 k  0.7074774975184 bend   9   14    5      val=   2.83917
       -0.7067358703965 bend  10   14    5
   6 k  1.0000000000000 outp  14   10    9    5 val=   5.24007
   7 k  1.0000000000000 stre  12   24           val=   2.07441
   8 k  1.0000000000000 stre  12   15           val=   2.07918
   9 k  0.0702660806861 bend  15   24   12      val=   0.94099
       -0.4848886027929 bend   4   24   12
       -0.5288001550668 bend   4   15   12
        0.4953883111761 bend  11   24   12
        0.4846715773985 bend  11   15   12
  10 k  0.0182073039261 bend  15   24   12      val=   0.65171
        0.5564374328890 bend   4   24   12
       -0.5208754641976 bend   4   15   12
        0.4453576056583 bend  11   24   12
       -0.4694584446390 bend  11   15   12
  11 k  0.8952190925763 bend  15   24   12      val=   0.56546
       -0.2017780515201 bend   4   24   12
       -0.1678852063316 bend   4   15   12
       -0.2520102576421 bend  11   24   12
       -0.2572426514982 bend  11   15   12
  12 k -0.0124752650924 bend  15   24   12      val=   1.82935
       -0.4580540981336 bend   4   24   12
        0.4564110476261 bend   4   15   12
        0.5537515322193 bend  11   24   12
       -0.5244797490023 bend  11   15   12
  13 k  0.5000000000000 tors  17    6    9    2 val=  72.78840
        0.5000000000000 tors  17    6    9    5
        0.5000000000000 tors  16    6    9    2
        0.5000000000000 tors  16    6    9    5
  14 k  1.0000000000000 stre   6   17           val=   1.91568
  15 k  1.0000000000000 stre   6   16           val=   1.91577
  16 k  0.8315793388696 bend  16   17    6      val=   2.99176
       -0.4014614838531 bend   9   17    6
       -0.3838026578173 bend   9   16    6
  17 k  0.0165264642865 bend  16   17    6      val=   8.70617
       -0.6728391274938 bend   9   17    6
        0.7396042080002 bend   9   16    6
  18 k  0.5551600482234 bend  16   17    6      val= 112.65323
        0.6213824792315 bend   9   17    6
        0.5528843779316 bend   9   16    6
  19 k  1.0000000000000 stre  13   18           val=   2.07298
  20 k  1.0000000000000 stre  13   19           val=   2.08906
  21 k  0.0281974487474 bend  19   18   13      val=   0.26152
       -0.4848986534924 bend  20   18   13
       -0.5267494773215 bend  20   19   13
        0.5065841060081 bend  11   18   13
        0.4795682760639 bend  11   19   13
  22 k -0.0060237196070 bend  19   18   13      val=   0.44372
        0.5574719626554 bend  20   18   13
       -0.5098958243772 bend  20   19   13
        0.4523609549566 bend  11   18   13
       -0.4738824119638 bend  11   19   13
  23 k  0.9006193999333 bend  19   18   13      val=   1.31763
       -0.2070304211486 bend  20   18   13
       -0.1944486473226 bend  20   19   13
       -0.2138791729005 bend  11   18   13
       -0.2499370403455 bend  11   19   13
  24 k -0.0188364825938 bend  19   18   13      val=   2.38222
       -0.4570628286306 bend  20   18   13
        0.4696583443946 bend  20   19   13
        0.5458331140199 bend  11   18   13
       -0.5217528234592 bend  11   19   13
  25 k  1.0000000000000 tors  21   20   13   11 val= -44.44366
  26 k  1.0000000000000 stre  20   21           val=   1.83520
  27 k  1.0000000000000 bend  13   21   20      val= 104.99757
  28 k  1.0000000000000 stre   3   22           val=   1.93013
  29 k -0.7031388353199 bend   8   22    3      val=   2.45347
        0.7110525847397 bend  11   22    3
  30 k  0.7110525847397 bend   8   22    3      val= 110.78398
        0.7031388353199 bend  11   22    3
  31 k  1.0000000000000 stre   4   23           val=   1.91688
  32 k  0.7074565247725 bend   7   23    4      val=  -1.83211
       -0.7067568645276 bend  12   23    4
  33 k  1.0000000000000 outp  23   12    7    4 val=  35.23388
  34 k  1.0000000000000 stre  11   25           val=   2.08888
  35 k  0.8142633391331 bend   3   25   11      val=   2.72278
       -0.3099813721313 bend  13   25   11
       -0.4908021632750 bend  12   25   11
  36 k -0.1035722962840 bend   3   25   11      val=   0.67557
        0.7543423178468 bend  13   25   11
       -0.6482595521456 bend  12   25   11
  37 k  1.0000000000000 stre   9    6           val=   2.62158
  38 k  0.7071550331295 bend   2    6    9      val=   1.97494
       -0.7070585259507 bend   5    6    9
  39 k  1.0000000000000 outp   6    5    2    9 val=   3.10374
  40 k  0.7071067811865 tors  20   13   11    3 val=  -2.13982
        0.7071067811865 tors  20   13   11   12
  41 k  1.0000000000000 stre  13   20           val=   2.66812
  42 k  1.0000000000000 bend  11   20   13      val= 111.17503
  43 k  1.0000000000000 stre  11   13           val=   2.88529
  44 k  0.7396788662082 bend   3   13   11      val=   3.04206
       -0.6729600098705 bend  12   13   11
  45 k  0.6729600098705 bend   3   13   11      val= 109.24352
        0.7396788662082 bend  12   13   11
  46 k  1.0000000000000 stre   7    4           val=   2.60461
  47 k  1.0000000000000 stre   4   12           val=   2.75325
  48 k  1.0000000000000 stre  12   11           val=   2.88985
  49 k  1.0000000000000 stre  11    3           val=   2.77018
  50 k  1.0000000000000 stre   3    8           val=   2.67098
  51 k -0.2886751345948 bend   8    4    7      val=   0.57826
       -0.2886751345948 bend   7   12    4
        0.5773502691896 bend   4   11   12
       -0.2886751345948 bend  12    3   11
       -0.2886751345948 bend  11    8    3
        0.5773502691896 bend   3    7    8
  52 k  0.5000000000000 bend   8    4    7      val=  -0.51534
       -0.5000000000000 bend   7   12    4
        0.5000000000000 bend  12    3   11
       -0.5000000000000 bend  11    8    3
  53 k -0.4082482904639 bend   8    4    7      val=   0.60499
        0.4082482904639 bend   7   12    4
       -0.4082482904639 bend   4   11   12
        0.4082482904639 bend  12    3   11
       -0.4082482904639 bend  11    8    3
        0.4082482904639 bend   3    7    8
  54 k -0.2886751345948 tors   7    4   12   11 val= -11.63956
       -0.2886751345948 tors   4   12   11    3
        0.5773502691896 tors  12   11    3    8
       -0.2886751345948 tors  11    3    8    7
       -0.2886751345948 tors   3    8    7    4
        0.5773502691896 tors   8    7    4   12
  55 k  0.5000000000000 tors   7    4   12   11 val= -19.32438
       -0.5000000000000 tors   4   12   11    3
        0.5000000000000 tors  11    3    8    7
       -0.5000000000000 tors   3    8    7    4
  56 k -0.4082482904639 tors   7    4   12   11 val=  33.61982
        0.4082482904639 tors   4   12   11    3
       -0.4082482904639 tors  12   11    3    8
        0.4082482904639 tors  11    3    8    7
       -0.4082482904639 tors   3    8    7    4
        0.4082482904639 tors   8    7    4   12
  57 k  1.0000000000000 stre   7    2           val=   2.59869
  58 k  1.0000000000000 stre   2    9           val=   2.46242
  59 k  1.0000000000000 stre   9    5           val=   2.57651
  60 k  1.0000000000000 stre   5   10           val=   2.66370
  61 k  1.0000000000000 stre  10    8           val=   2.70719
  62 k -0.2886751345948 bend   8    2    7      val=   1.24581
       -0.2886751345948 bend   7    9    2
        0.5773502691896 bend   2    5    9
       -0.2886751345948 bend   9   10    5
       -0.2886751345948 bend   5    8   10
        0.5773502691896 bend  10    7    8
  63 k  0.5000000000000 bend   8    2    7      val=   4.78320
       -0.5000000000000 bend   7    9    2
        0.5000000000000 bend   9   10    5
       -0.5000000000000 bend   5    8   10
  64 k -0.4082482904639 bend   8    2    7      val=  -0.01729
        0.4082482904639 bend   7    9    2
       -0.4082482904639 bend   2    5    9
        0.4082482904639 bend   9   10    5
       -0.4082482904639 bend   5    8   10
        0.4082482904639 bend  10    7    8
  65 k -0.2886751345948 tors   7    2    9    5 val=   1.47369
       -0.2886751345948 tors   2    9    5   10
        0.5773502691896 tors   9    5   10    8
       -0.2886751345948 tors   5   10    8    7
       -0.2886751345948 tors  10    8    7    2
        0.5773502691896 tors   8    7    2    9
  66 k  0.5000000000000 tors   7    2    9    5 val=   2.42968
       -0.5000000000000 tors   2    9    5   10
        0.5000000000000 tors   5   10    8    7
       -0.5000000000000 tors  10    8    7    2
  67 k -0.4082482904639 tors   7    2    9    5 val=   1.96453
        0.4082482904639 tors   2    9    5   10
       -0.4082482904639 tors   9    5   10    8
        0.4082482904639 tors   5   10    8    7
       -0.4082482904639 tors  10    8    7    2
        0.4082482904639 tors   8    7    2    9
  68 k  0.7071067811865 tors   3    8    7   10 val= 180.83877
        0.7071067811865 tors   4    8    7    2
  69 k  1.0000000000000 stre   7    8           val=   2.60719
        69 non zero eigenvalues  of BmBt
           1          10.983859047    1    0
         1
           2           7.507200071    2    0
         2
           3           5.650654216    3    0
         3
           4           4.746898111    4    0
         4
           5           4.641993147    5    0
         5
           6           4.456371380    6    0
         6
           7           4.364951957    7    0
         7
           8           4.067118934    8    0
         8
           9           3.823128518    9    0
         9
          10           3.697993768   10    0
        10
          11           3.602833258   11    0
        11
          12           3.475341866   12    0
        12
          13           3.381811673   13    0
        13
          14           3.259484291   14    0
        14
          15           3.212102124   15    0
        15
          16           3.044011556   16    0
        16
          17           3.007892015   17    0
        17
          18           2.750481062   18    0
        18
          19           2.652084409   19    0
        19
          20           2.410142580   20    0
        20
          21           2.285393727   21    0
        21
          22           2.168758034   22    0
        22
          23           2.126675482   23    0
        23
          24           2.008311181   24    0
        24
          25           1.762961592   25    0
        25
          26           1.746952446   26    0
        26
          27           1.546579939   27    0
        27
          28           1.535565499   28    0
        28
          29           1.473178107   29    0
        29
          30           1.233425439   30    0
        30
          31           1.123288769   31    0
        31
          32           1.088113687   32    0
        32
          33           1.008816260   33    0
        33
          34           0.975311074   34    0
        34
          35           0.903141476   35    0
        35
          36           0.772256689   36    0
        36
          37           0.753674345   37    0
        37
          38           0.742201375   38    0
        38
          39           0.709781070   39    0
        39
          40           0.565455555   40    0
        40
          41           0.536005525   41    0
        41
          42           0.466293446   42    0
        42
          43           0.460348248   43    0
        43
          44           0.446485696   44    0
        44
          45           0.413163097   45    0
        45
          46           0.385553470   46    0
        46
          47           0.366204125   47    0
        47
          48           0.338483250   48    0
        48
          49           0.324743606   49    0
        49
          50           0.321305976   50    0
        50
          51           0.303818610   51    0
        51
          52           0.289297601   52    0
        52
          53           0.268737957   53    0
        53
          54           0.264485794   54    0
        54
          55           0.241026414   55    0
        55
          56           0.177784846   56    0
        56
          57           0.162960569   57    0
        57
          58           0.149578230   58    0
        58
          59           0.122618967   59    0
        59
          60           0.104323052   60    0
        60
          61           0.094910346   61    0
        61
          62           0.073685107   62    0
        62
          63           0.067697191   63    0
        63
          64           0.057397410   64    0
        64
          65           0.046087596   65    0
        65
          66           0.037116319   66    0
        66
          67           0.030109328   67    0
        67
          68           0.017426603   68    0
        68
          69           0.007061246   69    0
        69
$end
