$energy      SCF               SCFKIN            SCFPOT            MP2
     1 -693.6061594907      692.882244     -1386.48840     -2.163399521503
     2 -693.6065295462      693.006283     -1386.61281     -2.163623098375
     3 -693.6068075267      693.054137     -1386.66094     -2.163328952554
     4 -693.6068926613      693.007645     -1386.61454     -2.163453649228
     5 -693.6069131032      692.994080     -1386.60099     -2.163611375414
     6 -693.6064581111      692.952554     -1386.55901     -2.164083913479
     7 -693.6066229344      692.972585     -1386.57921     -2.164032360363
     8 -693.6067007081      692.989646     -1386.59635     -2.163980274110
     9 -693.6065139069      692.981343     -1386.58786     -2.164196672291
    10 -693.6064157332      692.982982     -1386.58940     -2.164301253796
    11 -693.6064863002      692.983348     -1386.58983     -2.164239885173
    12 -693.6064992532      692.984106     -1386.59061     -2.164228033966
    13 -693.6064952962      692.984054     -1386.59055     -2.164232093681
    14 -693.6064928892      692.984157     -1386.59065     -2.164234478730
    15 -693.6064958689      692.984387     -1386.59088     -2.164231744360
    16 -693.6064963539      692.984347     -1386.59084     -2.164231598855
$end
