$grad          cartesian gradients
  cycle =      1 MP2 energy =     -695.7695590122 |dE/dxyz| =  0.019658
    1.81967209641066      7.50057624883539      3.99055924344125      o
   -2.35584031293587      3.24743766935965     -0.93688086377094      n
    4.17721316286705      3.23212332877036      1.67685982329183      n
    1.15665790287212      0.78899656570867     -1.93732644550859      n
   -1.92209525286919      6.57592380287706      1.96720112595976      n
   -5.76369116462569      5.91069862976183     -0.13611508370021      n
    0.14317887998881      2.69900890967756     -0.51319481591513      c
    1.64182430076893      3.96445078717499      1.21675308365695      c
   -3.29628331046925      5.16560418159642      0.29958962236734      c
    0.65920072620029      6.10378895639977      2.52856884048080      c
    5.41187896054744      1.89125114291133     -0.41122519372874      c
    3.63685164405067     -0.22896866701657     -1.32264010811896      c
    7.89846186578478      0.79588461746681      0.61001304466045      c
   -2.63656479930827      8.17008921054849      2.74728574322085      h
    3.54873371442592     -1.68767283623012      0.15107793522860      h
   -6.73860276684180      6.55076398913003      1.37867615716812      h
   -6.72737212442791      4.61949222615452     -1.16474026154690      h
    8.81636798944502     -0.37375948339761     -0.83293647777460      h
    9.19392582237182      2.37403837560553      1.04262237932064      h
    7.48251046699511     -0.74303086722717      2.75536810189563      o
    6.24159534498984      0.17576909689442      3.75255390605227      h
    5.17200657373815      4.75415033100548      2.30653924782799      h
   -0.09399875735351     -0.29196457741697     -2.88902654162175      h
    4.44461319026918     -1.08937231414772     -3.02378291223167      h
    5.81958548421481      3.14415468751019     -2.02697316357568      h
  0.13714496718809D-02  0.30760407161488D-02  0.26618574412218D-02
  0.27001682648820D-02  0.38265177584762D-04  0.11006168616650D-02
  0.28700284498635D-02  0.46271140510501D-02  -.24098907608474D-02
  -.29846282719014D-02  -.33370715733572D-02  0.85200614311454D-03
  -.38172057627994D-02  0.56061170320501D-02  0.34088958776373D-02
  -.93264861552100D-03  -.25857993637866D-02  0.82392925522967D-03
  -.39865852656850D-02  -.74689560160279D-03  -.34403826271906D-02
  -.25054902772972D-02  0.26343309287946D-02  0.42246582023662D-02
  -.35858469847394D-02  0.21778765704816D-02  -.19921050710670D-02
  0.21965820695691D-02  -.57301607166331D-02  -.35274983151901D-02
  0.29670784995286D-02  0.20460031911695D-02  -.12931558417106D-03
  -.11413796636872D-03  -.35756709741817D-02  -.43564462273453D-02
  0.34937922349396D-02  -.84820754406878D-03  0.36647307368276D-03
  0.10856017808321D-02  -.22257102160408D-02  -.10323608892828D-02
  0.48719184395651D-03  0.18316243632643D-03  -.17382043830745D-02
  -.14268317372323D-03  0.41509597653899D-03  -.11790610638855D-02
  -.56131145553362D-04  0.11256407314262D-02  0.49588191441607D-03
  0.29175564109440D-03  0.98184138392998D-03  0.18059691905092D-03
  0.27381739276322D-03  -.65912321776551D-03  -.91821163825823D-03
  0.13497653461290D-02  -.24502664909516D-02  0.20267648205472D-02
  -.66133779585353D-03  0.76108312930456D-03  0.13242556816939D-03
  -.13935122823399D-02  -.21094148428089D-02  0.79462823854781D-03
  0.18182186227067D-02  0.16390701389080D-02  0.58845243449035D-03
  -.75195929916738D-03  -.17008839318455D-03  0.17846744637477D-02
  0.26716755240797D-04  -.87323241620751D-03  0.12816151985353D-02
  cycle =      2 MP2 energy =     -695.7701526446 |dE/dxyz| =  0.010287
    1.80234103110978      7.40657489425457      4.08569895014376      o
   -2.32306041979567      3.25894127339593     -0.98009519596864      n
    4.15938111059148      3.17377974669453      1.72852277542834      n
    1.16966382722909      0.78052206926211     -1.93219182314223      n
   -1.90330904442113      6.53381373396204      1.98494936141167      n
   -5.69786303656366      5.96257647426838     -0.20485673320537      n
    0.16633275346736      2.69808395230429     -0.52141105205862      c
    1.64358968827387      3.92512699009213      1.24624872263394      c
   -3.25755548894739      5.16249768798636      0.27603324099993      c
    0.65764280894755      6.04793003058978      2.58253134377795      c
    5.35935468835332      1.90120461209373     -0.41326141331901      c
    3.60600831075744     -0.26069612364281     -1.22226021187255      c
    7.88524314279965      0.86511866785861      0.52916715474024      c
   -2.62633111455168      8.12249728481335      2.78058240359685      h
    3.46650544947928     -1.62072660394921      0.34346207030283      h
   -6.69544882201517      6.57466532255324      1.30844721693241      h
   -6.65504317978446      4.69912277710125     -1.27659788082183      h
    8.79983321605105     -0.26718133054382     -0.94709613896058      h
    9.14584723072743      2.47234312518593      0.96360818690901      h
    7.54258263497987     -0.70640427357872      2.65764158745357      o
    6.30565349508855      0.17134531887877      3.69330990874664      h
    5.15711221537272      4.70350922455996      2.34731891849144      h
   -0.08122262977196     -0.29817959289900     -2.89511441221011      h
    4.43487911547321     -1.22497496470353     -2.86107968840353      h
    5.66769265425858      3.16794371541445     -2.04473090452681      h
  0.13685993148727D-03  0.11601147087426D-02  0.10375260833939D-02
  0.18034861246221D-02  -.50835061220411D-03  0.63979932659919D-03
  -.11716734957448D-02  -.38784167124639D-03  -.17288849827448D-02
  -.13592257368512D-02  0.46614335208162D-03  0.37874761608983D-02
  -.15500246181368D-02  0.90390732763090D-03  0.56568107566157D-03
  0.97112975153202D-03  -.17350524261053D-02  0.35710937425915D-03
  0.63089738511907D-04  0.14243216374945D-02  -.27475570055505D-02
  0.28898272511846D-03  -.92434272679132D-04  0.17831305150731D-02
  -.13721068529646D-02  0.20077904343285D-03  -.34812443031607D-03
  0.21510763436883D-02  -.25328125976944D-02  -.16277012797645D-02
  -.83702722549539D-04  0.47965013167386D-02  -.21855822464647D-02
  -.76932219522186D-03  -.22935861198388D-02  0.37050697531349D-03
  0.12576321238544D-03  -.12216148565130D-02  0.75699704073395D-03
  0.46643995643647D-03  -.29958737798719D-03  0.46340968120173D-04
  -.19883100927831D-03  -.25684965234163D-03  0.15327779730168D-03
  0.99195333918889D-04  0.47615998821393D-03  -.62700951416206D-03
  -.46607969965695D-04  0.46898188583633D-03  0.10913410870428D-03
  -.27884904096886D-04  0.36881564285984D-03  -.26265674256676D-03
  -.32351134432185D-03  -.11466511093738D-03  -.44229238089466D-03
  0.26473775438518D-05  -.24413775985543D-03  0.25243186727852D-03
  -.27533607507424D-03  0.41714270812543D-03  -.18128125616768D-03
  -.63281445161056D-03  -.11820165444734D-02  0.43717426502310D-03
  0.85106388538891D-03  0.18408656862379D-03  -.88334927201617D-03
  0.41236078418416D-03  -.84378253484729D-04  0.54920668307634D-03
  0.43894600401928D-03  0.86373262734085D-04  0.18864663812312D-03
  cycle =      3 MP2 energy =     -695.7701364793 |dE/dxyz| =  0.010349
    1.83255529092120      7.49813895600902      3.98440528663594      o
   -2.33470112839957      3.22522906615495     -0.94676793929467      n
    4.17447215966386      3.23174384642251      1.71551870058443      n
    1.17546338279066      0.80093782951400     -1.94669491988526      n
   -1.88550459680534      6.56160112128943      1.94378073439237      n
   -5.71346516539007      5.91649577726707     -0.14807497892098      n
    0.16535210229639      2.68874097453777     -0.50244405319392      c
    1.65880654286345      3.96467187156779      1.21446763001203      c
   -3.25531872493647      5.14472305191622      0.29128232642257      c
    0.67716512593432      6.10925637825143      2.52335334154497      c
    5.37171479278807      1.90265100058370     -0.38992051357579      c
    3.62413990756815     -0.22119358910639     -1.26773369570074      c
    7.86413441047892      0.84412193949456      0.58947467500003      c
   -2.60911438700192      8.17105741546342      2.70539427532492      h
    3.49807873741322     -1.63398022104537      0.25359918542723      h
   -6.68352381720186      6.51341929282447      1.39080599864817      h
   -6.67373469950912      4.62107338705523     -1.18122107582464      h
    8.83962909948173     -0.21784532859037     -0.90115285368272      h
    9.09477607909232      2.43745680557447      1.14990306465668      h
    7.45336910990618     -0.82420229528228      2.62650850482685      o
    6.18821645982009      0.00254553265816      3.66776337570746      h
    5.16914855440996      4.79948105000748      2.25214229317276      h
   -0.09587400835375     -0.32298508493539     -2.83429872503598      h
    4.45756697400324     -1.12459347051870     -2.94208781512862      h
    5.73647743527544      3.16088870483913     -2.01917643503381      h
  -.10711131974652D-02  -.82534197437667D-03  -.40004168177177D-03
  0.26845258920716D-03  0.31459332948458D-04  -.74291531978332D-03
  -.83133803316571D-03  0.31433838122119D-03  -.17919095490768D-02
  0.26788441233483D-03  0.11172191388500D-02  0.41762983134408D-02
  0.17450766045712D-03  -.29838659917267D-02  -.12797718956090D-02
  0.19538893356597D-02  -.12657295530767D-02  0.53812947215004D-03
  -.57404476077585D-03  -.19814483565070D-02  0.34665661806099D-05
  0.15975127227401D-02  0.37641972418800D-03  -.23636537244665D-03
  0.82243309922259D-03  0.34361128231808D-03  0.21901606721508D-03
  0.18155111030831D-02  0.10292457028620D-02  -.62176579743056D-04
  -.21499766800703D-02  -.24559074282532D-02  0.41202665994149D-02
  -.19562464666301D-03  0.29055306674790D-02  -.19185268598818D-02
  -.10128667173417D-02  -.39143489019788D-04  0.68462734408081D-03
  0.10828582211309D-03  0.11963982276191D-02  0.63109143627216D-03
  0.15170049957669D-03  0.10420437311609D-03  0.85421651986550D-03
  0.34157380240263D-04  0.47901101272108D-03  -.80456852344923D-04
  -.83817008146081D-04  -.15117078424209D-03  -.18726151644310D-03
  -.28554520007162D-04  0.17253967842068D-03  -.49203334327252D-03
  0.16055165485973D-05  0.32343380894373D-03  0.38676953916839D-03
  -.17734393362900D-03  0.10123793303531D-02  -.13544099342528D-02
  -.75451681115446D-03  -.65447735728896D-03  -.73181527731903D-03
  -.14265275327263D-03  0.13754280467158D-02  -.28707725080857D-03
  -.35021125189427D-03  -.96083106284617D-04  -.10400010552867D-02
  -.73307551766266D-04  -.11897986502518D-03  -.85110911368513D-03
  0.24942755100543D-03  -.20907075168308D-03  -.15801049809561D-03
  cycle =      4 MP2 energy =     -695.7703463105 |dE/dxyz| =  0.006734
    1.82438539403229      7.48844449942427      3.99433991529678      o
   -2.33860083126769      3.23911418443326     -0.95682073793486      n
    4.16940481964889      3.21738275694006      1.71948272071010      n
    1.17385624961984      0.80117228826924     -1.95430421819211      n
   -1.89503029736362      6.56445519576744      1.94771005293204      n
   -5.72274956830633      5.93127486051289     -0.15589958081201      n
    0.16168899357701      2.69372125688146     -0.51050623629117      c
    1.65263560243571      3.96058586020032      1.21611255943493      c
   -3.26380056167635      5.15548679405784      0.28574725607741      c
    0.66728238316825      6.10318745707217      2.52959305692159      c
    5.37281003045742      1.89449998570396     -0.39057266859533      c
    3.62020561802434     -0.23028694089400     -1.26612999213110      c
    7.87622984006267      0.84500084011313      0.58276674150824      c
   -2.61830197995005      8.16972946539277      2.71453826287434      h
    3.48568172357549     -1.63946583973667      0.25660762766353      h
   -6.69539344402696      6.51926137981867      1.38466199694227      h
   -6.68115401869228      4.63977167700212     -1.19505469995915      h
    8.84249922024151     -0.22665662456706     -0.90641083491734      h
    9.10938513274370      2.44425390926972      1.11857375791462      h
    7.49241723961494     -0.81202139116506      2.63696744863921      o
    6.24341742993246      0.02281388149418      3.69161102177454      h
    5.16910573926492      4.77289820610001      2.27775009809142      h
   -0.09867012952880     -0.32207091158260     -2.83877135905230      h
    4.45511319578392     -1.14031623694560     -2.93484414741626      h
    5.72741185573781      3.15719745838981     -2.01832165440012      h
  -.52485385428902D-03  -.20708418067628D-03  -.13861810420579D-03
  0.85180263646123D-04  0.44937514418919D-04  -.70154070598427D-03
  0.10895877193828D-03  0.52014998118111D-03  -.14236037642839D-02
  -.93082566056113D-05  -.24037845960834D-04  0.31461415937937D-02
  -.42574849116672D-03  -.15275124550413D-02  -.60870108173372D-03
  0.82500658908380D-03  -.98955389233701D-03  0.42906907014295D-03
  -.51363479711447D-03  -.14741860606859D-02  -.25845921821882D-03
  0.64786725792754D-03  0.66976680620545D-03  -.89517860279997D-04
  0.13467635402264D-03  0.92574769076048D-03  0.38389216687795D-03
  0.93794375106526D-03  0.21688617905413D-03  -.21734134006568D-03
  -.10771071288733D-02  -.18929752625183D-02  0.25960769758173D-02
  -.14889480711755D-03  0.16424517896576D-02  -.19341536841742D-02
  -.19718743351493D-03  0.17210482934393D-03  0.77657089400063D-03
  0.18133557059885D-03  0.55473020108820D-03  0.31606951225083D-03
  0.70898895871530D-04  0.12942113750380D-03  0.36022579065031D-03
  0.12322660299713D-04  0.44841008155005D-03  -.18262456099594D-03
  -.40848507640412D-04  -.66227085060433D-05  -.39882578464212D-04
  0.14509198669632D-04  0.13735445350171D-03  -.27623734282134D-03
  0.72297086365136D-04  0.13441193934449D-03  0.21731350273657D-03
  0.49332996794682D-03  0.53756232453850D-04  -.68901284374956D-03
  -.62847400748245D-03  -.28385520725926D-03  -.45775327274367D-03
  -.38743241049577D-04  0.66150431983658D-03  -.17872894061632D-04
  -.28215613135707D-04  0.23557715068989D-03  -.71998772927850D-03
  0.22964023846050D-04  -.58361809994523D-04  -.38094549778478D-03
  0.25725468689508D-04  -.83020743936846D-04  -.89107213664175D-04
  cycle =      5 MP2 energy =     -695.7705244786 |dE/dxyz| =  0.004069
    1.81436543738222      7.44623633840873      4.03554578399781      o
   -2.33341415542431      3.25570547773714     -0.97830203449190      n
    4.16645998960658      3.20119803656726      1.72284993245127      n
    1.17624605759827      0.81075558515525     -1.97953972192862      n
   -1.89733446515260      6.55466478962774      1.95854639782910      n
   -5.71944663401422      5.94716800794336     -0.16601647449231      n
    0.16567806437792      2.70269040442406     -0.52785316630412      c
    1.64959284591608      3.94887290582345      1.21851923217935      c
   -3.26136810263322      5.16203245848615      0.27723074487963      c
    0.65983284143407      6.08077202774025      2.55025664562929      c
    5.37017589869655      1.88968387210501     -0.39812921569039      c
    3.61324005278417     -0.23465602647788     -1.26874782074035      c
    7.87526750750702      0.84199260282302      0.57121011449640      c
   -2.62293992447920      8.15371859401001      2.73445559935038      h
    3.46122547382987     -1.63398985789263      0.26087630377585      h
   -6.69630931892728      6.50593831976220      1.38312748167856      h
   -6.67267094580513      4.66409092580487     -1.22064398494361      h
    8.81363051545740     -0.27627522297383     -0.90105367135551      h
    9.12937682107874      2.44208326341851      1.05214465221546      h
    7.50369267643597     -0.76368003430848      2.66960848855965      o
    6.30108740298211      0.11989785024491      3.73779108886499      h
    5.16780587465407      4.75283016838271      2.28763702001721      h
   -0.10423807994706     -0.32136065936996     -2.84078496546919      h
    4.45228464728049     -1.15895699437094     -2.92682788112456      h
    5.71758915647058      3.15802117888142     -2.02307416230511      h
  -.25325343989913D-03  -.13317883471586D-03  -.10609441105203D-04
  -.96895298405286D-04  -.32253189806042D-04  -.80266903899151D-03
  0.14740325511298D-03  -.24282147382593D-04  -.48426586679007D-03
  -.41159532851998D-03  -.58556178454694D-03  0.24687994911439D-02
  -.38763411378628D-03  -.95725422041326D-03  -.25316728366498D-03
  0.21386846557014D-03  -.61939258782218D-03  0.16604408534437D-03
  -.16399239502807D-04  -.38106649263270D-03  -.29791712256627D-03
  0.13029626189809D-03  0.14334813857886D-03  -.12379074800606D-03
  0.23130333155308D-03  0.72706116428023D-03  0.32370519337732D-03
  0.40472148368664D-03  0.26050771117614D-03  -.56211418347996D-04
  0.12353270816057D-03  -.10009509508387D-02  0.10585883415983D-02
  0.16052002407285D-05  0.91522772017694D-03  -.13243998499242D-02
  -.39009957274860D-03  0.62978219784007D-03  0.27378629254771D-03
  0.20767709084035D-03  0.28718086130031D-03  0.12570794899158D-03
  -.12763146951489D-03  0.38640834025827D-04  -.57279212675176D-04
  0.54944711944227D-04  0.35264581328587D-03  -.12132268248966D-03
  -.16914158034176D-04  -.53783486161585D-04  0.61434219586154D-04
  -.10041047382270D-03  -.37264078100119D-04  -.14106072916453D-03
  -.61732289835525D-05  0.82700562674010D-04  0.59012578221607D-04
  0.21611871336091D-04  -.16775782875733D-03  -.14539065514718D-03
  0.75261884369127D-05  0.57809734511416D-04  0.16043598923154D-04
  0.67161037504704D-04  0.16390066292882D-03  0.29232095822174D-04
  0.60057661543933D-04  0.29254329682349D-03  -.46188239964406D-03
  0.76142207420027D-04  -.35308422897451D-04  -.11615967537715D-03
  0.59154528229355D-04  0.76705397004329D-04  -.18622790871436D-03
  cycle =      6 MP2 energy =     -695.7705420246 |dE/dxyz| =  0.006782
    1.80767616304748      7.42984131544413      4.05701953301025      o
   -2.31899762215622      3.28960797311150     -1.01081747770623      n
    4.17994339640902      3.21946988671734      1.70164233424603      n
    1.20660725953469      0.85712264239874     -2.04022649889239      n
   -1.90952486657591      6.54183656166808      1.98295805079948      n
   -5.73108157798405      5.94535809520268     -0.15535454407331      n
    0.18964201250965      2.75187811760512     -0.58372380340100      c
    1.66106310280054      3.97049278479056      1.19182230877485      c
   -3.26503034154180      5.16593335574515      0.27679941592503      c
    0.65365887293933      6.07547218143055      2.55966301357162      c
    5.38120860551684      1.88530169783701     -0.41457749906562      c
    3.59644046066571     -0.24139526426363     -1.23179263107868      c
    7.88582968027346      0.83270223284648      0.56330096302831      c
   -2.65412429632458      8.11105064949462      2.79570807487985      h
    3.37344129271994     -1.57065770671532      0.34975139049768      h
   -6.71703651850791      6.43381006730013      1.41200163832566      h
   -6.66636878540766      4.67961744974709     -1.24624147691791      h
    8.81659890094606     -0.30649575997152     -0.89664327973843      h
    9.15032761310387      2.42989161691052      1.02323385524316      h
    7.51507189057203     -0.75395695871882      2.67927637239129      o
    6.30224727057437      0.13114480164534      3.73419065365483      h
    5.18778888474738      4.76851742280482      2.25681162694569      h
   -0.08186735056512     -0.27481918258953     -2.88803686552059      h
    4.44398844432131     -1.25352649462507     -2.83119844427164      h
    5.72232714549064      3.13123652613634     -2.05674032354865      h
  0.71576958217356D-03  0.87041987104897D-03  0.29419804848629D-03
  -.45810045088857D-03  -.50465237361230D-03  0.27520530831282D-03
  0.29298260796828D-03  -.68405355689904D-03  0.13964074395583D-02
  -.88949168151720D-03  -.99023704282608D-03  0.14081065912031D-02
  -.92667411895153D-03  0.12574969317747D-02  0.91606735152450D-03
  -.10511295058855D-02  0.67646877990768D-04  -.39581914427789D-03
  0.11189381068992D-02  0.18801723412731D-02  -.22310899180710D-02
  -.72305289106378D-03  0.30437776986902D-03  -.39551613443933D-04
  -.42714708043690D-03  0.23396767778028D-03  0.37599430641855D-03
  -.54140734285557D-03  -.11305220503206D-02  -.25994288873710D-03
  0.84536893192233D-03  0.16400076937819D-02  -.27761528664956D-02
  0.12116839121856D-03  -.21824292682791D-02  0.90880638653212D-03
  0.37773966598920D-03  0.26362390937335D-03  0.32875294818213D-04
  0.19415869294281D-03  -.71681286408776D-03  -.18298958546792D-03
  -.12809669369562D-04  -.86144833954638D-04  -.22663950939306D-03
  0.17053654302357D-03  0.12175961755512D-03  -.17701962996686D-03
  0.45243320493160D-04  0.12708944456952D-03  0.22912285512300D-03
  0.13665994665235D-04  -.96330100926689D-04  0.33639347779157D-03
  -.81484920658514D-04  -.10871601503837D-03  -.23670882360227D-03
  0.49301886495812D-03  -.69947863227249D-03  0.62144021497890D-03
  -.11439344073283D-03  -.21599081717927D-03  -.65693720940896D-04
  -.11365075064962D-03  -.52837292254271D-03  -.18424662246708D-03
  0.67278700385565D-03  0.71547663625715D-03  -.30086294824816D-03
  0.28143926164192D-03  0.11320645981083D-03  0.42424172563837D-03
  -.34752454012299D-05  0.34849545080640D-03  -.14214183483841D-03
  cycle =      7 MP2 energy =     -695.7706552948 |dE/dxyz| =  0.003244
    1.80439235154885      7.40760978968234      4.07542168159828      o
   -2.32579289810045      3.27225670101198     -0.99528543837189      n
    4.17964274267352      3.21785266056731      1.70568572236596      n
    1.20603335791347      0.86358024312100     -2.05067403572182      n
   -1.90282637240175      6.54181031581890      1.97710771429664      n
   -5.72421108369490      5.95014365645887     -0.15770077022089      n
    0.18093786019932      2.72975870771394     -0.56334361364504      c
    1.65503638866377      3.95193353833524      1.20693656800596      c
   -3.26232551370501      5.16082543969801      0.27965802088614      c
    0.65214166495167      6.06284423709115      2.56964660469972      c
    5.37855236301045      1.88519748227545     -0.41112528798194      c
    3.59908667945037     -0.23223052370251     -1.25252611461314      c
    7.87885282777250      0.82661144919146      0.56483249226005      c
   -2.63933235083840      8.12613921826423      2.77032197316103      h
    3.37956515994482     -1.57912016219050      0.31521998975612      h
   -6.71136600777158      6.43533436086649      1.41043568988820      h
   -6.66024958055302      4.68598614844338     -1.25062176914633      h
    8.79429072132475     -0.33701931058333     -0.88589057107134      h
    9.15690688311018      2.41968499218357      1.00268343752451      h
    7.50383543791977     -0.73134758952723      2.69977044239204      o
    6.31573062479041      0.18313229140611      3.75734533288952      h
    5.18069339668149      4.77823003513283      2.24494479444922      h
   -0.08654284240757     -0.28365571509625     -2.87390120704711      h
    4.44955797956476     -1.22453921304067     -2.86370722125650      h
    5.72721984706164      3.13841525883056     -2.04640804801811      h
  0.19141605190143D-03  0.29618979787926D-04  0.34725458656482D-03
  -.73761214839152D-03  -.11327379254311D-03  -.15303116634335D-03
  0.12374621660083D-03  -.55014254493235D-03  0.92842693988171D-03
  -.46714602063513D-04  0.15711181801770D-04  0.13311488727048D-02
  -.40954987521236D-03  0.28976578497719D-03  0.37200936155912D-03
  -.63014551961516D-03  0.11910579599750D-03  -.38372834466660D-03
  0.50018049390732D-03  -.18592335590495D-03  -.82764484200237D-03
  -.59553586724981D-03  -.64689317827327D-04  0.26781511119012D-04
  0.16512971114313D-03  0.20333458304300D-03  0.35417301315332D-03
  -.14031433655415D-03  0.10747162168734D-03  -.52029686452126D-03
  0.51394276441474D-03  0.43821199816962D-03  -.10791162760673D-02
  0.87636091280929D-04  -.87222397065734D-03  0.48776399160122D-04
  -.68990907764466D-04  0.33347510763237D-03  -.43850549178437D-03
  0.14336160406447D-03  -.18120180037151D-03  -.10974347971793D-03
  -.10597806596802D-03  0.29810132117891D-04  -.21023758089012D-03
  0.15271997044763D-03  0.92459824961644D-04  -.22067078558674D-04
  0.24098614289425D-04  -.20109898199117D-04  0.11805381858343D-03
  -.30646785530219D-04  -.23922342495242D-03  0.25394727807493D-03
  -.66705393623412D-04  -.27797093323567D-04  -.10338689939127D-03
  0.32517874558380D-04  -.12757689970933D-03  0.40994088821300D-03
  0.22336954369839D-03  -.11581777475089D-03  0.94659896762384D-04
  0.10293360056135D-03  -.55916413660206D-04  -.27875615834416D-03
  0.35673754091459D-03  0.62659064161874D-03  -.12968157130144D-03
  0.23398399798324D-03  -.18320697977359D-04  0.99842977870246D-04
  -.19580816071896D-04  0.28666151361012D-03  -.12881995311398D-03
  cycle =      8 MP2 energy =     -695.7706809822 |dE/dxyz| =  0.002991
    1.81770473648686      7.43933429248955      4.03989118617829      o
   -2.31730666660060      3.28469426217028     -1.01058770244738      n
    4.18446260570444      3.23324606378920      1.69429779630542      n
    1.21095279678388      0.88245477803904     -2.07499949275947      n
   -1.89765399001637      6.54626050172134      1.97000426589346      n
   -5.73294193961755      5.92458112433180     -0.12662050789627      n
    0.19067248139429      2.74897359276997     -0.58318655330245      c
    1.66614567924388      3.97419407464987      1.18350648344027      c
   -3.25839670144081      5.15969505301887      0.27914779680977      c
    0.66164025859896      6.08300406689827      2.54884350666469      c
    5.38531857714331      1.88582130930442     -0.40982687458510      c
    3.60086498463258     -0.21580329633384     -1.27315461000839      c
    7.86825538320200      0.80835007234330      0.58574518514735      c
   -2.64137068299809      8.12458675906287      2.77070086759373      h
    3.37368911660675     -1.57320786051542      0.28515820541469      h
   -6.71152433115524      6.37456146234108      1.45777141131839      h
   -6.66255289789214      4.66053007516182     -1.22580533676594      h
    8.78910793273476     -0.35924703942658     -0.85868732016226      h
    9.15330757225363      2.39143385525539      1.04054361537159      h
    7.45846687896125     -0.74797164164040      2.71389011760665      o
    6.28165566703210      0.18406271736607      3.76882516579403      h
    5.19010178779394      4.79261655664465      2.23036663694482      h
   -0.09475389692770     -0.28816506282613     -2.84635827057913      h
    4.45435779291361     -1.19956225007079     -2.88839701452849      h
    5.75962649227132      3.13499054540770     -2.04224217036898      h
  -.24275347763947D-04  -.59456831742466D-05  -.42101678558737D-03
  -.52448632211011D-03  0.93429635363407D-04  -.54982605270837D-03
  0.30055098596549D-05  -.74277467055284D-03  0.74305061892144D-03
  0.26756247481008D-03  0.23937030521193D-03  0.15634902497936D-02
  -.76019527463167D-04  -.46314497706845D-03  -.16637530112629D-03
  -.14420240503910D-03  -.90721945731786D-04  -.72735387988132D-04
  0.21818132588158D-03  -.50845474247052D-03  -.91357948295345D-03
  -.56874647648364D-04  0.41739131136476D-03  -.32167644708636D-03
  0.62814195046990D-03  0.24946488204591D-03  0.15724658972216D-03
  -.19179397011015D-03  0.66618341687530D-05  0.50243629572622D-03
  0.16180302909863D-03  -.57783853301885D-03  0.31874017269984D-03
  -.88026607559577D-04  0.40158911525623D-03  -.69246187029748D-03
  -.18044295938324D-03  0.33208270946045D-03  -.39228616554920D-03
  0.63292545871008D-05  0.13508881643087D-03  0.12366114150142D-03
  -.96827439049152D-04  0.84768050294670D-05  -.10892591801026D-03
  0.42938266191506D-04  0.32407734807727D-04  0.12484833071680D-03
  -.12935561433114D-04  -.12348397693751D-03  -.10740900924233D-06
  -.54339456663222D-05  -.21349732957932D-03  0.84940630860064D-04
  -.11880413385956D-04  0.28177345576363D-04  0.96208367469264D-04
  -.24208668890147D-03  0.23423374122267D-03  -.84987828206096D-04
  0.25401941358716D-03  -.23580392274347D-05  0.16796058545365D-03
  0.18692372727358D-03  0.24937901611732D-03  -.16945919088429D-03
  -.61965815528975D-04  0.26615622201032D-03  0.18897197059209D-03
  0.10252444138104D-04  0.22161925445907D-05  -.11254389757731D-03
  -.61906028270498D-04  0.32094294094343D-04  -.65573405536590D-04
  cycle =      9 MP2 energy =     -695.7707105792 |dE/dxyz| =  0.001570
    1.80993074280902      7.41537589002451      4.06869963047710      o
   -2.31827972669843      3.27734199820888     -0.99923699103059      n
    4.19306823197681      3.24832444368756      1.68127405439625      n
    1.21350623318030      0.88718091443718     -2.08741930145944      n
   -1.89686751607490      6.54595092078952      1.97256206788877      n
   -5.72906383508489      5.93297640401231     -0.13361660164706      n
    0.19049838182832      2.74489751180951     -0.57812960481297      c
    1.66586361579955      3.96820313497720      1.18953854137998      c
   -3.25894586535745      5.15761292301061      0.28280679341937      c
    0.65810451733644      6.07185575493537      2.56254091157243      c
    5.38955861179387      1.89227223657612     -0.41963464538592      c
    3.59793171048375     -0.21354484287853     -1.26282921319452      c
    7.87252868962237      0.81446849762615      0.58000488176118      c
   -2.63781431085311      8.12964708237361      2.76404014041938      h
    3.36043037614735     -1.55072848435241      0.31151176728782      h
   -6.71721620302204      6.36921005836859      1.44879149588529      h
   -6.65410593593055      4.67879718921222     -1.24779587515122      h
    8.80468991966325     -0.33688806289817     -0.86994696256550      h
    9.15021121153815      2.39784744456668      1.05347835195481      h
    7.45698811195905     -0.75951667127775      2.69427185379309      o
    6.26931038338648      0.16069179834229      3.74797180104647      h
    5.19416373220548      4.81116658939150      2.21282484252138      h
   -0.09721174467424     -0.30372431190827     -2.82088540932127      h
    4.45083137982097     -1.22112856097342     -2.86266291582570      h
    5.76171892525354      3.13114415389108     -2.05933322632984      h
  -.94280358116094D-05  -.47061940488646D-04  0.17886216896912D-03
  -.50267441871199D-05  0.15510984763267D-05  -.36749219068533D-03
  0.26126860131370D-03  -.12758590123241D-03  0.32613658662850D-03
  0.75877846200667D-04  0.14264957740373D-03  0.27643772454766D-03
  -.19893346780453D-03  0.13438514639752D-03  0.85784260246413D-04
  -.20369556845878D-03  0.43516637351360D-04  -.19961931969981D-03
  0.38380270296234D-04  -.31252431286011D-03  -.24287390939681D-03
  -.61343057085494D-03  -.62619274387998D-05  0.42770918098833D-03
  0.20380490587613D-03  0.37958028829443D-04  0.99649845733296D-04
  0.17168318226712D-03  -.13712733975479D-03  -.19542951337126D-03
  0.43650782328175D-03  0.26123335978107D-03  -.51154879688942D-03
  -.16454058572446D-03  -.12233085259439D-04  -.25238592125554D-03
  0.13808432367490D-03  0.10591395709031D-03  -.82020115955483D-04
  0.62893519217955D-04  0.19792248483697D-04  -.12740550010326D-03
  -.44586046311634D-04  -.97488094623177D-04  0.10374049366213D-05
  0.39952843883917D-04  -.46085527563910D-04  0.75706900761308D-04
  -.35394046626891D-06  -.23865391410194D-04  0.20560145820525D-04
  0.55586385488748D-04  -.14431201907250D-04  0.60581702106877D-04
  -.15416819021397D-06  -.41778077541021D-04  0.95207258601904D-04
  -.97752047599542D-04  0.27882376974375D-04  -.63915056816910D-04
  -.11463218839491D-04  -.79753904951518D-04  0.10782658343311D-03
  0.15438051178096D-03  0.10408539289308D-03  -.19490649590015D-03
  -.15207714449161D-03  0.59359994792452D-04  0.34179223040098D-03
  -.89191257308663D-04  0.10096662971915D-03  0.78920380373937D-04
  -.47787566205493D-04  -.93097801840969D-04  0.61384193227099D-04
  cycle =     10 MP2 energy =     -695.7707169870 |dE/dxyz| =  0.001337
    1.81948042481720      7.43075195775868      4.04910843131213      o
   -2.31867251918157      3.27060082462683     -0.99167504507502      n
    4.20142446761612      3.26732741290383      1.66149146568834      n
    1.22664033083543      0.91137026794594     -2.11706795805807      n
   -1.89637882296496      6.54001816120291      1.97855359967894      n
   -5.73561226087104      5.91299818351494     -0.10915371962470      n
    0.19674559779359      2.75571690149723     -0.59244343627193      c
    1.67587322966257      3.98513096869704      1.16762086483393      c
   -3.26166966115588      5.14521228605353      0.29662335805513      c
    0.66521063688661      6.08147438368581      2.55008073680041      c
    5.39834462515046      1.89026064659104     -0.42371977812646      c
    3.59606442353614     -0.20572934436739     -1.26803556739117      c
    7.86642220436162      0.79779097744088      0.59622471128386      c
   -2.64343403792984      8.11578937216710      2.78021596090537      h
    3.33578055700175     -1.53079578443825      0.31296326757397      h
   -6.72088114260476      6.34038219644187      1.47743547331942      h
   -6.65965632454131      4.65967224953205     -1.22510866311650      h
    8.79346910467160     -0.37402251060938     -0.84055692914527      h
    9.15711098192541      2.37314428431237      1.06120788813193      h
    7.42626207816993     -0.75346522905542      2.72201243435398      o
    6.23846831185073      0.18602951385417      3.75859414155173      h
    5.20475979126811      4.83010192798549      2.18779558065087      h
   -0.07919150165566     -0.26698928289072     -2.88046616531828      h
    4.45203856686021     -1.23047513074392     -2.85535630319562      h
    5.79123057560663      3.11713877784570     -2.06751796173769      h
  -.75651898731266D-04  0.22550206075778D-05  0.13695397258218D-03
  -.85969742080749D-06  -.30332809450506D-03  0.26353976687510D-03
  0.92286554512988D-04  -.25005967994041D-03  0.33747890348579D-03
  -.30141617736623D-04  -.38361280487287D-04  -.45973120142584D-03
  -.16935923873085D-03  0.74185594053588D-04  0.12212935821765D-03
  0.13206356323181D-04  0.17450513416595D-03  -.22952648107477D-03
  0.49155318013472D-04  0.26434916223117D-04  0.37185776638049D-03
  -.23628273472642D-03  0.39396848521367D-03  -.17449356188859D-03
  0.14244296812294D-04  -.27016090551335D-03  0.15958915501457D-03
  0.45873642499217D-03  0.63889175944354D-04  -.31719646399653D-03
  0.10096419060179D-03  0.13341216232013D-03  -.10014050476959D-03
  0.40849077489247D-04  -.30710779661547D-05  0.16904041939902D-03
  0.17042640015674D-04  0.19407464263488D-04  -.57416766647389D-04
  -.35438645098473D-05  -.14149212193004D-04  -.40941131560501D-04
  0.48490362099640D-04  -.23243015483398D-04  0.32070541188922D-04
  0.67580350026297D-04  -.54671703592302D-04  0.31919862139684D-04
  0.18828546257676D-04  0.23725559752830D-04  -.13457628506242D-04
  0.23243329872358D-04  0.29159330142470D-04  0.27694207792806D-04
  -.82660920508459D-05  -.31022835306427D-04  0.35951573297610D-04
  -.89811895740866D-04  0.55449770757221D-04  -.24996101603669D-04
  -.19198268601972D-04  -.54156454444509D-04  0.55362676595117D-04
  0.77837342620235D-05  0.75506126048452D-04  -.12242631666304D-03
  -.18171547481316D-03  -.23884963824550D-04  -.30022296184029D-03
  -.10187397982930D-03  0.76474490882106D-05  0.10314795774846D-04
  -.35706678495728D-04  -.13436970724978D-04  0.86645854567191D-04
  cycle =     11 MP2 energy =     -695.7707261854 |dE/dxyz| =  0.000622
    1.81609712046532      7.42259591735277      4.05674364752890      o
   -2.31485617419784      3.28380927402207     -1.00691977847892      n
    4.19720552749951      3.26042532073602      1.66757389650665      n
    1.22501727361317      0.90495359315856     -2.11031702871021      n
   -1.89667011208498      6.54109023712840      1.97712122321667      n
   -5.73510226183754      5.91847208900520     -0.11379970274588      n
    0.19638756423704      2.75667994695620     -0.59489920498485      c
    1.67235378617682      3.97964735863483      1.17240463823378      c
   -3.25924225923884      5.15420476628161      0.28665322593627      c
    0.66231454593694      6.07657046512748      2.55444401340216      c
    5.39457682693918      1.88869715635153     -0.42100095152159      c
    3.59557235306161     -0.21020272177026     -1.26312280403934      c
    7.86878451690425      0.80244368665246      0.59056094542180      c
   -2.64366885477794      8.11477823297616      2.78301581358943      h
    3.33759990729997     -1.53468232222595      0.31858472874271      h
   -6.71884744234714      6.34239426777916      1.47464711725117      h
   -6.65894063318809      4.66586928039916     -1.23075010456292      h
    8.79206204214815     -0.36951192309252     -0.84857787509962      h
    9.15828917669409      2.38104957732026      1.04787688023001      h
    7.44116650191174     -0.74764507286406      2.71971986960597      o
    6.24876001244512      0.18628092083795      3.75587413763245      h
    5.20012919759823      4.82207568262220      2.19803104631193      h
   -0.08129444518817     -0.27467462109531     -2.86966689149084      h
    4.45231038833337     -1.23438429047895     -2.85066367659255      h
    5.77982507870512      3.11849719013736     -2.06470677830387      h
  -.35296592404421D-04  0.37509760030474D-04  0.12668075061839D-04
  -.35605005619388D-04  0.12316335943829D-03  -.53023648005635D-04
  -.46790900084304D-04  -.15160776171808D-04  0.19263085773691D-03
  0.72922303066436D-04  -.21689566032990D-04  -.26282374657072D-04
  -.89940372223651D-04  0.27262411190776D-04  0.34165022591459D-04
  -.67539008590245D-04  -.43378615552925D-05  0.16998891461562D-04
  0.27752768000822D-04  -.16732801663721D-03  0.86280107224557D-04
  -.24030277653697D-03  0.87559423570749D-04  -.74696206397995D-05
  0.11946317393363D-03  0.99105347947770D-04  -.79876010564028D-04
  0.24357821367271D-03  -.11865529927402D-03  -.14510517365007D-04
  0.20324036069219D-04  0.50343230117295D-04  -.11956622163756D-03
  0.68071982268103D-04  -.99749857376707D-04  0.94366264300927D-04
  -.11053855402565D-04  0.14420702378948D-04  -.66356218023200D-04
  -.64218005491057D-06  -.42186567705826D-05  -.24528773419075D-04
  0.23118157892132D-04  0.30557586182756D-04  -.10067768755118D-04
  -.13862444532720D-04  -.36976776870867D-04  0.53869735698875D-04
  -.38765445538047D-05  -.19646489784808D-04  -.38253493439555D-05
  0.12041586797462D-04  -.36917184809138D-04  0.67688964874968D-04
  -.26397504098163D-05  -.15595018053371D-04  -.86668148451263D-05
  0.70537559899719D-05  0.55742424731164D-04  0.16830752100461D-04
  0.11551129661669D-05  -.72832311861948D-04  -.30175853614089D-04
  0.35359092058762D-04  0.44979103399179D-04  -.10890337478631D-03
  -.50973666449572D-04  0.39826989921998D-04  -.65416674062568D-04
  0.91506355768267D-05  -.18258240505276D-04  -.95516008622454D-05
  -.41467895550040D-04  0.20895672699695D-04  0.52721907089825D-04
  cycle =     12 MP2 energy =     -695.7707272872 |dE/dxyz| =  0.000429
    1.81505498197720      7.42198677336319      4.05797902083493      o
   -2.31667665671691      3.27962627031320     -1.00204384745235      n
    4.19654437928383      3.25859793019208      1.66884513307886      n
    1.22223064626993      0.90073787253267     -2.10542074105876      n
   -1.89770543539476      6.53954539638777      1.97886483202872      n
   -5.73266996339418      5.92330454417372     -0.12002696034151      n
    0.19509799328720      2.75420396337345     -0.59140190277612      c
    1.67183348422741      3.97852475593390      1.17433390502596      c
   -3.26020209661601      5.15256270364250      0.28843309869359      c
    0.66129879401038      6.07551831413647      2.55607204758152      c
    5.39391427863132      1.88925846145538     -0.42116086045711      c
    3.59649529679927     -0.21057007610307     -1.26414280857091      c
    7.86958107926108      0.80452553086693      0.58828671139992      c
   -2.64510692393901      8.11270404240190      2.78548239132939      h
    3.34361167665684     -1.53855383909377      0.31549988549896      h
   -6.71950821582844      6.35354921291273      1.46474088585677      h
   -6.65727711864776      4.67160413129148     -1.23732583881224      h
    8.79338653815553     -0.36489267495620     -0.85262232229955      h
    9.15761509963081      2.38405640666489      1.04665795348979      h
    7.44436467368150     -0.74804264416102      2.71609626241101      o
    6.25354002303200      0.18509007757998      3.75485117751699      h
    5.19958926029402      4.81900654661178      2.20262530083052      h
   -0.08509965956019     -0.28290453043596     -2.85653236496380      h
    4.45238920229959     -1.23040963417799     -2.85493115902480      h
    5.77752829970844      3.12040447704633     -2.06433341274050      h
  -.35495915504669D-04  0.31482536012817D-04  -.36437846528514D-04
  -.44007227275600D-04  -.19781843132449D-04  0.63512448239322D-04
  -.97949885322635D-05  -.30339450504790D-04  0.13895283618393D-03
  0.51471924097379D-04  -.27929112251357D-04  0.54436421294213D-04
  -.74169015797487D-04  0.17208731412310D-04  0.74469146733591D-05
  -.26747546256090D-04  0.10318371461437D-03  -.86666113225498D-04
  0.33214176979546D-04  -.19233184421319D-04  -.14749937371106D-03
  -.15610475063621D-03  0.79934156729244D-04  0.24535840958073D-04
  0.50059929147750D-04  -.23306126952782D-04  0.44627596503588D-04
  0.14757178956337D-03  -.85583305645009D-04  0.12605732564452D-05
  0.59614565450339D-04  -.38542252844220D-04  -.54791749926064D-04
  0.36651999177684D-04  0.12691677353516D-04  -.41278329244498D-04
  -.56413433329183D-05  0.34277023273022D-04  -.33932577970575D-04
  -.39373120470643D-04  -.22570157301338D-04  0.17155357728171D-04
  0.42905335330135D-05  0.10766245149174D-04  -.13882972696777D-04
  0.29370195013811D-04  -.29891672600701D-04  0.28620458835782D-04
  0.61591570510444D-05  -.29212183574323D-05  -.67614034171548D-05
  0.13148169347055D-04  -.27217146043146D-04  0.38495852290321D-04
  0.14532826604352D-05  -.84494856031903D-05  0.16966839525567D-05
  -.76253149874361D-05  0.24284051063361D-04  -.13101398081972D-04
  0.50667428452833D-05  -.23275563011182D-04  -.11474343514450D-04
  0.35912652430525D-04  0.19092116370523D-04  -.51348114578742D-04
  -.34480130658210D-04  0.34665005182788D-04  0.47333317219067D-04
  -.50721799125242D-05  -.41569536231023D-05  -.19345364017376D-05
  -.35473720064738D-04  -.43878488549254D-05  0.31034216342096D-04
  cycle =     13 MP2 energy =     -695.7707273899 |dE/dxyz| =  0.000276
    1.81508822668488      7.42243383231405      4.05770687186935      o
   -2.31634070690555      3.27988946073830     -1.00243516412486      n
    4.19698334543607      3.25973364953778      1.66756844995785      n
    1.22320203724850      0.90295268007455     -2.10773273250343      n
   -1.89702039202465      6.54111246554434      1.97690393521538      n
   -5.73423684475844      5.91982671468100     -0.11661735262763      n
    0.19575786091265      2.75565900916965     -0.59281845795994      c
    1.67262515616854      3.98005052411329      1.17273625544264      c
   -3.26023242513448      5.15238093445674      0.28840591679760      c
    0.66173286844202      6.07677747438771      2.55473616730708      c
    5.39466694071987      1.88941114295271     -0.42138153947216      c
    3.59634686836804     -0.20957778022670     -1.26478873601307      c
    7.86896481828727      0.80317345881940      0.58986941447124      c
   -2.64336307170855      8.11621009226382      2.78069448796627      h
    3.34175404830690     -1.53698179475072      0.31510993032997      h
   -6.71939250843991      6.34996117261778      1.46920743928736      h
   -6.65903842718116      4.66666317602875     -1.23209305442501      h
    8.79336842340069     -0.36603923974797     -0.85083833193384      h
    9.15732808265470      2.38200844709850      1.04974677157827      h
    7.44123372438570     -0.74973564771657      2.71693997543579      o
    6.25111951535147      0.18452447522848      3.75556886180300      h
    5.20032153038941      4.81945363554790      2.20262080171330      h
   -0.08376150610460     -0.27988436590750     -2.86081734452327      h
    4.45248951727087     -1.23039912196596     -2.85478594326555      h
    5.78023255533887      3.11982961669299     -2.06468023524706      h
  -.42597750177009D-04  -.51641049019224D-05  0.98534514663129D-05
  0.49291052039990D-05  -.12104181836392D-04  0.25317344823250D-04
  -.16450506619137D-05  -.34234938331323D-04  0.88544923640299D-04
  0.99275535692112D-05  -.41681037173724D-04  0.14377099482488D-04
  -.55578281354940D-04  -.78411142752088D-05  0.33515758743441D-04
  -.34807858611430D-04  0.54684279660044D-04  -.41778927831970D-04
  0.25905579052077D-04  0.50066203345356D-05  -.48939799871528D-04
  -.10231373133696D-03  0.77505147231260D-04  0.51820130178015D-05
  0.40885126399992D-04  -.21929186813985D-04  0.32038238313437D-04
  0.11495135473449D-03  -.26873911708858D-04  -.31078206533586D-04
  0.48244705572742D-04  -.16991451697757D-04  -.53970239657808D-04
  0.25416156111291D-04  0.16079836168359D-04  -.98922209232910D-05
  -.41650763371592D-05  0.16988582382860D-04  -.12211448484623D-04
  -.13797258966441D-05  0.14810870427873D-04  -.36281534478100D-04
  0.35370055064821D-05  0.55523113484668D-06  -.12701675480287D-05
  0.55532475702336D-05  -.23085496265063D-04  0.20475553459853D-04
  -.25763203126417D-07  -.98590180170888D-05  0.24664768094596D-05
  0.13159511941030D-04  -.94793860947462D-05  0.17020515223454D-04
  -.81471094670604D-06  -.53642364643558D-05  0.34734803606717D-05
  -.85864948307091D-05  0.60936952017698D-06  -.15746295641605D-04
  -.37996963770937D-05  -.16158024820356D-05  0.18590040697930D-05
  0.25192756291315D-04  0.58262988060775D-05  -.29281033121276D-04
  -.26567725098126D-04  0.25953670649947D-04  0.17929187610122D-05
  -.10660622396408D-04  -.10763048639006D-05  0.26875748209143D-05
  -.24759739026603D-04  -.71978715077137D-06  0.21845293380451D-04
  cycle =     14 MP2 energy =     -695.7707273679 |dE/dxyz| =  0.000159
    1.81549904709560      7.42244447428665      4.05720402760579      o
   -2.31617702623754      3.28027016437902     -1.00299316988262      n
    4.19725194143192      3.26047551882409      1.66662299039772      n
    1.22355985272804      0.90356268583692     -2.10867182054499      n
   -1.89700188453009      6.54068089358339      1.97724384030913      n
   -5.73426558206491      5.91960520717085     -0.11630000928783      n
    0.19575024444529      2.75564503131812     -0.59306061246634      c
    1.67274480248200      3.97995477084403      1.17242805831831      c
   -3.26019884539743      5.15237618891588      0.28830738684815      c
    0.66178901013720      6.07657993919177      2.55466391932603      c
    5.39486692711203      1.88942511091327     -0.42164608675480      c
    3.59611772715320     -0.20944095284180     -1.26455311645817      c
    7.86884915517342      0.80288526502083      0.59010993909229      c
   -2.64391528570517      8.11460416777871      2.78280432274482      h
    3.34064567100820     -1.53601696935585      0.31592211325104      h
   -6.71944957791869      6.34988548614280      1.46944505570470      h
   -6.65914834562486      4.66672824694313     -1.23201108145123      h
    8.79297323866045     -0.36673231480361     -0.85045670479511      h
    9.15752780920141      2.38160201579868      1.04955677799584      h
    7.44077754298781     -0.74936409847774      2.71760309283290      o
    6.25092079390620      0.18557443436120      3.75594547799015      h
    5.20036507173279      4.82015613425969      2.20205349060518      h
   -0.08309855500346     -0.27935472001145     -2.86219560835985      h
    4.45239375713784     -1.23126992706759     -2.85382988574770      h
    5.78105214719783      3.11915725894136     -2.06536601019416      h
  -.23941874488287D-04  0.60191934174725D-05  -.39675698495500D-05
  0.16821814822876D-04  0.47991814788872D-06  0.11119156242856D-04
  -.98642535215632D-05  -.32043502335988D-05  0.31676258741342D-04
  -.30145748783905D-05  -.22333451640932D-04  -.10427579725913D-04
  -.27588551374080D-04  0.26324980932912D-05  0.21365022941922D-04
  -.19709497212972D-04  0.37033751492110D-04  -.16698732442144D-04
  0.90051032258232D-05  -.23966749464366D-04  0.16954371503064D-04
  -.59464915772800D-04  0.33435740653509D-04  0.37010231825896D-05
  0.29384031798863D-04  -.46591944791174D-05  -.12478801870497D-04
  0.81429884848383D-04  -.21150007995185D-04  -.77047769915239D-05
  0.26280558683034D-04  0.81682524716298D-06  -.38955004583174D-04
  0.17496229063108D-04  0.10172033704237D-04  0.49419858507704D-05
  -.85868357482255D-05  0.24432533926588D-05  0.28563308562823D-06
  -.99057394340463D-05  -.53967398283561D-06  -.14008269905386D-04
  0.76633194734388D-06  -.11641459511935D-05  0.29979349371878D-05
  -.38766210419539D-06  -.19518715023370D-04  0.15222115621327D-04
  -.13255015036684D-05  -.58455160374393D-05  -.74844403652463D-06
  0.87580895566930D-05  0.68868452274273D-06  0.39905640965010D-05
  -.46893597316355D-06  -.17519951973632D-05  0.18590585337819D-06
  -.19782926923284D-05  -.12020507522692D-04  -.54371404338838D-05
  -.63465250472738D-05  0.75105268591003D-05  0.46015665868815D-05
  0.16872214616548D-04  -.38476861226044D-05  -.13333507376201D-04
  -.14720328324280D-04  0.15867642961354D-04  -.83483684547581D-05
  -.60543021560555D-05  -.24608457760422D-05  0.31920630156890D-05
  -.13456606694273D-04  0.53627077556406D-05  0.11874353820662D-04
  cycle =     15 MP2 energy =     -695.7707276133 |dE/dxyz| =  0.000083
    1.81521420649270      7.42091168725641      4.05839864449105      o
   -2.31620167226597      3.28045670404737     -1.00342751841128      n
    4.19747485590287      3.26132023851738      1.66560422594311      n
    1.22388031925514      0.90399894429792     -2.10950062541041      n
   -1.89706885629377      6.54012670447206      1.97762518366111      n
   -5.73423576486626      5.91950125982219     -0.11621687921107      n
    0.19587414152856      2.75611827809047     -0.59395744866455      c
    1.67292335981869      3.98010584935736      1.17171711947376      c
   -3.26033310420431      5.15213170017741      0.28843635993621      c
    0.66154211858123      6.07591044058018      2.55502154096333      c
    5.39506800005229      1.88930890869267     -0.42177430220408      c
    3.59599262661643     -0.20932893826800     -1.26453316482502      c
    7.86885814538728      0.80262313824129      0.59032179654308      c
   -2.64416252662358      8.11340013369500      2.78431661195633      h
    3.33985247725170     -1.53545227378499      0.31622285548772      h
   -6.71947584453304      6.35113709052933      1.46908543850813      h
   -6.65945978884652      4.66674045956074     -1.23174396051490      h
    8.79222840225222     -0.36799995308294     -0.84991678362862      h
    9.15810025885146      2.38126256705555      1.04851311852833      h
    7.44087079370316     -0.74827307132759      2.71880096863746      o
    6.25079027473303      0.18720484065425      3.75637919900735      h
    5.20031532602222      4.82108161148124      2.20119968105878      h
   -0.08266211636048     -0.27943149739468     -2.86242830230574      h
    4.45246468185409     -1.23171849631608     -2.85336583017570      h
    5.78197932279994      3.11829768559780     -2.06595154176514      h
  -.59510691627906D-05  -.52457153714158D-05  0.39520526833314D-05
  0.10076551770766D-05  0.43509174023626D-05  0.16114201200068D-04
  -.15974914104433D-04  0.27487513961866D-04  -.20295839139983D-04
  0.42552441488208D-05  -.45748100987453D-05  0.20003115436040D-04
  0.75472301821478D-05  -.11717766469133D-04  0.90699188719512D-05
  -.15198325655774D-05  0.27559774975039D-04  -.35945830045847D-05
  0.48993675233477D-06  0.36529030358334D-05  -.31112093456742D-04
  0.65696569917506D-05  -.17219739668839D-04  0.82479256993118D-05
  0.45197383551354D-05  -.14016414230156D-04  -.41815921250077D-05
  0.18589470480279D-04  0.61091275331826D-05  -.36196981292314D-05
  -.10074075667887D-04  -.13761325467709D-04  0.20654805952702D-04
  0.20535698528334D-05  0.35899808352724D-05  -.71233101817114D-05
  -.99823143067113D-05  -.39535762960119D-05  0.52496689710857D-05
  -.67302624766619D-05  0.39247106382589D-05  -.72529519736797D-05
  0.15904515943133D-05  0.16202668389198D-05  -.13439137740434D-05
  -.29693816561149D-05  -.93363838447047D-05  0.39171247023795D-05
  -.13294047951362D-05  -.39730316370168D-05  0.33285920686410D-08
  0.43246791525675D-06  0.35802393036910D-05  -.30931404291223D-05
  0.27978284387054D-05  0.22330155831085D-05  -.39994407552424D-05
  0.96935907496487D-05  -.96736307071410D-05  0.84978361858390D-05
  -.34489624165523D-05  0.47935748996863D-05  -.51509848093545D-05
  -.11965685970949D-05  -.13903526889791D-05  -.99570120570824D-06
  0.27474750075029D-06  0.23099712729291D-05  -.12953188788245D-05
  0.38198812823964D-06  -.43012104762319D-05  -.31985461381723D-05
  -.10269085635173D-05  0.79519125533167D-05  0.54690994621964D-06
  cycle =     16 MP2 energy =     -695.7707279528 |dE/dxyz| =  0.000053
    1.81529683565508      7.42139953884994      4.05786302476625      o
   -2.31627517623162      3.28033699009684     -1.00332167664631      n
    4.19723123852838      3.26074436682262      1.66615038120788      n
    1.22378219590757      0.90383596992362     -2.10921444849239      n
   -1.89703688997353      6.54045692528034      1.97723769209913      n
   -5.73426570905864      5.91947718732581     -0.11644404539415      n
    0.19573032141113      2.75583625448329     -0.59356551707704      c
    1.67279404559348      3.97990649877188      1.17204125619799      c
   -3.26035494065860      5.15224045467671      0.28826203246319      c
    0.66149712923126      6.07611194694942      2.55482804286582      c
    5.39494640581451      1.88938842209246     -0.42160733475294      c
    3.59605173565392     -0.20935529333940     -1.26451961336893      c
    7.86896022161762      0.80285098768179      0.59010632966812      c
   -2.64406580268539      8.11379964647374      2.78384301382615      h
    3.34014100355210     -1.53571964953308      0.31607137457542      h
   -6.71937914292556      6.35192688087651      1.46870492266965      h
   -6.65964532115745      4.66640381943520     -1.23147795714185      h
    8.79244675137581     -0.36726975438620     -0.85046331979969      h
    9.15796020883660      2.38157433816955      1.04867222871409      h
    7.44129986140990     -0.74867123485109      2.71818848005644      o
    6.25122584963237      0.18636207256592      3.75616059855964      h
    5.20008599716256      4.82026327424508      2.20242822302224      h
   -0.08272309443806     -0.27973891104299     -2.86196733697099      h
    4.45256326355513     -1.23141982685558     -2.85353304510790      h
    5.78156264930050      3.11869310724000     -2.06561691886057      h
  0.22152864076475D-06  -.41968149133709D-06  -.50702146943138D-05
  -.37197817519541D-05  0.20128565267896D-05  0.65187653603971D-05
  -.10622768031432D-04  0.97666176879230D-05  -.15235422371696D-04
  0.63925459579117D-05  0.77996152549886D-05  0.14835498516774D-04
  0.79788212490328D-05  -.40051707177469D-05  0.66924855524064D-05
  -.34596236968554D-05  0.18223018683372D-04  -.17097856561676D-05
  -.31999234214597D-05  -.14260655388565D-04  -.11030982733806D-04
  0.15863419245754D-04  -.91356980234103D-05  0.42915039495384D-05
  0.71300782122918D-05  -.31355578222758D-05  -.89570110368697D-05
  -.34466099361197D-05  0.48895832254203D-05  0.27414867180831D-05
  -.63130884306872D-05  -.17183909499507D-05  0.70760710728646D-05
  -.43948395855864D-05  0.22134119292971D-05  -.56076346375278D-05
  -.29757796609076D-05  -.28678234336721D-05  0.65058933500506D-05
  -.54268679234859D-05  0.13029020387023D-05  -.56658073841476D-05
  -.66086091821127D-06  -.25446267493123D-06  -.20537156908418D-06
  -.30616272184147D-05  -.60934985219863D-05  0.27575696570636D-05
  -.15147113745506D-05  -.41186402857107D-05  0.15278596787738D-05
  -.16906444999520D-06  0.30209340722287D-05  -.28279091224270D-05
  0.12866976568660D-05  0.15169705616103D-05  -.20299136181956D-05
  0.54205798036833D-05  -.66665889431050D-05  0.23016708352586D-05
  -.93721448246598D-06  0.40118860940019D-05  -.38209417119184D-05
  -.15564830402326D-06  -.74497997282208D-05  0.61854944299888D-05
  0.31424008044567D-05  0.28250994779100D-05  0.31004399132506D-05
  0.19226490048929D-05  -.10144099849008D-05  -.23010587657524D-06
  0.69957962112177D-06  0.35574279690920D-05  -.21438652852979D-05
$end
