$hessapprox internal
  0.983699145506D+00  0.864226894815D-03  0.435171003151D+00  0.989857761097D-03
 -0.658607010675D-02  0.212241661267D+00  0.446408910599D-02  0.361349723378D-03
 -0.154213553732D-03  0.512805904154D+00 -0.291009706800D-02  0.443433926514D-02
  0.251267464558D-02 -0.113065987560D-02  0.360309371049D+00  0.191056879657D-02
 -0.764652958453D-02  0.248404610561D-01 -0.247937937627D-03  0.575809838484D-02
  0.766404902188D-01  0.287696730313D-02  0.232396274389D-03  0.945486719562D-03
 -0.156416858730D-02 -0.113735634216D-02 -0.151344590044D-03  0.423114337419D+00
  0.224800463429D-02  0.827178379186D-03 -0.312302280175D-03 -0.149036997237D-02
 -0.477048291162D-03  0.322589397121D-03 -0.101884507666D-02  0.419947678850D+00
 -0.111688014964D-02 -0.509421592829D-03 -0.147907668630D-03  0.111782809268D-02
  0.146447626434D-02 -0.388345718604D-03  0.404309469424D-03 -0.723379358474D-04
  0.340833251910D+00  0.134993882318D-02 -0.399322267926D-02 -0.141207082620D-03
 -0.856062041378D-03 -0.167816444493D-03 -0.219048634194D-02 -0.104981708295D-03
 -0.122070152907D-03 -0.320100885817D-03  0.340441858292D+00  0.380039145391D-02
  0.190849290576D-02  0.282298766049D-03 -0.238925248447D-02 -0.116993345006D-02
  0.574376789187D-03 -0.150529457372D-02 -0.681638161967D-03  0.235764228024D-03
 -0.597127107127D-04  0.317271228574D+00  0.178913935416D-02 -0.500153861736D-02
 -0.104224081105D-02 -0.549739462261D-03  0.198951411517D-02 -0.103050637801D-02
  0.689754836888D-04 -0.508848038477D-03  0.309198655481D-03 -0.177848834280D-02
  0.888397203456D-05  0.338177837288D+00 -0.264675190000D-02  0.393085024078D-02
  0.360170065464D-02  0.337973239738D-05 -0.445379916789D-02  0.431416778456D-02
 -0.387420506773D-03 -0.133881056991D-04  0.665024890301D-03  0.257461127016D-03
 -0.236269005543D-03  0.258487528758D-02  0.162202357956D-01  0.215754030583D-02
 -0.826917401327D-03 -0.166877032502D-03 -0.518565322757D-03  0.164392847501D-02
 -0.639114742287D-03 -0.262409447038D-03 -0.280580298114D-03  0.222885571606D-04
 -0.111995065429D-03 -0.488254020890D-03 -0.350890386762D-03  0.103622674810D-02
  0.516521963753D+00  0.217154113988D-02 -0.160028853776D-02 -0.673595618743D-03
 -0.341038894713D-03  0.267973318648D-02 -0.679584182958D-03 -0.125165996992D-03
 -0.748993969081D-04 -0.256427501447D-03 -0.343528375214D-04 -0.178265781702D-03
 -0.670891606139D-03  0.157798098775D-02 -0.598976878192D-03  0.516133574185D+00
  0.174153360520D-02 -0.385009328660D-03 -0.135187112020D-02 -0.441323018821D-03
  0.778255401871D-03 -0.258213444501D-02 -0.484712114427D-03 -0.449994847589D-05
 -0.413696967641D-04  0.174254351324D-03 -0.476136021546D-03  0.790113486464D-04
  0.432721113742D-03 -0.659852102956D-03 -0.951686488873D-03  0.342185236164D+00
 -0.160670689893D-02  0.495371963928D-02  0.313548800797D-02 -0.102300137828D-02
 -0.478456949150D-02  0.594482413340D-02 -0.610155375523D-03 -0.798684280913D-03
  0.889607744987D-03 -0.309623425140D-04 -0.103145973521D-02  0.102406741460D-02
 -0.276467600701D-02  0.117841201292D-02  0.209089025995D-02  0.769233854079D-03
  0.366519277045D+00 -0.103226002043D-01  0.107951801422D-01  0.300518424717D-03
 -0.131511514391D-02 -0.192196431142D-01  0.815437367843D-02 -0.123142508494D-02
 -0.112006982420D-02  0.292503740275D-02 -0.399872271230D-03 -0.134552615418D-02
  0.315626046911D-02 -0.109413456170D-01  0.443723862813D-02  0.665598997554D-02
  0.448465567496D-02 -0.139442748040D-01  0.307976690906D+00  0.717240992303D-03
  0.261463649977D-03 -0.158652412511D-03 -0.522537857542D-03 -0.379066737789D-03
  0.149389444113D-03 -0.414626364248D-03 -0.289305276739D-03  0.353018266978D-03
 -0.266560147312D-03 -0.504425130900D-03 -0.247425968377D-04 -0.156082861115D-03
 -0.481247308003D-04  0.497380382477D-04 -0.184721737349D-04 -0.382346403471D-03
 -0.834539884683D-03  0.422549551895D+00  0.154504122572D-02  0.472027350070D-03
  0.108548540536D-05 -0.101809674067D-02 -0.755213828240D-03  0.139944221165D-03
 -0.615667405069D-03 -0.620123227297D-03  0.325986948720D-03 -0.351536032287D-03
 -0.887513901151D-03  0.795079308459D-04 -0.151071741163D-03 -0.151004702366D-03
 -0.192001793676D-04 -0.162802944763D-03 -0.529554734925D-03 -0.115217204875D-02
 -0.251514106403D-03  0.410029343519D+00  0.334551509963D-02 -0.208512323411D-02
 -0.118560263557D-02 -0.239416492907D-03  0.480467038498D-02 -0.235272439936D-02
 -0.461663198718D-03  0.470517799170D-03 -0.108619476747D-02  0.704480950100D-03
  0.755246188659D-04 -0.119500094279D-03  0.269072886728D-02 -0.164086831125D-02
 -0.217203328944D-02 -0.211110876118D-02  0.463781535611D-02  0.157794743968D-01
  0.279117506853D-03  0.200326057180D-03  0.338599350013D+00  0.236495246812D-02
 -0.357487442516D-02 -0.284939426328D-02 -0.190334472441D-02  0.917950470703D-04
 -0.862596471193D-03 -0.135497650006D-02  0.220216126591D-03  0.989590878079D-04
 -0.168345160375D-02 -0.330362322349D-03 -0.176003946034D-02  0.114105024644D-02
 -0.377775400329D-03 -0.164664670077D-03  0.214628310581D-03 -0.222364802347D-03
 -0.579777816832D-03 -0.283763215598D-03 -0.578708395777D-03  0.138347419379D-02
  0.344919293293D+00  0.138979582512D-02  0.387359017503D-02  0.105736360079D-02
 -0.811772216038D-03 -0.877336136178D-03  0.117762051245D-02 -0.851245204449D-03
 -0.254383246280D-03  0.509944889865D-03  0.773584835087D-03 -0.120383248658D-02
  0.124287859220D-02 -0.944095078663D-03 -0.171347053652D-03 -0.973138271225D-05
 -0.550450900489D-03 -0.680718890831D-03 -0.641449922344D-03 -0.121575472795D-03
 -0.515719144361D-03 -0.970848034165D-03  0.850551465760D-03  0.317225171950D+00
  0.407611965488D-03 -0.284421048542D-02  0.614974448607D-04  0.143066316565D-02
  0.397275167594D-02 -0.237602086294D-02  0.851467558635D-03  0.100871648829D-02
 -0.114906122016D-02  0.846745693833D-03  0.122402248703D-02  0.140587795455D-03
  0.166987831454D-02 -0.752260479793D-03 -0.136168043190D-02 -0.117448961034D-02
  0.363895785389D-02  0.114418465074D-01  0.400643535146D-03  0.576253195005D-03
 -0.440984576986D-02  0.102123832913D-02  0.109149866099D-03  0.339460410499D+00
  0.610106938409D-03 -0.548850068469D-02  0.794115612287D-04 -0.142228361900D-03
 -0.838388120657D-03 -0.850730586021D-03  0.379017551634D-03  0.151708538046D-02
 -0.170843972177D-02 -0.173723147807D-02  0.194790056511D-02  0.170667957842D-02
  0.718510263323D-03  0.398573833409D-03  0.256434905960D-03  0.413478226100D-03
 -0.749406959070D-03 -0.338509428407D-02 -0.415822984602D-03  0.494427958599D-03
  0.211473049646D-02  0.851356840134D-03  0.464146694834D-03  0.107499985556D-02
  0.280753733431D-01 -0.878289021052D-03 -0.192398977530D-02 -0.205704017907D-02
  0.187035197899D-03  0.468253215318D-03 -0.880449785277D-03  0.709851811861D-05
  0.209028269575D-03  0.630813753917D-04 -0.742538277956D-03  0.487970510901D-03
 -0.896626458117D-03  0.369969788116D-03  0.732792066538D-04  0.135462073089D-03
  0.462090663430D-03  0.108835285947D-03 -0.396484664249D-04  0.666061507480D-04
  0.924302851592D-04  0.120857992291D-02 -0.165404531941D-03  0.898467759998D-03
  0.782827285066D-04 -0.217618094455D-02  0.596188017039D+00  0.101748998249D-02
  0.349175515720D-02  0.147874288332D-02 -0.100876173441D-03  0.630527974036D-03
  0.456472825019D-03 -0.479143792649D-03  0.780488706219D-03 -0.421339123796D-03
  0.186975462791D-02 -0.224526448270D-03  0.209593141038D-02 -0.172379182483D-03
 -0.468099071764D-03 -0.554536757553D-03 -0.134883131260D-02  0.121677836732D-02
  0.458206641650D-02  0.175973193812D-03 -0.643957533856D-04 -0.373402587926D-02
  0.261455399586D-02 -0.167277296093D-02 -0.210503758682D-02  0.392167261211D-02
  0.153454486695D-02  0.368610440731D+00  0.569738235024D-02 -0.475633272752D-03
  0.241792637877D-03 -0.291022794847D-02  0.219970796929D-03 -0.741187382934D-03
 -0.197539598325D-02 -0.118166629630D-02  0.438811856555D-03 -0.364998692668D-03
 -0.230687065096D-02 -0.152119631130D-03  0.813451379383D-03 -0.116874201725D-02
 -0.105864588163D-02 -0.157136061040D-02  0.979049656884D-03  0.445383019059D-02
 -0.472844367457D-03 -0.908161973885D-03 -0.269033931676D-02 -0.866949523025D-03
 -0.162395340437D-02 -0.649851344297D-03  0.157212418538D-02  0.981758652689D-03
 -0.198481284671D-02  0.500289347665D+00 -0.478005821120D-02  0.670198623646D-02
  0.256012375322D-02 -0.113332467950D-03 -0.859671283670D-02  0.622165834711D-02
  0.242409677637D-03 -0.115827117038D-02  0.179962971965D-02 -0.472014814740D-03
 -0.773566922089D-03  0.241684293390D-02 -0.447374736272D-02  0.239844830273D-02
  0.325444528705D-02  0.252372934979D-02 -0.727157172090D-02 -0.250499354485D-01
 -0.400752190543D-03 -0.337366440684D-03  0.798913261207D-02 -0.102049741135D-02
 -0.934722051793D-04  0.643008843500D-02  0.124111885911D-02 -0.817208247273D-03
  0.289537737130D-02  0.289487547734D-02  0.343846085953D+00 -0.144310810241D-01
  0.157202682365D-01 -0.307501724830D-02  0.370315368888D-02 -0.771664876464D-02
  0.770537953052D-02  0.227715161787D-02 -0.495624337932D-03  0.236742171640D-02
  0.497784454170D-04  0.165839100503D-02  0.113702742850D-03 -0.605056541763D-02
  0.399539284874D-02  0.545142251909D-02  0.694547660011D-02 -0.113602900228D-01
 -0.329973856806D-01  0.335433456026D-03  0.493023394232D-03  0.181625580397D-01
  0.987666393747D-03  0.288412990361D-02  0.986036801688D-02 -0.121101171245D-01
 -0.130515216885D-02  0.883532433831D-02  0.123555522856D-01 -0.236555599261D-01
  0.300327626357D+00  0.459641232633D-02  0.398812538695D-03 -0.949304760563D-03
 -0.242990237887D-02  0.157540326503D-02  0.316143680142D-03 -0.114200562810D-02
 -0.848309318104D-03  0.396666382593D-03 -0.363083783200D-03 -0.181278570499D-02
 -0.222973906775D-02  0.183313668369D-02 -0.862706043015D-03 -0.839117243754D-03
 -0.277905741391D-03  0.351561219548D-04  0.297496550988D-02 -0.243438590737D-03
 -0.864969186621D-03 -0.440504514911D-03 -0.130632331266D-02 -0.179772084458D-04
  0.128727413151D-02 -0.138577474887D-02  0.471494188404D-03  0.823793104389D-03
 -0.217208710645D-02  0.115694089896D-03  0.201915300274D-02  0.517403379210D+00
 -0.404517558487D-02  0.102291186063D-01  0.300708604792D-02 -0.252895461334D-03
 -0.712002860064D-02  0.637126902563D-02  0.260377738907D-03 -0.574939823604D-03
  0.950411611252D-03  0.108771880305D-02 -0.710942136053D-03  0.161790898401D-02
 -0.441527783936D-02  0.205682984721D-02  0.305259829385D-02  0.254529943674D-02
 -0.716414321520D-02 -0.220511477139D-01 -0.392250276844D-03 -0.526025363030D-03
  0.789159554172D-02  0.273437910123D-03 -0.445431687851D-03  0.643068140011D-02
 -0.921548932429D-04 -0.293658786568D-03  0.284498379818D-02  0.317596905009D-02
 -0.124094062400D-01 -0.263356511143D-01 -0.305692932816D-04  0.350907897813D+00
  0.243218117680D-02  0.114203831600D-01 -0.166572400149D-03  0.252120631375D-03
  0.411688867769D-02  0.196878166781D-02 -0.116286180194D-03 -0.156892758280D-02
  0.102561683765D-02  0.813144205715D-03 -0.145102970323D-02 -0.227454433067D-02
  0.298633156826D-02 -0.879858430476D-03 -0.114013181474D-02  0.764626219625D-03
 -0.544833707635D-03  0.740996481442D-02  0.313940843042D-03  0.593802946149D-04
  0.138959526564D-03  0.301292355427D-03 -0.715237388199D-03  0.706298077177D-03
  0.252606604061D-02  0.615579433052D-03 -0.208984588071D-02  0.684652476367D-03
 -0.154747057357D-02 -0.764833709812D-02 -0.690829454442D-02 -0.639727781358D-02
  0.415383895488D-01  0.201159196366D-02  0.511740460783D-02  0.153234951395D-02
 -0.159669170266D-02 -0.276602912926D-02  0.126310011343D-02 -0.104557472555D-02
 -0.571427304458D-03  0.848197178779D-04  0.109156760371D-02 -0.166820752901D-02
  0.140859816648D-02 -0.220893142874D-02 -0.455250026235D-04  0.395898820114D-03
 -0.406792922319D-03 -0.187365375863D-02 -0.441919083535D-02 -0.516365928617D-03
 -0.740617949982D-03  0.116918763154D-03  0.452551838174D-03 -0.201741237628D-02
  0.114158213255D-02  0.608137536066D-03  0.783785894474D-03 -0.150211316309D-02
 -0.178617646230D-02 -0.203652239872D-02 -0.624626207174D-03  0.292069253274D-03
 -0.190717518367D-02 -0.152116031581D-02  0.409832106190D+00 -0.320294605899D-02
  0.897728641954D-02  0.189046250902D-02 -0.483533614515D-03 -0.625382008039D-02
  0.557648335998D-02 -0.776684115615D-03 -0.538140427156D-03  0.179261794665D-02
  0.884992536050D-04 -0.106236919421D-02  0.233012150324D-02 -0.367308321886D-02
  0.159069663839D-02  0.243033665682D-02  0.179514993784D-02 -0.592991213465D-02
 -0.180610244474D-01 -0.237819048961D-03 -0.553977882250D-03  0.596428563286D-02
  0.105376767014D-02 -0.747763269994D-03  0.463710620512D-02  0.110312807702D-02
  0.375195943805D-03  0.152298379304D-02  0.180343738003D-02 -0.965311006483D-02
 -0.168436213616D-01 -0.102260964223D-03 -0.107243277544D-01 -0.769059446331D-03
 -0.321126449675D-02  0.331626049699D+00  0.453557589604D-02 -0.353693916657D-02
 -0.248658999797D-02 -0.129630748959D-02  0.432498991549D-02 -0.299265190221D-02
 -0.948439249638D-03 -0.272253751850D-03 -0.738508525948D-03 -0.471640399958D-03
 -0.597222093810D-03 -0.144621336159D-02  0.282875848517D-02 -0.171466481257D-02
 -0.206381239220D-02 -0.160686216107D-02  0.378629723499D-02  0.137176126196D-01
 -0.420020014208D-04 -0.128646894784D-03 -0.389863664521D-02 -0.162557109636D-03
 -0.536250776189D-03 -0.304583275208D-02 -0.333481032176D-03  0.698199705621D-03
 -0.178250675087D-02 -0.257195306897D-02  0.630058613105D-02  0.148387960209D-01
 -0.148172764988D-02  0.637439673390D-02  0.332355407005D-03  0.398058849826D-03
  0.495298927526D-02  0.331389806897D+00  0.320473828639D-02 -0.215916257907D-02
  0.242546109268D-02  0.162645182004D-02  0.103268674621D-01 -0.162763708781D-02
  0.105247485808D-02  0.140194853975D-02 -0.296078872256D-02  0.184023612822D-02
  0.173585063939D-02 -0.707478529131D-04  0.491262934491D-02 -0.235478018063D-02
 -0.330477964145D-02 -0.286358451465D-02  0.825838291011D-02  0.280459865234D-01
  0.580691749714D-03  0.116363698965D-02 -0.844958624745D-02  0.302461061783D-02
 -0.952263391519D-03 -0.765664259474D-02  0.239876425052D-02  0.943155315130D-03
 -0.445380480961D-02 -0.997307190500D-03  0.130531294130D-01  0.172086795666D-01
  0.606203490536D-03  0.114021143130D-01 -0.487839653997D-02  0.182320184931D-02
  0.854905149466D-02 -0.556617724261D-02  0.557823029017D+00  0.531176990551D-02
 -0.127373503178D-02 -0.292135791096D-02 -0.666162443944D-03  0.527227120678D-02
 -0.646642128180D-02  0.149780346394D-03 -0.779179649546D-03 -0.997941348222D-03
  0.223340202693D-03 -0.681305741846D-03 -0.180940644746D-02  0.335323982726D-02
 -0.191928984699D-02 -0.279017544326D-02 -0.576590419042D-03  0.270434775636D-02
  0.156648187427D-01 -0.126628252133D-03  0.106490579272D-03 -0.384988648213D-02
 -0.102793065638D-02 -0.483177403392D-03 -0.232105780697D-02  0.588066540296D-03
 -0.123220609819D-03 -0.114799339752D-02 -0.163472737256D-02  0.660868111763D-02
  0.627061169320D-02 -0.328815725575D-02  0.461057800043D-02 -0.520662988536D-02
  0.121603945699D-02  0.353804995597D-02 -0.375211799733D-02 -0.769949896209D-02
  0.425998213893D+00 -0.182429429906D-03  0.767658251418D-03  0.274175281044D-02
  0.109445012973D-02 -0.360258903393D-02 -0.129375585521D-01  0.736397802787D-03
 -0.463101726079D-03  0.500988525716D-04 -0.101803582533D-03 -0.299089180215D-03
  0.157651521985D-03 -0.663777634894D-03 -0.159854123484D-02 -0.435614659324D-02
  0.422539374944D-02 -0.514331779630D-02  0.106669931561D-02 -0.240835286421D-03
  0.216374981548D-03 -0.115626263468D-03 -0.176315228208D-02 -0.273462842774D-03
  0.624685884775D-03  0.124545402733D-02 -0.114936321696D-02 -0.110070222442D-02
 -0.245230888135D-03  0.134181765862D-02 -0.238244597636D-02 -0.137138440869D-02
 -0.927480271246D-03  0.158341601457D-02  0.637020632555D-03 -0.802130868548D-03
  0.106638031507D-03 -0.267172984441D-02  0.885249645209D-02  0.135051939030D+00
  0.151911757264D-02 -0.665191508706D-02 -0.159383676490D-02 -0.800951496844D-03
 -0.264979066571D-03 -0.889116180263D-03 -0.722757696050D-03  0.320087493778D-02
 -0.216319960647D-02 -0.291762950582D-02  0.289884251792D-02  0.303720365642D-02
  0.144006385137D-02  0.219762649698D-03  0.179488543686D-03  0.562441604358D-03
 -0.108205000097D-02 -0.291474385215D-02 -0.497589219364D-03  0.405844815656D-03
  0.331091386394D-02  0.371882184402D-02  0.632084091775D-03  0.925991482295D-03
  0.196225798825D-01 -0.218394645558D-02  0.641569102303D-02  0.207051467996D-02
  0.164851728934D-02 -0.157393321537D-01 -0.147483941883D-02 -0.299546681226D-03
  0.323256331941D-02 -0.378699391100D-03  0.307400178651D-02 -0.536426923331D-03
  0.227537389056D-02 -0.133028827630D-02 -0.408287667685D-03  0.405445783479D-01
 -0.400502588123D-02  0.129685429009D-02  0.117420839023D-02  0.273681846309D-02
  0.135347950959D-02 -0.776664445555D-03  0.171583869397D-02  0.126497496683D-02
 -0.130727359294D-02  0.194277045492D-02  0.199898862905D-02  0.145682224523D-02
 -0.509944213455D-03  0.276468496875D-03  0.177696647692D-04 -0.232328521780D-03
  0.170117927135D-02  0.408670391823D-02  0.510511725355D-03  0.112040247970D-02
 -0.183445422226D-02  0.233794257199D-02 -0.273289942977D-03 -0.274075566400D-02
 -0.502004760231D-03  0.380261411690D-03 -0.198101961558D-02  0.214917724797D-02
  0.183560104136D-02  0.246067152714D-03  0.319863768811D-02  0.175299042487D-02
 -0.920891060886D-03  0.109488984455D-02  0.574761844982D-03  0.400471822376D-03
 -0.422393450276D-02  0.822614204768D-03 -0.187355033992D-03 -0.150479228603D-02
  0.508454175042D+00 -0.119860142190D-02  0.104211054108D-01  0.274642568527D-02
 -0.121933767523D-03 -0.341970145748D-02  0.183575909085D-02  0.630221560479D-03
 -0.171678635816D-02 -0.183330665889D-02  0.425102691557D-02 -0.118068441392D-02
  0.225347685922D-02 -0.370064353369D-02 -0.106591652329D-03  0.530294557944D-03
 -0.121476443807D-02 -0.346343253927D-03 -0.161521095692D-02 -0.337170838398D-03
  0.458865036844D-03 -0.696513512353D-03  0.121141463215D-02 -0.456997296162D-02
 -0.114758353081D-02 -0.258745921137D-02  0.218615517815D-02 -0.700946394009D-02
  0.221064963953D-04 -0.240786565201D-02  0.205099132180D-02  0.132286459953D-02
 -0.271991613648D-02 -0.317580156596D-02 -0.188092630676D-02 -0.675943394663D-02
  0.356826128377D-02  0.182547766686D-02  0.481191127025D-02  0.107956254075D-02
 -0.925738021373D-02  0.234079602639D-03  0.390444878752D+00 -0.298618176979D-02
  0.327703002489D-03 -0.214375528113D-02  0.653066105853D-03 -0.369823207195D-03
  0.232224722085D-03  0.109027780071D-02  0.133995453169D-03 -0.268349850148D-02
  0.125690303209D-02  0.186587263869D-02 -0.967686791238D-03  0.198277107014D-04
 -0.791588406199D-04  0.222805448620D-03  0.119542131072D-03  0.127392543987D-02
  0.985012241462D-03  0.783146237716D-04  0.111148315944D-02  0.199956950493D-02
  0.922143787523D-03 -0.701110947624D-03 -0.105472399512D-02  0.100147440598D-02
  0.518142762355D-03 -0.155839368280D-02  0.277950967247D-02 -0.213190162098D-02
 -0.158694241441D-02  0.303397183192D-03 -0.115626885121D-02 -0.104447715862D-02
  0.203412936986D-02 -0.226914868136D-02  0.416272258395D-02  0.403351036767D-02
  0.326422595931D-02 -0.495935795900D-03  0.694032462423D-03  0.214223056768D-03
  0.134312017844D-01  0.376993309923D+00  0.109299527761D-02 -0.259023883474D-02
  0.111687853679D-02 -0.201041266632D-02 -0.441187986787D-02  0.135075617694D-02
 -0.303494198608D-03  0.181663243497D-03 -0.116493275510D-02 -0.919689826484D-03
  0.451573388608D-03 -0.367954952105D-03 -0.823813637855D-03  0.747504830054D-03
  0.131326098447D-02  0.113817551311D-02 -0.319002298763D-02 -0.122569569171D-01
 -0.809981480110D-03 -0.438830121807D-03  0.486332633100D-02 -0.143282178273D-02
  0.449295139475D-03  0.419170848485D-02  0.878376223922D-02 -0.169370191784D-02
  0.408192735199D-02  0.648997294799D-03 -0.529766602248D-02 -0.137461538095D-01
 -0.148101019184D-02 -0.395118909208D-02 -0.138897129768D-02  0.591167757775D-03
 -0.393956339133D-02  0.240334904739D-02  0.100664448534D-01  0.352621164611D-02
  0.218674752988D-03  0.131970363614D-01  0.327062266812D-02  0.308255476633D-02
  0.270661214708D-02  0.365695863883D+00  0.106169972766D-02  0.124340047171D-01
  0.283631148741D-02 -0.193703005836D-02 -0.502521145256D-02  0.523040087119D-02
 -0.443059334853D-03 -0.684376590462D-02  0.140717061481D-02  0.166187292926D-02
 -0.478378474340D-02  0.396476324964D-02 -0.290992493112D-02 -0.426544175766D-03
  0.430468979067D-03 -0.178610384589D-02 -0.106318677551D-02 -0.374608007625D-02
 -0.643899260828D-03  0.215308488320D-03  0.103070956759D-02 -0.291245927681D-02
 -0.626706902198D-02 -0.560306456217D-04 -0.478667709493D-02  0.260616656163D-02
 -0.946087517293D-02 -0.127171191241D-02 -0.158060635175D-02  0.693949459009D-02
 -0.312402584742D-02 -0.638304636752D-02 -0.407701007343D-03 -0.564217977113D-02
 -0.802486617635D-02  0.498690618910D-02  0.511035667132D-02  0.550948492028D-02
  0.277435413902D-02 -0.150810084624D-01  0.248370872394D-02  0.175893512076D-01
  0.200170378911D-01 -0.260965625128D-02  0.408907066827D+00 -0.425381094739D-03
  0.115376507422D-01  0.391307103717D-02  0.111711861085D-02  0.878459099182D-02
  0.442686492032D-02  0.239068184220D-02 -0.470081470091D-03 -0.243475798577D-02
  0.329848663257D-02  0.102216317786D-02 -0.197694417723D-02  0.511599686516D-02
 -0.119621087200D-02 -0.142630958070D-02  0.147878809898D-02  0.115492641728D-02
  0.139188211028D-01  0.498980000607D-03  0.108501097277D-02  0.311360308844D-02
  0.267281539741D-02 -0.766372005990D-04  0.482852875641D-03 -0.272290450638D-02
  0.729173338118D-03  0.220859542481D-02  0.619496313534D-02 -0.160183942186D-02
 -0.244201896459D-01 -0.592622703840D-02 -0.773068960832D-02 -0.299338910746D-01
  0.267162536197D-02 -0.438461140088D-02  0.298720947323D-02 -0.422533790784D-02
 -0.864938161761D-02 -0.348224048453D-02 -0.477812175096D-02  0.508097072895D-03
  0.889758108559D-02  0.777258378291D-02  0.501635288429D-02  0.132290910146D-01
  0.566964439998D+00 -0.260021084797D-02  0.342942942329D-02  0.899760627165D-03
  0.223443660384D-02  0.497028876997D-02  0.237975542358D-03  0.232075389523D-02
  0.116120749589D-02 -0.259078637578D-02  0.265374308904D-02  0.232366995406D-02
 -0.877734848991D-03  0.217286216332D-02 -0.393981196146D-03 -0.714245528244D-03
  0.419336446075D-03  0.223547117481D-02  0.949418990338D-02  0.553827862662D-03
  0.124977872198D-02 -0.227196973164D-03  0.241641506527D-02  0.297261946174D-03
 -0.174151889580D-02 -0.824204460621D-03  0.285843696791D-03  0.615914851737D-05
  0.386732987721D-02  0.928902199258D-03 -0.874399040185D-02 -0.321909268740D-03
 -0.607000021740D-03 -0.128819495390D-01  0.305230374050D-02 -0.782613638786D-03
  0.118600971875D-02 -0.423593164869D-02 -0.294934585989D-02 -0.211185915690D-02
 -0.198248471317D-02 -0.160879449609D-02  0.549561690844D-02  0.354803105544D-02
  0.490990300522D-02  0.658574200426D-02 -0.127795672236D-01  0.434367662243D+00
 -0.996786303636D-02 -0.160520844750D-02 -0.585705727146D-03  0.493595897133D-02
 -0.313116501829D-04  0.579232593547D-03  0.301417412198D-02  0.250746297013D-02
 -0.109988700767D-02  0.104960731740D-02  0.419864458901D-02 -0.274919720328D-03
 -0.111581280451D-02  0.165722730857D-02  0.140412738094D-02  0.149341668533D-02
  0.572444903225D-03 -0.379593133225D-02  0.107851746269D-02  0.179453463127D-02
  0.161794983111D-02  0.213347466470D-02  0.237553932581D-02 -0.128514679964D-02
 -0.344917245014D-02 -0.513250359557D-03  0.738379804116D-03  0.561235375880D-02
 -0.284832273374D-02 -0.788379925316D-02  0.448455064375D-02 -0.131835047751D-02
  0.285027677250D-02  0.372887648697D-02 -0.498396742566D-03  0.347781356487D-02
  0.488698971858D-03  0.346539533935D-02 -0.154859666928D-02 -0.369045815459D-02
 -0.395650905586D-02  0.142277101687D-02 -0.373993423463D-02 -0.985601834741D-03
  0.373059958660D-02 -0.128461359855D-02 -0.368790985158D-02  0.349390814875D+00
 -0.178945637831D-02 -0.435818791461D-02 -0.130196366146D-02  0.390224648464D-02
  0.953308501280D-02 -0.373138297374D-02  0.144477886200D-02  0.328222561387D-02
 -0.275454309451D-02  0.132979311585D-02  0.397756785119D-02  0.863271800380D-03
  0.415991946491D-02 -0.164698264708D-02 -0.282696367995D-02 -0.207778314984D-02
  0.824718095949D-02  0.260882646595D-01  0.119953733658D-02  0.183683007373D-02
 -0.801552242833D-02  0.516635937923D-02  0.397425986957D-03 -0.891059358526D-02
  0.382927132302D-02  0.951597748926D-03 -0.414920256202D-02  0.811742622741D-03
  0.125225028394D-01  0.193478115332D-01  0.354785536093D-02  0.120194230642D-01
  0.326113818783D-02  0.211840612214D-02  0.110688524389D-01 -0.440441278678D-02
 -0.166146442371D-01 -0.555662045856D-02 -0.558611021694D-03  0.742696369546D-02
 -0.773750456593D-02 -0.421294560561D-02 -0.537646885848D-03  0.970148688589D-02
  0.378586231800D-03  0.756827376969D-04 -0.555600653406D-02 -0.481113690927D-02
  0.404628599053D+00 -0.608046980701D-03 -0.911309076885D-03 -0.452744129965D-02
  0.137892950850D-02  0.724370881959D-02 -0.262920705915D-02 -0.112798223987D-02
  0.191473125675D-02 -0.241958078644D-02  0.132319696163D-02  0.192137221485D-02
  0.218756033846D-02  0.295100353435D-02 -0.260483812759D-02 -0.313925607088D-02
 -0.347762126805D-02  0.868088091909D-02  0.270009786988D-01  0.946517577249D-03
  0.135357853701D-02 -0.805308013831D-02  0.669151248446D-02 -0.259470744535D-02
 -0.104484436052D-01  0.314484221541D-03  0.389331492085D-02 -0.835718587045D-02
 -0.146907295689D-02  0.117818545060D-01  0.350132964742D-01  0.391019671595D-02
  0.120853689612D-01  0.693906135140D-02 -0.116504888024D-02  0.103982820646D-01
 -0.213878781851D-02 -0.138726750546D-01 -0.380019929674D-02 -0.701747720410D-03
  0.361947760366D-02 -0.662588203440D-02  0.671908212624D-03  0.105749714710D-01
  0.849448049819D-02  0.127835274404D-01  0.175462270979D-01  0.226699936797D-02
 -0.873794489911D-03 -0.148505433724D-01  0.501278452977D+00  0.316374614146D-02
  0.671998033331D-02  0.303846790681D-02 -0.169471438549D-02 -0.673625470687D-04
  0.120864333041D-02 -0.973536134303D-04 -0.169082667353D-02  0.853647223425D-03
  0.102715075011D-02 -0.210712885329D-02 -0.118445463132D-02  0.914505483082D-03
 -0.921166103536D-04  0.176281259983D-04  0.834209097875D-03 -0.270970235467D-02
 -0.277693470282D-02 -0.303879003647D-03 -0.552587784315D-03  0.153783118510D-02
 -0.136987232625D-02 -0.663135997968D-03  0.333809427290D-02  0.105736018358D-02
  0.886972871911D-04  0.126114544855D-02 -0.456350580063D-04 -0.370811844772D-02
 -0.127882986114D-01 -0.585647166534D-02 -0.631922600719D-02 -0.116240577764D-01
 -0.398172682004D-03 -0.434724447154D-02  0.243203825400D-03  0.220327084092D-02
 -0.219090180576D-02 -0.670807899954D-04  0.432185191807D-03  0.356889375567D-02
  0.437836063133D-04 -0.107957180388D-02 -0.113028333068D-02 -0.392081188150D-02
 -0.180892002758D-01 -0.474939249730D-02  0.326926697693D-02  0.624813311395D-02
  0.568353563371D-02  0.385493635886D+00  0.137089339084D-01  0.471917587717D-03
  0.403523828859D-03 -0.521698535841D-02  0.912314541433D-02 -0.110973984167D-02
 -0.271373817619D-02 -0.250696683234D-02  0.183019992518D-02 -0.980015898112D-03
 -0.461187667236D-02 -0.233415093819D-02  0.770465308964D-02 -0.320260252277D-02
 -0.383044272052D-02 -0.195576366731D-02  0.322571967658D-02  0.212021799734D-01
 -0.304507179665D-03 -0.176925452375D-02 -0.577579842518D-02 -0.195652747683D-02
 -0.498309541585D-03 -0.588471160883D-03  0.118233927602D-02  0.144210461246D-02
  0.754349696811D-03 -0.632040536018D-02  0.908282683210D-02  0.128555201759D-01
 -0.921421731107D-02  0.508667882883D-02 -0.215067838439D-01 -0.955903200519D-03
  0.573053911357D-02 -0.807729599393D-02 -0.914305812521D-02 -0.133493064992D-01
 -0.293616196258D-02  0.342180679059D-02  0.503003738271D-02 -0.437704739505D-02
 -0.315135092491D-02  0.470420971924D-03 -0.894939191407D-02 -0.177240102475D-01
 -0.498045102427D-02  0.112487940390D-01  0.711236737670D-03  0.104709270620D-03
 -0.116494548403D-01  0.376024671135D+00  0.485031983757D-02 -0.372652750676D-02
  0.409739004900D-02 -0.227332436726D-02 -0.765016102734D-02 -0.218676577235D-02
 -0.512998943906D-03 -0.346371180830D-02  0.514497098839D-04  0.543697696196D-03
 -0.327695924468D-02  0.421232816307D-02 -0.406513497688D-02  0.843178098795D-05
  0.105503802696D-03 -0.354728580760D-02  0.564558857375D-03 -0.577149432665D-02
 -0.113533316501D-02 -0.349086730028D-03 -0.605991490370D-02 -0.468524772454D-02
 -0.483708317262D-02 -0.140788726188D-02  0.672543345521D-02 -0.127199027540D-03
 -0.855301491643D-02 -0.700512598506D-02  0.613329334760D-02  0.220928351871D-01
  0.646273370243D-03  0.718385985438D-02  0.146618328987D-01 -0.331748802504D-02
 -0.751300799759D-03 -0.327184286041D-02  0.220230719455D-02  0.872919301952D-02
  0.678966519485D-02  0.115360563099D-02  0.178062472276D-02  0.651052121481D-02
  0.737108543959D-02  0.414638356905D-02  0.150916394294D-01  0.306296740933D-01
  0.136170114924D-01  0.334618528831D-02 -0.660242433764D-02 -0.197743417617D-01
  0.126692874241D-01  0.561646152074D-03  0.392448535472D+00 -0.122220569712D-04
 -0.210163949041D-02  0.174520508801D-02 -0.644676139333D-03  0.138200407714D-03
  0.787513706824D-03  0.467018575175D-03 -0.170165582695D-02  0.121080709598D-02
 -0.160515754528D-02 -0.631236991285D-03  0.400932275240D-02  0.183883547951D-02
  0.293835995451D-03  0.169418273246D-03  0.219445735604D-03 -0.814569266909D-03
 -0.203787153075D-02 -0.183767558860D-03  0.368811240772D-03  0.177916441460D-02
 -0.816038951164D-03 -0.593694569406D-04  0.108301455876D-02  0.341724862891D-02
 -0.629321074098D-03  0.338145115172D-02  0.160916968695D-02  0.229301503921D-02
 -0.942535701078D-02 -0.200058756943D-02 -0.197211173759D-02 -0.119872629583D-01
 -0.681722064215D-03 -0.564586340626D-03 -0.843285603551D-04  0.163813152488D-02
 -0.126321189569D-02 -0.136555071976D-02  0.592195083200D-02  0.175558738724D-02
 -0.157362813480D-03  0.881641745159D-04  0.230315130835D-02  0.907516416025D-02
 -0.422925182047D-03 -0.110251701050D-03 -0.238433196969D-02  0.234011635469D-02
  0.527587685679D-02 -0.187663993180D-02  0.820612974668D-02  0.898233832005D-02
  0.351964529723D-01 -0.156720429316D-02 -0.178346220425D-02 -0.446083720874D-02
 -0.513360385936D-03 -0.163409963539D-02 -0.127427433153D-02 -0.160733602380D-02
 -0.230726908188D-02  0.351833456663D-02 -0.448821148456D-02 -0.130369074535D-02
  0.493987784790D-02 -0.453312545325D-05  0.137882489399D-03  0.989856707053D-04
  0.490729626964D-03 -0.145026310035D-02 -0.318121417685D-02 -0.181498535976D-04
  0.408815343420D-03  0.294820638346D-02  0.193542009775D-03 -0.477238392433D-03
 -0.413477256123D-03 -0.185272070648D-03  0.386129632338D-03  0.184502851518D-02
  0.140511739945D-02  0.155050491151D-02 -0.133911256941D-04 -0.114893257352D-02
 -0.331526264390D-02  0.701625235451D-02 -0.401493531712D-02  0.232164212581D-02
  0.159124196027D-02  0.145923456250D-02  0.649581502201D-03  0.372429053279D-02
  0.301490165708D-02 -0.225877911573D-03 -0.325871985189D-02  0.189959905573D-02
 -0.248250055056D-02  0.150230074586D-01  0.615866629835D-02  0.296608298079D-04
 -0.146101195625D-02  0.577132157573D-02  0.129980677566D-01  0.926074307236D-03
  0.109413663957D-01 -0.245830926137D-02  0.152710589350D-01  0.360255324772D-01
 -0.702682599451D-04  0.441305061779D-02 -0.108013420288D-02  0.396472988364D-03
  0.210349447081D-02 -0.471472703032D-03  0.908642801611D-03  0.254638696092D-02
 -0.219932997329D-02  0.484976903386D-02  0.108824864441D-02 -0.217067412246D-02
  0.784277699446D-04 -0.442621505530D-03 -0.503463008177D-03  0.384445690422D-03
  0.320402636997D-03  0.435330889364D-02  0.438106503308D-03 -0.864694413067D-03
 -0.172605670476D-02  0.233266245847D-02  0.841411271679D-03  0.231688504085D-03
 -0.336960430973D-02  0.142391700265D-02 -0.757568201910D-03 -0.962632837029D-03
 -0.149808360795D-02  0.275779562578D-02  0.380854528822D-02  0.254417952767D-02
 -0.186803730379D-01  0.237590350918D-02 -0.247051655234D-02 -0.446281972364D-03
 -0.281249014653D-02 -0.195719377025D-02  0.121447496327D-02 -0.393724637439D-02
 -0.752335190063D-03 -0.294369448022D-02 -0.423124730162D-02  0.205128924937D-03
 -0.174205779035D-01 -0.995725199243D-03  0.757951921481D-03  0.319862548577D-03
 -0.549220372705D-02 -0.675556540284D-02 -0.368453641808D-02  0.222323000566D-02
 -0.871651003701D-02 -0.528561669923D-03 -0.103364754846D-01  0.371683901909D-01
  0.418976884795D-02  0.103615578822D-01  0.304801106342D-02 -0.176272603591D-02
 -0.246875050680D-03  0.922136728657D-03 -0.102892702194D-02 -0.132382633139D-02
 -0.217682305840D-02  0.419104702520D-02 -0.212373863745D-02  0.366938037946D-02
 -0.156065390782D-02 -0.165742797753D-02 -0.133701602357D-02 -0.309014045786D-02
  0.213161581700D-02  0.961134317672D-02 -0.482765986666D-03 -0.471387894752D-04
 -0.513748711547D-02  0.302914048873D-02 -0.610544278996D-02 -0.371671284632D-02
  0.387572869905D-02  0.310754604133D-02 -0.921293447107D-02 -0.358284527958D-02
  0.428367864616D-02  0.148667342380D-01 -0.878421757882D-04  0.279384300431D-02
 -0.323943449755D-02 -0.404036874991D-02 -0.170721590401D-02 -0.631011413219D-03
 -0.513287208641D-02  0.317876102896D-03  0.155144009360D-02  0.135660659170D-02
 -0.115620447177D-02  0.327623363585D-02  0.134698967237D-01  0.910539121762D-02
  0.832755749823D-02  0.908902808151D-02  0.497610462737D-02  0.519656196557D-02
 -0.707014264843D-02 -0.634657667762D-02  0.272299648956D-03 -0.957181518852D-02
 -0.218915934679D-02  0.270313332516D-02  0.415119029282D-03 -0.515030240001D-02
  0.590756409733D+00 -0.162673925845D-02  0.265890615554D-02  0.496696031355D-04
 -0.306717675679D-03 -0.244587543904D-02  0.100578135042D-02 -0.267405607584D-03
  0.742123689103D-04 -0.145524208869D-02  0.129549663741D-02  0.169295256491D-03
  0.886167830267D-03 -0.199980945033D-02  0.237615325142D-04  0.519734419237D-03
 -0.577625750711D-03 -0.451148840979D-04 -0.229790292212D-02 -0.198631888770D-03
  0.287621197578D-03  0.836034529021D-03  0.155371767632D-02 -0.201755616734D-02
 -0.723167703813D-03 -0.862520318809D-03  0.110408114670D-02 -0.249284888452D-02
  0.503016644957D-03 -0.211737355757D-02  0.215027915968D-02  0.140790200700D-02
 -0.999041891421D-03  0.292444602366D-02 -0.764005943234D-03 -0.254340950612D-02
  0.272627918241D-02  0.297773151574D-02  0.319025801571D-02 -0.887115880295D-03
 -0.222633119242D-02 -0.800343861026D-04  0.589975013169D-02  0.887164876678D-02
  0.244589651079D-02  0.845451322698D-02  0.950474605306D-02  0.484473586699D-02
 -0.562367162557D-04  0.230933390017D-03  0.417935903432D-02  0.113639652637D-02
 -0.183963074481D-04 -0.183704173629D-02 -0.177500546035D-02 -0.236125605221D-02
 -0.473818738182D-03  0.385798470549D-02  0.764993321962D+00 -0.873171955469D-02
  0.334764789416D-02  0.256741850864D-02  0.482498037263D-02  0.191301272394D-03
  0.236005209622D-02  0.321528770690D-02  0.234625155153D-02 -0.743139972865D-03
  0.209899344753D-02  0.372924898027D-02  0.198342337707D-02 -0.105050597883D-02
  0.185934889919D-02  0.168836111415D-02  0.169373494212D-02 -0.925525438024D-03
 -0.511127495058D-02  0.941417930430D-03  0.150937628559D-02  0.196723843876D-02
  0.306384386437D-02  0.175857161911D-02 -0.155790629054D-04  0.197058436531D-02
 -0.743550601044D-03  0.145835278738D-02  0.578637468103D-02 -0.305054583120D-02
 -0.169712550633D-01  0.362922745713D-02 -0.395332421059D-02 -0.484196493632D-02
  0.196166780345D-02 -0.213765678370D-02  0.283610567429D-02 -0.114194892284D-02
  0.141425590009D-02 -0.325277590654D-02  0.403541903625D-02 -0.467878464512D-02
 -0.602529444267D-02 -0.741341040178D-02  0.176608121253D-02 -0.570489698188D-02
 -0.104914501186D-01 -0.727870514193D-02 -0.941737614709D-02 -0.388039136923D-02
 -0.382574032775D-02  0.842101968164D-03  0.117901703811D-01  0.745956828331D-02
  0.242287583906D-02  0.121446093870D-02 -0.928965344320D-03 -0.643452338669D-03
 -0.305526103146D-02  0.604230511316D+00 -0.582947597790D-02 -0.149417988168D-01
 -0.780695089317D-02  0.403241368641D-02  0.503665278338D-02 -0.772037754489D-02
  0.222214783406D-02  0.316917969825D-02 -0.203272179620D-02 -0.161916595332D-02
  0.507048346292D-02 -0.305095203090D-02  0.285500444600D-02 -0.610785564766D-07
 -0.901511473828D-03  0.314044342039D-03  0.539540176493D-02  0.113408250593D-01
  0.104864246542D-02  0.181511115244D-02 -0.191371978384D-02  0.625775585685D-03
  0.410156609426D-02 -0.481170257908D-02 -0.356600661598D-02 -0.138390339588D-02
  0.229421018329D-02  0.345314412437D-02  0.564204212589D-02  0.981027343019D-02
  0.422035887169D-02  0.902381693516D-02  0.964201402179D-02  0.609527798788D-02
  0.837570035666D-02 -0.110026746123D-02 -0.506371852602D-02  0.171782022538D-03
 -0.886664923495D-04 -0.250667119258D-02 -0.347207385343D-02  0.669505864702D-02
 -0.128886721339D-02  0.106561672852D-02  0.991266582455D-02  0.838386760600D-02
 -0.499436074391D-03 -0.837476570210D-02 -0.965385054963D-02 -0.384552838711D-02
  0.835606180200D-02  0.838913257351D-02 -0.302234846249D-02 -0.115080027646D-02
 -0.272015514171D-03  0.304094186876D-02  0.887392265356D-02  0.202938318574D-02
 -0.420639709488D-02  0.483958806803D+00  0.374556038507D-03  0.154965961283D-01
  0.223012886671D-02 -0.314624748755D-03  0.661215488897D-03  0.456115237880D-02
 -0.536038826875D-03 -0.250688216639D-03 -0.486094877098D-03  0.327597122031D-02
 -0.110339160150D-02  0.340361041319D-02 -0.106260189719D-02 -0.523719456012D-03
 -0.832584170788D-04 -0.568288651056D-04 -0.160802607750D-02  0.214156703310D-02
 -0.288219518975D-04 -0.161017472825D-03  0.711528394927D-03  0.460876783405D-02
 -0.324180485379D-02 -0.170415401742D-04  0.235727226099D-02  0.236824745994D-02
 -0.304571493516D-02  0.837130495843D-03 -0.240712067840D-02 -0.822994550602D-02
 -0.367207335319D-03 -0.606428129399D-02 -0.128276130667D-01 -0.380910904687D-02
 -0.465256114528D-02  0.233597964999D-02 -0.287891062917D-02 -0.260577213712D-02
 -0.812979763672D-03  0.345674970842D-02 -0.192207024387D-02 -0.606632674022D-02
  0.394374615723D-02  0.407488107171D-02 -0.543661922496D-02 -0.117613768011D-01
 -0.413016807243D-02  0.247666766983D-02  0.727065621106D-03  0.453607800414D-02
 -0.754210806560D-02 -0.424472657509D-02  0.255666954052D-02  0.160609729310D-02
  0.434916553923D-02 -0.219227225491D-02 -0.777849830400D-02  0.892351702978D-03
 -0.417541533080D-02  0.127018197248D-01  0.534636515413D+00  0.456663718289D-02
 -0.113939102711D-01 -0.264596879933D-02  0.622506286253D-04  0.280568177948D-02
 -0.885512479389D-02  0.122250339335D-02 -0.792137024069D-03 -0.271109498417D-04
 -0.877414252703D-03 -0.369386726738D-03 -0.208783858390D-02  0.261704581058D-02
 -0.662743828063D-03 -0.175563378778D-02 -0.142212673116D-02  0.341636823971D-02
  0.962972530296D-02 -0.390072155708D-04  0.170494622771D-03 -0.655477010092D-02
 -0.471208743279D-02  0.115142065264D-02 -0.201201609732D-02  0.139766545573D-02
 -0.181723113334D-02 -0.700400778381D-03 -0.353843456047D-02  0.922611199490D-02
  0.135048374099D-01 -0.229109686946D-02  0.984172893111D-02  0.316188264771D-02
  0.321646177186D-02  0.595288005337D-02 -0.693639771348D-02 -0.621624184775D-02
 -0.954977891435D-03  0.410976674090D-02 -0.171079746898D-02  0.152355359190D-02
  0.359911703300D-02 -0.496953258717D-02  0.171512053126D-02  0.241772821513D-02
  0.121200404746D-02  0.142750892868D-03  0.609808061904D-03 -0.896835126887D-02
 -0.185212642229D-01  0.608404885250D-02 -0.540871876043D-02  0.571029221535D-02
  0.221415763881D-02 -0.373708663277D-02 -0.298224431676D-03 -0.564406965133D-03
 -0.240851139234D-02  0.687830797560D-02 -0.974103172403D-02  0.373565843046D-02
  0.433249813240D+00  0.465314862217D-02  0.644871602585D-03  0.223450514503D-03
 -0.292001637987D-02 -0.246228109110D-02  0.925401346710D-03 -0.276376277970D-02
 -0.744642483169D-03  0.308562577921D-02 -0.181186693240D-02 -0.318982968356D-02
  0.620288520448D-03 -0.102849080521D-02  0.308655925896D-04  0.336999685713D-03
 -0.406195422396D-03 -0.249775751836D-02 -0.625158873116D-02 -0.469324033722D-03
 -0.176732198394D-02 -0.718792095956D-03 -0.114577197610D-02 -0.230290853427D-03
  0.226487029618D-02 -0.464084918675D-03  0.426175208342D-03  0.117279112433D-02
 -0.440944264464D-02 -0.950416443627D-03  0.492307274820D-02 -0.105466881456D-02
 -0.477479275512D-03  0.257356357230D-02 -0.323471268078D-02  0.519147400285D-03
 -0.278850136244D-02  0.127050373566D-02 -0.163243804586D-02 -0.216701252650D-02
  0.139514166929D-02  0.228208523719D-02 -0.115989007038D-01 -0.821926817084D-02
 -0.494039169540D-02 -0.201156523297D-01  0.340353195585D-03  0.144006108453D-02
  0.659241086213D-02  0.612367398906D-02 -0.383431770306D-02  0.117910303125D-03
  0.190494514626D-02 -0.142459678035D-01 -0.231414489462D-03 -0.116318936671D-02
  0.381220534282D-02 -0.117840521197D-01 -0.699145528460D-02  0.935505771164D-02
  0.530458171303D-02 -0.122439982545D-02  0.177281389118D-02  0.426156328678D+00
  0.194400844468D-02 -0.821072697672D-02  0.140624969820D-02  0.347996992716D-03
  0.299953195510D-02 -0.306416072090D-02  0.183927734331D-02 -0.922390459519D-03
 -0.151820833554D-02 -0.529527355855D-03  0.717473486004D-03 -0.304657072553D-02
  0.264169236638D-02 -0.434463664969D-03 -0.937636363097D-03 -0.524822852924D-03
  0.297229656138D-02  0.696088033455D-02 -0.144562805461D-03  0.707375159995D-03
 -0.169883216230D-02 -0.391245242691D-02  0.110707576487D-02 -0.836265452722D-03
 -0.672876703287D-03 -0.195829224129D-02  0.894221799734D-03  0.357609790460D-03
  0.432030300433D-02  0.469907928548D-03 -0.244092105698D-02  0.441056447079D-02
 -0.600062512590D-03  0.403179173784D-02  0.191338452028D-02 -0.222151125700D-02
 -0.107009921176D-02 -0.569885746012D-03 -0.661847140252D-05 -0.511292099925D-02
  0.220092243297D-02  0.130003966016D-01  0.381297707075D-02  0.190733740769D-02
  0.159595453767D-01 -0.130952753614D-02  0.334351880661D-03 -0.966375917364D-03
 -0.485965831537D-02 -0.350227272684D-02  0.149089928276D-02 -0.838229812510D-02
  0.159360961246D-01 -0.941061931332D-03 -0.425125803423D-02 -0.190218463458D-02
  0.106958648645D-01  0.460081202757D-02  0.162610537753D-03 -0.758925246134D-02
  0.349866114740D-02  0.501357563666D-03 -0.319087649391D-02  0.429039849834D+00
  0.275843936364D-03 -0.345032786446D-03  0.367409145332D-01 -0.184568880440D-03
  0.187617097468D-02  0.196801338282D-01  0.333689040142D-03 -0.159420126840D-03
 -0.909106728560D-04  0.177852174084D-03 -0.202845184019D-04 -0.322858486367D-03
  0.264843659288D-02 -0.422377068474D-03 -0.888364610973D-03 -0.282810293746D-03
  0.120899529342D-02  0.154608163233D-03 -0.573522743650D-04 -0.109443274112D-03
  0.359089867805D-03 -0.787301126573D-03  0.346657989159D-03  0.543982258536D-03
 -0.323835726915D-04 -0.852427342817D-03  0.711154539376D-03  0.674121822411D-03
  0.370239222446D-03 -0.520622369940D-02 -0.942335843687D-03 -0.378018886413D-03
 -0.402080242231D-02  0.279440288084D-03 -0.254502748202D-04 -0.351651804924D-03
  0.184269942990D-02 -0.238569548577D-02  0.777189305271D-02 -0.345118161315D-03
  0.242986467283D-03  0.152514487491D-03 -0.718109023272D-03  0.572158757755D-03
  0.724638656536D-03 -0.127643991624D-02 -0.104049568111D-02 -0.143611430179D-03
  0.107996025970D-02  0.178329526201D-02 -0.180272905932D-02 -0.105790544779D-02
  0.277800437060D-02  0.474747133223D-03 -0.665614823016D-03 -0.239248026293D-03
  0.112104341390D-02  0.646759008621D-03 -0.420104075460D-03 -0.181358414143D-02
 -0.725549897039D-03 -0.270005905467D-02  0.286494380168D-04  0.129342266323D-04
  0.471765437571D-01  0.146832412034D-03  0.976833357568D-03 -0.684023161658D-02
 -0.664583440357D-03  0.269420856726D-02  0.944748068190D-02 -0.739106313215D-03
  0.622087438006D-03 -0.205808401485D-03 -0.926347518335D-03  0.126148085560D-03
  0.109965177178D-02  0.727524601497D-03  0.492897053961D-03  0.175664873018D-02
 -0.221302623110D-02  0.298263678029D-02  0.521276208076D-03  0.239147528417D-03
 -0.219271075424D-03  0.202182617095D-03  0.204022740167D-02  0.114812886289D-03
 -0.500740357428D-03 -0.201304016606D-03  0.111552941113D-02 -0.339853202286D-04
 -0.466009049993D-03  0.876788105911D-03  0.315283371920D-02  0.199942029244D-02
  0.112153096145D-02 -0.613446152167D-02 -0.546260906652D-03  0.473866980978D-03
  0.381076666465D-03  0.927073779384D-03 -0.549244609053D-02 -0.312786847806D-01
  0.182812030650D-02 -0.109008965978D-02 -0.300081460944D-02  0.157921043684D-03
  0.116169248020D-03 -0.233293787348D-02  0.238079121439D-02  0.881866399599D-03
  0.583380680622D-03 -0.170987527677D-03  0.210822571984D-02 -0.355794098606D-02
  0.358987762438D-02 -0.650658202673D-02  0.410971895915D-02  0.742742389569D-03
  0.465261091138D-02 -0.281254481142D-02 -0.949037193222D-04  0.716417197756D-03
  0.960676459088D-03  0.105509645073D-02 -0.482412514501D-02  0.156602941744D-02
 -0.224552895168D-02 -0.513897645553D-02  0.482534039841D-01 -0.328155646488D-03
 -0.542180594110D-03 -0.198076516930D-01  0.766122210330D-03 -0.166050721549D-02
 -0.179966818479D-01  0.372228872819D-03  0.216833446925D-03 -0.322189240806D-03
  0.654909720216D-04  0.281663839319D-03  0.309265743094D-03 -0.105778791884D-02
 -0.859621437573D-03 -0.215160344638D-02  0.223208353963D-02 -0.238279587502D-02
  0.338271747241D-02  0.294835772145D-04  0.233038002676D-03 -0.927259927551D-03
 -0.807477748497D-04  0.366998474864D-04 -0.703259259448D-03  0.165172941778D-03
  0.113324327884D-03 -0.792233742603D-03 -0.527556428148D-03  0.187559509729D-02
  0.414020637505D-02  0.730975065986D-03  0.150965119201D-02 -0.986443512872D-03
  0.932722493334D-03  0.474605948063D-03 -0.138896793970D-03 -0.351665655793D-02
  0.512674098623D-02  0.298240220853D-01 -0.111489123409D-03 -0.382428961776D-03
  0.923710454147D-03 -0.664133187454D-04  0.172704038271D-03  0.131685741973D-02
  0.159680838182D-02  0.362645874498D-03 -0.133156484396D-02 -0.284708215743D-02
 -0.178115125924D-02  0.106832611934D-02  0.139703720690D-02 -0.554616066255D-04
  0.284159471951D-02  0.384990284223D-02  0.452623180654D-02  0.368441639644D-03
 -0.453603590705D-03 -0.145268935556D-02 -0.282421603730D-03  0.167062183722D-02
  0.166997539220D-02 -0.605154937615D-03 -0.139257438404D-02 -0.109179061553D-01
 -0.111037613913D-01  0.442258825922D-01 -0.563111694153D-03  0.510535842229D-03
  0.246645611848D-01 -0.259481691279D-03 -0.138215698197D-02 -0.226041216252D-03
  0.521109272175D-03 -0.530096003728D-03  0.614507675684D-03  0.389695310243D-02
 -0.797860210022D-04 -0.159227463458D-02 -0.135060729262D-03  0.408219276797D-03
  0.684407574171D-03  0.496995210313D-03 -0.146908041170D-02 -0.222965545257D-02
 -0.957448861774D-04 -0.187440835285D-03  0.471561036968D-03 -0.821616711303D-03
 -0.853139780694D-04  0.954744931376D-03 -0.150024909760D-02 -0.127176491447D-03
  0.190832261670D-02  0.178367474554D-02 -0.495679958754D-02 -0.641639672379D-02
 -0.257481805160D-02 -0.307512148394D-02  0.205604836684D-02 -0.445875752210D-03
 -0.138219906903D-02 -0.214646887542D-03  0.137328101918D-02  0.521652565685D-03
 -0.121432373384D-02 -0.177943778047D-02  0.261444651776D-02  0.145357531997D-02
 -0.103709690325D-02 -0.321833379511D-03 -0.313411691362D-02 -0.751260463861D-03
  0.462840548468D-03  0.175465673395D-03  0.261561571000D-02  0.240161580873D-03
  0.501787592938D-02 -0.936528884005D-04  0.145291947416D-02 -0.127914774566D-02
 -0.167026271409D-02 -0.474467601596D-02  0.167872655170D-02  0.458723214498D-03
  0.213019706890D-02  0.124246410727D-02 -0.233413355098D-02  0.372713929871D-02
 -0.255203737701D-04  0.272818802992D-02  0.122923650648D-01 -0.210739756894D-01
 -0.983903219380D-02  0.774647818986D-01 -0.238147068163D-02 -0.265553135808D-02
 -0.269447719330D-02  0.186122403000D-03 -0.258270160049D-02 -0.335681839141D-03
  0.118030542202D-03 -0.177057417347D-02  0.991093649158D-03 -0.184895656558D-02
 -0.258557842298D-03  0.935796992900D-03 -0.421811746531D-03  0.454106027379D-03
  0.543009768676D-03  0.268288978881D-03 -0.446204833405D-03 -0.476118162288D-02
 -0.257940281943D-04  0.558676684977D-03  0.202741559040D-02 -0.184028467936D-02
 -0.152787836868D-03  0.100594957275D-03 -0.123716734431D-02 -0.159799616717D-03
 -0.522075380330D-03  0.106001403508D-02 -0.787233578576D-03  0.171324390808D-02
 -0.164609961880D-03 -0.153874777227D-02  0.555495230131D-02 -0.346851270390D-03
 -0.683703858958D-03  0.246466473532D-02  0.448972313908D-02  0.396589352796D-02
  0.267482948077D-02 -0.249144532497D-02  0.835840558755D-03  0.718353618132D-02
  0.476636950518D-02 -0.310320269114D-02  0.194125040663D-01  0.101655873472D-01
  0.326489275114D-02 -0.244299043088D-02  0.198889383763D-02  0.793704351264D-02
  0.166612778020D-02  0.396112802800D-02  0.318631652927D-02  0.626003942232D-02
  0.998239000133D-02 -0.791081954654D-02  0.798615449982D-02  0.239983226438D-02
 -0.227916924253D-02 -0.293390900050D-02  0.542392378743D-02 -0.221717342008D-02
 -0.499428546074D-02  0.168481592576D-02 -0.405988453656D-03 -0.232476608208D-03
  0.151960097175D-02 -0.265788440590D-02  0.644186028551D+00
$end
