$optinfo internal
 gdiistep   off
 trostep    off
 calchess   off
 iteration   2
 ndiis       1
 itrvec      0
 tradius    1.500000000000E-01
 actrad     1.061431053262E-01
 energyo   -1.920361885718E+02
 predengy  -2.700677136561E-03
 trnvec
  0.000000000000D+00  0.000000000000D+00  0.000000000000D+00
  0.000000000000D+00  0.000000000000D+00
 displ
  0.151716567168D-11  0.837239047980D-15 -0.748977553211D-01
 -0.752109370780D-01  0.000000000000D+00
 dxyz
  0.000000000000D+00  0.000000000000D+00 -0.341029135730D-12
  0.231475462861D-01 -0.168176767958D-01 -0.341462817087D-12
  0.231475462861D-01  0.168176767958D-01 -0.341462817087D-12
 -0.884157592511D-02  0.272115726674D-01 -0.341462817087D-12
 -0.286119407219D-01  0.000000000000D+00 -0.341462817087D-12
 -0.884157592511D-02 -0.272115726674D-01 -0.341462817087D-12
  0.502458087293D-01 -0.365057168959D-01  0.478064096505D-12
  0.502458087293D-01  0.365057168959D-01  0.478064096505D-12
 -0.191921911424D-01  0.590674907212D-01  0.478064096505D-12
 -0.621072351739D-01  0.000000000000D+00  0.478064096505D-12
 -0.191921911424D-01 -0.590674907212D-01  0.478064096505D-12
 -0.259085056653D-76 -0.138178696882D-76 -0.341977261361D-12
 grado
 -0.705020306814D-13 -0.281063132832D-16  0.305136083306D-01
  0.414295263890D-01  0.000000000000D+00
$end
