$coord
   -0.00000209359785      0.00000484798195      0.00000000000000      pt
   -3.13424074372014      3.30179792553238      0.00000000000000      cl
   -3.30179596535523     -3.13423802092223      0.00000000000000      cl
    3.30182011209114      3.13421715962040      0.00000000000000      cl
    3.13422811699856     -3.30180374023313      0.00000000000000      cl
$redundant
     number_of_atoms             5
     degrees_of_freedom          7
     internal_coordinates        7
     frozen_coordinates          0
# definitions of redundant internals
   1 k  1.0000000000000 stre    1    2           val=   4.55250
   2 k  1.0000000000000 stre    1    4           val=   4.55251
   3 k  1.0000000000000 stre    1    3           val=   4.55251
   4 k  1.0000000000000 stre    1    5           val=   4.55251
   5 k  0.7065742166442 bend    4    2    1      val=   0.00035
       -0.0275870214842 bend    3    2    1
        0.0275758965377 bend    5    4    1
       -0.7065630916977 bend    5    3    1
   6 k -0.0275789736387 bend    4    2    1      val=  -0.00016
       -0.7065711396171 bend    3    2    1
        0.7065661687917 bend    5    4    1
        0.0275839444641 bend    5    3    1
   7 k  0.4999922765270 bend    4    2    1      val=   0.00012
       -0.4999961808912 bend    3    2    1
       -0.5000038190345 bend    5    4    1
        0.5000077233987 bend    5    3    1
         7 non zero eigenvalues  of BmBt
           1           3.135627725    1    0
         1
           2           3.135619442    2    0
         2
           3           1.000000000    3    0
         3
           4           1.000000000    4    0
         4
           5           0.193000671    5    0
         5
           6           0.153877627    6    0
         6
           7           0.153877219    7    0
         7
$user-defined bonds
$end
