$grad          cartesian gradients
  cycle =      1    SCF energy =     -192.0361885718   |dE/dxyz| =  0.035524
    0.00000000000000      0.00000000000000      5.00000000000005      q metal
   -1.85228086084263      1.34576081921255      0.00000000000000      c
   -1.85228086084263     -1.34576081921255      0.00000000000000      c
    0.70750833213097     -2.17748674621381      0.00000000000000      c
    2.28954505742332      0.00000000000000      0.00000000000000      c
    0.70750833213097      2.17748674621381      0.00000000000000      c
   -3.54377341427445      2.57470209508515     -0.00000000000003      h
   -3.54377341427445     -2.57470209508515     -0.00000000000003      h
    1.35360099582458     -4.16595550075333     -0.00000000000003      h
    4.38034483689974      0.00000000000000     -0.00000000000003      h
    1.35360099582458      4.16595550075333     -0.00000000000003      h
    0.00000000000000      0.00000000000000      0.00000000000004      q help
  0.00000000000000D+00  0.00000000000000D+00  0.00000000000000D+00
  -.65811028502393D-02  0.47814511018757D-02  0.23015317063889D-13
  -.65811028502388D-02  -.47814511018757D-02  0.23015317063889D-13
  0.25137576053321D-02  -.77365503983813D-02  0.23015317063889D-13
  0.81346904898137D-02  0.00000000000000D+00  0.23015317063889D-13
  0.25137576053318D-02  0.77365503983813D-02  0.23015317063889D-13
  -.11039927205967D-01  0.80209766212186D-02  -.22993026190592D-13
  -.11039927205967D-01  -.80209766212188D-02  -.22993026190592D-13
  0.42168769593547D-02  -.12978212796100D-01  -.22993026190592D-13
  0.13646100493225D-01  0.00000000000000D+00  -.22993026190592D-13
  0.42168769593548D-02  0.12978212796100D-01  -.22993026190592D-13
  0.00000000000000D+00  0.00000000000000D+00  0.00000000000000D+00
  cycle =      2    SCF energy =     -192.0390767418   |dE/dxyz| =  0.002557
    0.00000000000000      0.00000000000000      4.99999999999975      q
   -1.82913331455658      1.32894314241676     -0.00000000000030      c
   -1.82913331455658     -1.32894314241676     -0.00000000000030      c
    0.69866675620586     -2.15027517354641     -0.00000000000030      c
    2.26093311670144      0.00000000000000     -0.00000000000030      c
    0.69866675620586      2.15027517354641     -0.00000000000030      c
   -3.49352760554512      2.53819637818927      0.00000000000039      h
   -3.49352760554512     -2.53819637818927      0.00000000000039      h
    1.33440880468220     -4.10688801003212      0.00000000000039      h
    4.31823760172584      0.00000000000000      0.00000000000039      h
    1.33440880468220      4.10688801003212      0.00000000000039      h
    0.00000000000000      0.00000000000000     -0.00000000000026      q
  0.00000000000000D+00  0.00000000000000D+00  0.00000000000000D+00
  0.25807656846730D-03  -.18750360247388D-03  -.54950402540046D-12
  0.25807656846695D-03  0.18750360247424D-03  -.54950402540046D-12
  -.98576477455126D-04  0.30338720181504D-03  -.54950402540046D-12
  -.31900018202435D-03  0.00000000000000D+00  -.54950402540046D-12
  -.98576477454770D-04  -.30338720181504D-03  -.54950402540046D-12
  -.88843278949842D-03  0.64548420484516D-03  0.54952375760942D-12
  -.88843278949859D-03  -.64548420484520D-03  0.54952375760942D-12
  0.33935112886834D-03  -.10444153826407D-02  0.54952375760942D-12
  0.10981633212602D-02  0.00000000000000D+00  0.54952375760942D-12
  0.33935112886843D-03  0.10444153826407D-02  0.54952375760942D-12
  0.00000000000000D+00  0.00000000000000D+00  0.00000000000000D+00
  cycle =      3    SCF energy =     -192.0390864465   |dE/dxyz| =  0.000165
    0.00000000000000      0.00000000000000      5.00000000000711      q
   -1.82824472084928      1.32829754129829      0.00000000000707      c
   -1.82824472084928     -1.32829754129829      0.00000000000707      c
    0.69832734361186     -2.14923056899355      0.00000000000707      c
    2.25983475447484      0.00000000000000      0.00000000000707      c
    0.69832734361186      2.14923056899355      0.00000000000707      c
   -3.49031734589618      2.53586398802837     -0.00000000000992      h
   -3.49031734589618     -2.53586398802837     -0.00000000000992      h
    1.33318259460902     -4.10311412347676     -0.00000000000992      h
    4.31426950257432      0.00000000000000     -0.00000000000992      h
    1.33318259460902      4.10311412347676     -0.00000000000992      h
    0.00000000000000      0.00000000000000      0.00000000000711      q
  0.00000000000000D+00  0.00000000000000D+00  0.00000000000000D+00
  0.58429466911036D-04  -.42451492599582D-04  0.12630619578219D-10
  0.58429466911036D-04  0.42451492599582D-04  0.12630619578219D-10
  -.22318070415395D-04  0.68687957898916D-04  0.12630619578219D-10
  -.72222792989862D-04  0.00000000000000D+00  0.12630619578219D-10
  -.22318070415395D-04  -.68687957898739D-04  0.12630619578219D-10
  0.12812241801896D-04  -.93086385480667D-05  -.12630609489043D-10
  0.12812241801718D-04  0.93086385480667D-05  -.12630609489043D-10
  -.48938408962584D-05  0.15061693559737D-04  -.12630609489043D-10
  -.15836801810920D-04  0.00000000000000D+00  -.12630609489043D-10
  -.48938408963028D-05  -.15061693559915D-04  -.12630609489043D-10
  0.00000000000000D+00  0.00000000000000D+00  0.00000000000000D+00
  cycle =      4    SCF energy =     -192.0390864751   |dE/dxyz| =  0.000016
    0.00000000000000      0.00000000000000      4.99999999985344      q
   -1.82833552599005      1.32836351509482     -0.00000000014660      c
   -1.82833552599005     -1.32836351509482     -0.00000000014660      c
    0.69836202808928     -2.14933731683870     -0.00000000014660      c
    2.25994699580153      0.00000000000000     -0.00000000014660      c
    0.69836202808928      2.14933731683870     -0.00000000014660      c
   -3.49044070819920      2.53595361598787      0.00000000020522      h
   -3.49044070819920     -2.53595361598787      0.00000000020522      h
    1.33322971481584     -4.10325914456157      0.00000000020522      h
    4.31442198676671      0.00000000000000      0.00000000020522      h
    1.33322971481584      4.10325914456157      0.00000000020522      h
    0.00000000000000      0.00000000000000     -0.00000000014656      q
  0.00000000000000D+00  0.00000000000000D+00  0.00000000000000D+00
  0.50160047930348D-05  -.36443408028219D-05  0.10465358109079D-10
  0.50160047926795D-05  0.36443408031772D-05  0.10465358109079D-10
  -.19159433438887D-05  0.58966672860095D-05  0.10465358109079D-10
  -.62001228979369D-05  0.00000000000000D+00  0.10465358109079D-10
  -.19159433442439D-05  -.58966672852989D-05  0.10465358109079D-10
  -.27235031587303D-05  0.19787408700012D-05  -.98268126249969D-11
  -.27235031587303D-05  -.19787408701788D-05  -.98268126249969D-11
  0.10402856381653D-05  -.32016699824666D-05  -.98268126249969D-11
  0.33664350418405D-05  0.00000000000000D+00  -.98268126249969D-11
  0.10402856380320D-05  0.32016699828219D-05  -.98268126249969D-11
  0.00000000000000D+00  0.00000000000000D+00  0.00000000000000D+00
$end
