$grad          cartesian gradients
  cycle =      1    SCF energy =     -192.0361885718   |dE/dxyz| =  0.035524
    0.00000000000000      0.00000000000000      5.00000000000005      q metal
   -1.85228086084263      1.34576081921255      0.00000000000000      c
   -1.85228086084263     -1.34576081921255      0.00000000000000      c
    0.70750833213097     -2.17748674621381      0.00000000000000      c
    2.28954505742332      0.00000000000000      0.00000000000000      c
    0.70750833213097      2.17748674621381      0.00000000000000      c
   -3.54377341427445      2.57470209508515     -0.00000000000003      h
   -3.54377341427445     -2.57470209508515     -0.00000000000003      h
    1.35360099582458     -4.16595550075333     -0.00000000000003      h
    4.38034483689974      0.00000000000000     -0.00000000000003      h
    1.35360099582458      4.16595550075333     -0.00000000000003      h
    0.00000000000000      0.00000000000000      0.00000000000004      q help
  0.00000000000000D+00  0.00000000000000D+00  0.00000000000000D+00
  -.65811028502431D-02  0.47814511018789D-02  0.26327743979881D-13
  -.65811028502431D-02  -.47814511018785D-02  0.26327743979881D-13
  0.25137576053343D-02  -.77365503983849D-02  0.26327743979881D-13
  0.81346904898194D-02  0.00000000000000D+00  0.26327743979881D-13
  0.25137576053339D-02  0.77365503983851D-02  0.26327743979881D-13
  -.11039927205964D-01  0.80209766212162D-02  -.26305453106584D-13
  -.11039927205964D-01  -.80209766212161D-02  -.26305453106584D-13
  0.42168769593535D-02  -.12978212796096D-01  -.26305453106584D-13
  0.13646100493221D-01  0.00000000000000D+00  -.26305453106584D-13
  0.42168769593535D-02  0.12978212796096D-01  -.26305453106584D-13
  0.00000000000000D+00  0.00000000000000D+00  0.00000000000000D+00
$end
