$coord
    7.82819677873984     -3.69908368952534     -3.72823149362667  ag
    7.91488078967161      3.86297672992935     -1.74071317463344  n
    7.38439347723097      1.46891199748474     -2.63669525113480  c
    9.15975512652496     -0.37311608533665     -2.14628720428114  n
   11.28242873158124      0.13276482415382     -0.88070431383008  c
   11.79635153346558      2.61619040251711      0.02553275606177  c
   10.04996740294234      4.42498438449757     -0.45150703796551  c
    5.42785681369135      1.03485891759674     -3.80272546507718  o
   12.93600223059654     -1.72378487232830     -0.49835875618859  n
   12.50851723286194     -3.50551129021750     -1.03344214614935  h
   14.48261271881655     -1.42821722582847      0.57072988218013  h
   13.50770595182820      3.04926277505762      1.04812898253433  h
   10.26968888358283      6.36452560567972      0.15958949572830  h
    6.59747192971809      5.20265617308680     -2.11000742378187  h
    5.66194244204714    -10.77692139073945     -6.63220479176282  n
    6.94527649703856     -8.82495927918415     -5.44324751177775  c
    5.80141185671148     -6.48646966989865     -5.54071169852948  n
    3.59224004908103     -6.10697228099484     -6.70152489502100  c
    2.30946524627249     -8.14659286885356     -7.90801859751926  c
    3.42423330277788    -10.45017399603287     -7.82095595262814  c
    8.96152361872886     -9.17199043327184     -4.37971720287397  o
    2.61374937082500     -3.78877342227360     -6.72990325324936  n
    3.47434252645311     -2.33992649031213     -5.81262912818472  h
    0.90996734087100     -3.49218289335843     -7.52418569525210  h
    0.52445285343055     -7.87691967885143     -8.85807651729121  h
    2.59350845350398    -12.10902574021053     -8.68279839839350  h
    6.50551851878394    -12.49373621566789     -6.55873968871631  h
$user-defined bonds
$redundant
     number_of_atoms            27
     degrees_of_freedom         75
     internal_coordinates       75
     frozen_coordinates          0
# definitions of redundant internals
   1 k  1.0000000000000 stre  17    1           val=   3.89390
   2 k  1.0000000000000 stre   1    4           val=   3.91633
   3 k  1.0000000000000 linc  17    4    1    3 val=  13.36501
   4 k  1.0000000000000 linp  17    4    1    3 val=   0.09317
   5 k  1.0000000000000 stre   3    8           val=   2.31863
   6 k  0.7071067811866 bend   4    8    3      val=   0.73083
       -0.7071067811865 bend   2    8    3
   7 k  1.0000000000000 outp   8    2    4    3 val=  -0.03377
   8 k  0.5000000000000 tors  10    9    5    4 val=  90.31388
        0.5000000000000 tors  10    9    5    6
        0.5000000000000 tors  11    9    5    4
        0.5000000000000 tors  11    9    5    6
   9 k  1.0000000000000 stre   9   10           val=   1.90882
  10 k  1.0000000000000 stre   9   11           val=   1.90324
  11 k  0.8164606631183 bend  11   10    9      val=  -0.57886
       -0.4148628008321 bend   5   10    9
       -0.4015978611324 bend   5   11    9
  12 k  0.0076585177836 bend  11   10    9      val=  -0.19944
        0.7032464181420 bend   5   10    9
       -0.7109049320941 bend   5   11    9
  13 k  1.0000000000000 outp  10    5   11    9 val=  -8.71409
  14 k  1.0000000000000 stre   6   12           val=   2.04010
  15 k  0.7071067813227 bend   7   12    6      val=  -0.29046
       -0.7071067810504 bend   5   12    6
  16 k  1.0000000000000 outp  12    5    7    6 val=   0.12061
  17 k  1.0000000000000 stre   7   13           val=   2.04537
  18 k  0.7071067814660 bend   6   13    7      val=   3.04985
       -0.7071067809071 bend   2   13    7
  19 k  1.0000000000000 outp  13    2    6    7 val=  -0.01392
  20 k  1.0000000000000 stre   2   14           val=   1.91486
  21 k  0.7071067813052 bend   7   14    2      val=   2.68809
       -0.7071067810679 bend   3   14    2
  22 k  1.0000000000000 outp  14    3    7    2 val=  -0.11448
  23 k  1.0000000000000 stre  16   21           val=   2.30581
  24 k  0.7071067811894 bend  17   21   16      val=   0.37370
       -0.7071067811837 bend  15   21   16
  25 k  1.0000000000000 outp  21   15   17   16 val=  -0.02194
  26 k  0.5000000000000 tors  23   22   18   17 val=  90.15950
        0.5000000000000 tors  23   22   18   19
        0.5000000000000 tors  24   22   18   17
        0.5000000000000 tors  24   22   18   19
  27 k  1.0000000000000 stre  22   23           val=   1.91864
  28 k  1.0000000000000 stre  22   24           val=   1.90308
  29 k  0.8164873094712 bend  24   23   22      val=  -0.75244
       -0.4116136509750 bend  18   23   22
       -0.4048736541237 bend  18   24   22
  30 k  0.0038913696350 bend  24   23   22      val=   0.64045
        0.7051531117478 bend  18   23   22
       -0.7090443894671 bend  18   24   22
  31 k  1.0000000000000 outp  24   23   18   22 val=  -5.27313
  32 k  1.0000000000000 stre  19   25           val=   2.04000
  33 k  0.7071067811927 bend  20   25   19      val=  -0.31223
       -0.7071067811804 bend  18   25   19
  34 k  1.0000000000000 outp  25   18   20   19 val=   0.10146
  35 k  1.0000000000000 stre  20   26           val=   2.04565
  36 k  0.7071067812680 bend  19   26   20      val=   2.97949
       -0.7071067811051 bend  15   26   20
  37 k  1.0000000000000 outp  26   15   19   20 val=  -0.01167
  38 k  1.0000000000000 stre  15   27           val=   1.91428
  39 k  0.7071067815330 bend  20   27   15      val=   2.73367
       -0.7071067808401 bend  16   27   15
  40 k  1.0000000000000 outp  27   16   20   15 val=   0.08040
  41 k  1.0000000000000 stre   5    9           val=   2.51541
  42 k  0.7071067812066 bend   4    9    5      val=  -0.74408
       -0.7071067811665 bend   6    9    5
  43 k  1.0000000000000 outp   9    6    4    5 val=  -0.62211
  44 k  1.0000000000000 stre  18   22           val=   2.51641
  45 k  0.7071067811920 bend  17   22   18      val=  -0.76351
       -0.7071067811811 bend  19   22   18
  46 k  1.0000000000000 outp  22   19   17   18 val=  -0.40379
  47 k  1.0000000000000 stre   4    5           val=   2.52257
  48 k  1.0000000000000 stre   5    6           val=   2.69310
  49 k  1.0000000000000 stre   6    7           val=   2.55913
  50 k  1.0000000000000 stre   7    2           val=   2.55666
  51 k  1.0000000000000 stre   2    3           val=   2.61070
  52 k  1.0000000000000 stre   3    4           val=   2.60489
  53 k -0.2886751345948 bend   4    6    5      val=   0.86644
       -0.2886751345948 bend   5    7    6
        0.5773502691896 bend   6    2    7
       -0.2886751345948 bend   7    3    2
       -0.2886751345948 bend   2    4    3
        0.5773502691896 bend   3    5    4
  54 k  0.5000000000000 bend   4    6    5      val=   2.54354
       -0.5000000000000 bend   5    7    6
        0.5000000000000 bend   7    3    2
       -0.5000000000000 bend   2    4    3
  55 k -0.4082482904639 bend   4    6    5      val=   0.67851
        0.4082482904639 bend   5    7    6
       -0.4082482904639 bend   6    2    7
        0.4082482904639 bend   7    3    2
       -0.4082482904639 bend   2    4    3
        0.4082482904639 bend   3    5    4
  56 k -0.2886751345948 tors   5    6    7    2 val=   0.05489
       -0.2886751345948 tors   6    7    2    3
        0.5773502691896 tors   7    2    3    4
       -0.2886751345948 tors   2    3    4    5
       -0.2886751345948 tors   3    4    5    6
        0.5773502691896 tors   4    5    6    7
  57 k  0.5000000000000 tors   5    6    7    2 val=  -0.09823
       -0.5000000000000 tors   6    7    2    3
        0.5000000000000 tors   2    3    4    5
       -0.5000000000000 tors   3    4    5    6
  58 k -0.4082482904639 tors   5    6    7    2 val=  -0.09883
        0.4082482904639 tors   6    7    2    3
       -0.4082482904639 tors   7    2    3    4
        0.4082482904639 tors   2    3    4    5
       -0.4082482904639 tors   3    4    5    6
        0.4082482904639 tors   4    5    6    7
  59 k  0.5000000000000 tors   5    4   17   16 val=  91.73554
        0.5000000000000 tors   5    4   17   18
        0.5000000000000 tors   3    4   17   16
        0.5000000000000 tors   3    4   17   18
  60 k  0.7071067888580 bend   1    5    4      val=  12.10253
       -0.7071067735151 bend   1    3    4
  61 k  1.0000000000000 outp   5    1    3    4 val=   0.37474
  62 k  1.0000000000000 stre  17   18           val=   2.52427
  63 k  1.0000000000000 stre  18   19           val=   2.69466
  64 k  1.0000000000000 stre  19   20           val=   2.56062
  65 k  1.0000000000000 stre  20   15           val=   2.55485
  66 k  1.0000000000000 stre  15   16           val=   2.62121
  67 k  1.0000000000000 stre  16   17           val=   2.60508
  68 k -0.2886751345948 bend  17   19   18      val=   1.21913
       -0.2886751345948 bend  18   20   19
        0.5773502691896 bend  19   15   20
       -0.2886751345948 bend  20   16   15
       -0.2886751345948 bend  15   17   16
        0.5773502691896 bend  16   18   17
  69 k  0.5000000000000 bend  17   19   18      val=   2.60202
       -0.5000000000000 bend  18   20   19
        0.5000000000000 bend  20   16   15
       -0.5000000000000 bend  15   17   16
  70 k -0.4082482904639 bend  17   19   18      val=   0.90976
        0.4082482904639 bend  18   20   19
       -0.4082482904639 bend  19   15   20
        0.4082482904639 bend  20   16   15
       -0.4082482904639 bend  15   17   16
        0.4082482904639 bend  16   18   17
  71 k -0.2886751345948 tors  18   19   20   15 val=  -0.04472
       -0.2886751345948 tors  19   20   15   16
        0.5773502691896 tors  20   15   16   17
       -0.2886751345948 tors  15   16   17   18
       -0.2886751345948 tors  16   17   18   19
        0.5773502691896 tors  17   18   19   20
  72 k  0.5000000000000 tors  18   19   20   15 val=   0.01497
       -0.5000000000000 tors  19   20   15   16
        0.5000000000000 tors  15   16   17   18
       -0.5000000000000 tors  16   17   18   19
  73 k -0.4082482904639 tors  18   19   20   15 val=   0.03707
        0.4082482904639 tors  19   20   15   16
       -0.4082482904639 tors  20   15   16   17
        0.4082482904639 tors  15   16   17   18
       -0.4082482904639 tors  16   17   18   19
        0.4082482904639 tors  17   18   19   20
  74 k  0.7071067825407 bend   1   18   17      val=   5.41234
       -0.7071067798324 bend   1   16   17
  75 k  1.0000000000000 outp  18    1   16   17 val=  -0.11922
        75 non zero eigenvalues  of BmBt
           1          11.201302041    1    0
         1
           2          11.168186959    2    0
         2
           3           5.922597146    3    0
         3
           4           5.522974586    4    0
         4
           5           5.036577516    5    0
         5
           6           4.892225146    6    0
         6
           7           4.650622736    7    0
         7
           8           4.554730690    8    0
         8
           9           4.378531118    9    0
         9
          10           4.355630029   10    0
        10
          11           3.926738933   11    0
        11
          12           3.911638941   12    0
        12
          13           3.810049117   13    0
        13
          14           3.799856500   14    0
        14
          15           3.581638175   15    0
        15
          16           3.379296113   16    0
        16
          17           3.353532075   17    0
        17
          18           3.275416682   18    0
        18
          19           3.158128532   19    0
        19
          20           3.103143062   20    0
        20
          21           3.020281081   21    0
        21
          22           2.839756160   22    0
        22
          23           2.799986261   23    0
        23
          24           2.678165167   24    0
        24
          25           2.512882003   25    0
        25
          26           2.317374554   26    0
        26
          27           1.924269709   27    0
        27
          28           1.812204050   28    0
        28
          29           1.795626606   29    0
        29
          30           1.776816973   30    0
        30
          31           1.772657098   31    0
        31
          32           1.564225632   32    0
        32
          33           1.451732172   33    0
        33
          34           1.433093035   34    0
        34
          35           1.222500105   35    0
        35
          36           1.174234754   36    0
        36
          37           1.144232694   37    0
        37
          38           1.037650872   38    0
        38
          39           1.019131201   39    0
        39
          40           0.940992108   40    0
        40
          41           0.934459155   41    0
        41
          42           0.929033503   42    0
        42
          43           0.585757276   43    0
        43
          44           0.566426144   44    0
        44
          45           0.560292908   45    0
        45
          46           0.548506415   46    0
        46
          47           0.481271269   47    0
        47
          48           0.444166166   48    0
        48
          49           0.398834119   49    0
        49
          50           0.395563162   50    0
        50
          51           0.390255964   51    0
        51
          52           0.370179902   52    0
        52
          53           0.351777241   53    0
        53
          54           0.334630228   54    0
        54
          55           0.325747377   55    0
        55
          56           0.312840181   56    0
        56
          57           0.304474388   57    0
        57
          58           0.255971293   58    0
        58
          59           0.252704755   59    0
        59
          60           0.204598365   60    0
        60
          61           0.160835659   61    0
        61
          62           0.153693858   62    0
        62
          63           0.141021436   63    0
        63
          64           0.136814105   64    0
        64
          65           0.131095482   65    0
        65
          66           0.116489423   66    0
        66
          67           0.088319275   67    0
        67
          68           0.069099266   68    0
        68
          69           0.059336743   69    0
        69
          70           0.034007631   70    0
        70
          71           0.033397451   71    0
        71
          72           0.020154323   72    0
        72
          73           0.014820500   73    0
        73
          74           0.003905696   74    0
        74
          75           0.003645758   75    0
        75
$end
