$energy      SCF               SCFKIN            SCFPOT            MP2
     1 -931.1553543800      839.636323     -1770.79168     -3.313375882793
     2 -931.1619501314      839.519804     -1770.68175     -3.313004591538
     3 -931.1705988412      839.472687     -1770.64329     -3.312051913188
     4 -931.1781937635      839.457697     -1770.63589     -3.311264487722
     5 -931.1857016070      839.459686     -1770.64539     -3.310446552197
     6 -931.1929657599      839.487435     -1770.68040     -3.309627208876
     7 -931.1991979180      839.504883     -1770.70408     -3.309025897486
     8 -931.2041664429      839.510023     -1770.71419     -3.308708802704
     9 -931.2079634612      839.516127     -1770.72409     -3.308517251893
    10 -931.2106862134      839.520749     -1770.73144     -3.308303934438
    11 -931.2121992831      839.528183     -1770.74038     -3.308079327693
    12 -931.2120109994      839.520328     -1770.73234     -3.308011361280
    13 -931.2126148212      839.518304     -1770.73092     -3.307940402673
    14 -931.2127728731      839.521313     -1770.73409     -3.307876718187
    15 -931.2128098470      839.519727     -1770.73254     -3.307881249062
    16 -931.2128048782      839.519214     -1770.73202     -3.307890505025
    17 -931.2128103223      839.518701     -1770.73151     -3.307898378805
    18 -931.2127968918      839.519321     -1770.73212     -3.307926033930
    19 -931.2127763748      839.519615     -1770.73239     -3.307953694387
    20 -931.2127486931      839.520310     -1770.73306     -3.307992953797
    21 -931.2126730754      839.522799     -1770.73547     -3.308092032779
    22 -931.2121693941      839.539011     -1770.75118     -3.308536293105
    23 -931.2128234021      839.518319     -1770.73114     -3.307949761928
    24 -931.2128299378      839.521280     -1770.73411     -3.307978739620
    25 -931.2095602165      839.598697     -1770.80826     -3.309283712999
    26 -931.2128831310      839.523350     -1770.73623     -3.307936195390
    27 -931.2128969833      839.523582     -1770.73648     -3.307927459035
    28 -931.2129695215      839.524657     -1770.73763     -3.307879695802
    29 -931.2092918183      839.612966     -1770.82226     -3.308424760419
    30 -931.2130234361      839.525018     -1770.73804     -3.307836845427
    31 -931.2130833136      839.524891     -1770.73797     -3.307791044848
    32 -931.2132255150      839.525641     -1770.73887     -3.307679722270
    33 -931.2132448433      839.525974     -1770.73922     -3.307665142847
    34 -931.2133120683      839.528570     -1770.74188     -3.307611832201
    35 -931.2132735240      839.527835     -1770.74111     -3.307650009954
    36 -931.2132694519      839.528730     -1770.74200     -3.307656233785
    37 -931.2132555637      839.528804     -1770.74206     -3.307670174429
    38 -931.2132532023      839.528888     -1770.74214     -3.307672724569
    39 -931.2132537129      839.528871     -1770.74212     -3.307672480275
    40 -931.2132600670      839.528583     -1770.74184     -3.307666078090
$end
