$hessapprox internal
  0.479922213104D+00 -0.211468419644D-01  0.463797110989D+00 -0.709569093935D-02
 -0.429263867085D-01  0.888100173139D-01 -0.261048773027D-02 -0.748341925888D-02
  0.102704557463D-01  0.241686205633D+00  0.501340056697D-02  0.663125737294D-03
 -0.313243556524D-01 -0.865762648021D-02  0.102150623960D+01  0.352997316009D-02
  0.154681791150D-02 -0.247340613136D-01 -0.854698803145D-02  0.292737109865D-03
  0.469976855501D+00  0.652640158478D-02  0.152563447143D-01 -0.347550189858D-02
  0.143134722067D-01 -0.400411827546D-02 -0.277626488734D-02  0.213981808712D+00
 -0.251119854669D-03  0.783099275562D-03  0.460412977204D-03  0.785678120640D-02
  0.304873042362D-03  0.146163756618D-03  0.311609332636D-02  0.211602469523D-01
  0.239288062473D-03  0.802104980110D-03  0.219276741821D-02 -0.545445263662D-02
  0.834993498338D-03  0.200182503843D-02 -0.311532562689D-02  0.420079082063D-03
  0.524752931796D+00  0.191694176236D-02  0.136726605056D-02 -0.798428638717D-03
 -0.261031955264D-02 -0.234483198649D-02 -0.647474244987D-03  0.561423762108D-03
  0.352115618631D-03 -0.125762412378D-03  0.517912100011D+00 -0.298334998674D-02
 -0.351104157876D-02  0.962950817611D-03  0.206298355645D-02 -0.607733367410D-03
 -0.175637269016D-02 -0.196881954697D-03  0.196849588918D-04 -0.241330535346D-03
  0.103432789671D-02  0.348344296279D+00 -0.843359151445D-03  0.434505312608D-03
  0.346713838745D-02 -0.550697177182D-02  0.176978555376D-02  0.255394148610D-02
  0.147493772552D-02 -0.390428888428D-04  0.540324313003D-03 -0.291326801577D-03
  0.294286809304D-03  0.380512208726D+00  0.151533719857D-02  0.142345609820D-01
 -0.273838961431D-02  0.109725967943D-01 -0.626239594273D-02  0.257128907424D-03
 -0.855995175540D-02 -0.320670940226D-02 -0.141853476080D-02  0.180142896929D-03
  0.948831723532D-03 -0.322858739551D-02  0.304118896571D-01 -0.651266275470D-04
 -0.600005010665D-03  0.712782794995D-04 -0.122953404304D-02 -0.751034235968D-03
 -0.914213047006D-04 -0.262004258020D-03 -0.164696509216D-03  0.153036453449D-05
  0.910870439491D-04  0.354021593986D-03 -0.519340550656D-03  0.140395762174D-03
  0.448563777432D+00 -0.615363694415D-02 -0.760559200926D-02  0.201393823408D-02
  0.161643894765D-02  0.191066000241D-02 -0.791239437336D-03  0.188916508573D-02
 -0.133175230610D-02 -0.129898620334D-03  0.316437773212D-03 -0.444717218759D-03
 -0.124442167696D-02  0.205042577764D-02 -0.873982402554D-04  0.370432325241D+00
  0.125317247047D-01  0.187480365414D-01 -0.739904367064D-02 -0.272478208597D-02
  0.891048314213D-03 -0.875411718083D-03  0.206991405237D-04  0.194725345492D-02
 -0.566342732970D-03  0.744470228369D-03 -0.834533805149D-03  0.516631393739D-02
 -0.451185663736D-02 -0.191761277403D-03  0.301985652756D-02  0.842137329581D-01
 -0.558521087154D-03 -0.823439343726D-03  0.769099570463D-03 -0.773287061443D-03
  0.693503356734D-04  0.138273517608D-03  0.277461840680D-04 -0.136892125557D-03
  0.215216879989D-04 -0.166602557072D-03 -0.215240334358D-05 -0.317680393733D-03
 -0.210771678110D-04 -0.216079269061D-04 -0.181946741806D-03  0.258027750662D-03
  0.443985861217D+00 -0.628312740006D-03 -0.131033979679D-02 -0.101112238005D-02
 -0.553807115794D-03  0.443119937342D-03  0.141728794136D-03  0.238463359954D-03
 -0.160660218514D-03  0.147784846203D-03 -0.251447852350D-03 -0.197741304540D-03
 -0.475315025803D-04  0.356769385111D-03 -0.851130836693D-04 -0.269229308111D-03
 -0.168065160299D-03  0.948656924953D-05  0.375091320152D+00  0.161362982294D-03
  0.189771367348D-02  0.383412219543D-03  0.109390807132D-01 -0.280215770163D-02
 -0.257657737416D-02  0.345065251862D-02 -0.162395989470D-02 -0.122593506105D-02
 -0.230365548784D-03 -0.945996878978D-04 -0.158669601450D-04  0.524718563996D-03
  0.139262982075D-03  0.252617973570D-03  0.214550797181D-01  0.347519761409D-03
 -0.345715925212D-03  0.910724246886D-01 -0.481029784764D-03 -0.872735385800D-03
 -0.516577515511D-03 -0.342438125596D-03  0.466044078930D-03 -0.597760321665D-04
 -0.526774250684D-03 -0.106885422819D-05  0.242676952141D-03  0.202111917399D-03
 -0.364279455009D-04  0.135685607557D-03  0.118734478645D-03  0.569144267557D-04
 -0.208274325812D-03  0.727395571850D-05  0.199796338541D-05 -0.720009327188D-04
 -0.865369778978D-04  0.512515313424D+00 -0.293506420511D-02 -0.350742750807D-02
  0.303441428666D-02  0.103561796639D-02 -0.738935754836D-03 -0.131770305318D-02
  0.202273328167D-02 -0.238857935475D-03 -0.658199858843D-03  0.117623165916D-03
  0.316919310956D-03 -0.154552495036D-02  0.653602696087D-03 -0.168545893011D-03
 -0.672526603583D-03  0.304720055895D-02 -0.212991152638D-03 -0.160756451595D-03
  0.100289956092D-02 -0.227884648780D-04  0.372704729643D+00  0.781890484067D-02
  0.101517824775D-01 -0.262509432129D-02  0.748896624782D-02 -0.104697444107D-02
  0.103030921392D-02  0.140278943072D-01 -0.771797083163D-03 -0.152439502846D-02
 -0.330007598319D-03  0.789689343112D-03 -0.167754545322D-02  0.424857733432D-02
 -0.725863096620D-04  0.128847615555D-02 -0.677232889812D-02 -0.732747134254D-04
  0.455906778406D-03 -0.969366263791D-02 -0.107830843216D-03  0.124320745765D-02
  0.681067992422D-01  0.709834185351D-02  0.130846251654D-01  0.421879367954D-02
 -0.837942510934D-02  0.219647816331D-02  0.658389701947D-02 -0.444904733179D-02
  0.847904637613D-03  0.116073643337D-02 -0.113902214952D-02 -0.593438974970D-03
  0.175894437331D-02 -0.694689359858D-02 -0.222457262524D-03  0.154031032082D-02
 -0.145671420146D-02  0.183798787401D-03  0.780034548519D-03 -0.307729537481D-02
  0.560428627114D-03 -0.716129577790D-03 -0.349342181906D-02  0.105290116818D+01
 -0.488732898603D-02 -0.412055319932D-02  0.504305467410D-03 -0.690208633024D-02
  0.295408085537D-02  0.158160257945D-02 -0.303166936370D-03  0.119172106750D-02
  0.123283020679D-02  0.384928685589D-03 -0.101960427609D-02  0.155395756168D-03
 -0.544341195168D-02 -0.193842500845D-03 -0.183662450194D-02  0.367017100714D-02
 -0.118271471792D-03 -0.657700205347D-04 -0.231959004073D-02 -0.728697134760D-04
 -0.149450634215D-02 -0.729426323393D-03  0.427689076437D-02  0.464305325110D+00
 -0.428390963385D-02 -0.502200254470D-02  0.468687592466D-02  0.428923615244D-03
 -0.492674752797D-02 -0.320451347588D-02  0.760132357898D-02 -0.629407300916D-03
 -0.251716128464D-02 -0.261887212856D-03  0.122218680692D-02 -0.500576746438D-02
 -0.522603000466D-02  0.102817725155D-03 -0.149950085192D-02 -0.436030879048D-02
  0.293112151249D-03 -0.215722203804D-03  0.264669602543D-02 -0.426828060542D-03
 -0.818244240045D-03 -0.874789052325D-03 -0.279787906746D-02 -0.361973347945D-02
  0.227258026670D+00  0.595508384230D-04  0.171968904756D-02  0.292517843288D-03
  0.135924500350D-01  0.987840521265D-04 -0.210650785564D-03  0.268802815238D-02
 -0.676666367394D-02 -0.226106355266D-03  0.695754205918D-04 -0.307096455354D-03
  0.489267386805D-03 -0.945854668264D-03 -0.189082442695D-04 -0.864720184525D-03
 -0.103885780702D-02 -0.985427314038D-05 -0.114645186417D-03  0.920907364772D-04
 -0.103169727079D-03  0.555780270076D-03  0.493405596316D-04 -0.589252840009D-03
  0.459160046939D-03  0.214301871163D-03  0.228828622953D-01 -0.800109471718D-03
 -0.286222361536D-02 -0.178958885553D-01 -0.104523955538D-01 -0.669230249625D-03
  0.309851606719D-02 -0.735041737691D-02  0.723489086024D-03  0.252037722388D-02
  0.358346128921D-03 -0.116025633151D-02  0.234961592163D-02 -0.536186331996D-02
  0.136876203839D-03 -0.804087375699D-03 -0.745324389541D-03  0.109560722789D-03
  0.287174249989D-04 -0.492369895209D-02  0.226951589195D-03 -0.130169985984D-02
 -0.206569776527D-02  0.559513309514D-02  0.210037919498D-02 -0.628533942792D-02
 -0.877595846117D-03  0.527424044305D+00  0.406752400499D-02  0.407890034571D-02
 -0.130644176946D-02 -0.295115917690D-02 -0.464828072492D-02 -0.140329348789D-02
  0.396725525860D-03  0.460982235577D-03 -0.307465605699D-03  0.143122051872D-02
  0.217810342276D-02 -0.626575789046D-03 -0.113555825723D-03  0.287870303896D-03
  0.885293030857D-03 -0.116471582100D-04 -0.308812217558D-03 -0.499391628696D-03
  0.309467402415D-03  0.368638499477D-03  0.553836503541D-03 -0.280358480919D-03
 -0.307450241129D-02  0.160514972311D-03 -0.684374422088D-03  0.525737077816D-04
  0.181437246307D-03  0.512101673737D+00 -0.281594102205D-02 -0.143452898845D-02
  0.827027225700D-02  0.322079594463D-02 -0.131102529982D-02 -0.302367042791D-02
 -0.274824908765D-03  0.179251107150D-03 -0.835119376500D-03  0.943346103519D-03
  0.113170151831D-03  0.554896073150D-03 -0.147973757060D-02  0.294826758306D-03
  0.361283066095D-03 -0.372837652533D-04  0.223128630521D-04 -0.339385672305D-04
  0.573793725426D-03  0.348451149571D-04  0.709112203537D-03  0.151162726796D-02
 -0.246273261688D-02 -0.112972519167D-02  0.270990542710D-02 -0.697095290479D-06
 -0.191717390385D-02  0.189876121368D-02  0.347135001703D+00 -0.918364990932D-04
 -0.486654060200D-02 -0.324286151442D-01 -0.257763662997D-02  0.150549567815D-02
  0.764024993879D-02  0.153552454790D-03 -0.331951805193D-03  0.177262725715D-02
 -0.364900652555D-04 -0.978656415515D-03 -0.117457125129D-02  0.731524432900D-02
 -0.491418529949D-04 -0.314401441283D-02 -0.138844512207D-04 -0.250381509524D-03
 -0.319039729095D-03 -0.278276278708D-02 -0.342411121824D-04 -0.186915101488D-02
 -0.163139178397D-02  0.669385714705D-02  0.464113024500D-04 -0.740687299103D-02
 -0.516629529896D-03  0.252121504645D-02  0.433029423318D-03  0.563108026401D-03
  0.377255141356D+00  0.782520976176D-03 -0.785582403913D-03 -0.128237704588D-01
  0.113203063258D-01 -0.543498730320D-02 -0.271256491366D-02 -0.262134182299D-02
 -0.121138583651D-02 -0.126192255760D-02 -0.265596125832D-03  0.392960397810D-03
 -0.118628400730D-02  0.142413432457D-02 -0.153026644427D-03  0.584658200863D-03
  0.188153592295D-03 -0.125641096477D-03 -0.115833701883D-03  0.224322717597D-02
 -0.131787186165D-03  0.804988784553D-03  0.162836715397D-02 -0.238521907463D-02
 -0.268114782995D-02  0.449888850355D-03  0.975002888140D-03 -0.487904576391D-02
  0.496535820678D-04  0.943095151287D-03 -0.144955248231D-02  0.489096413794D-01
  0.746603515645D-03  0.804236184340D-03 -0.293346809365D-03 -0.284550774036D-03
 -0.768241143007D-03 -0.227981236702D-03  0.221890052984D-03  0.702882513023D-04
 -0.101448372532D-03  0.171022530052D-03  0.320961990283D-03 -0.120506548702D-03
 -0.623410310176D-04  0.344567791797D-04  0.186830724930D-03 -0.642288009823D-04
 -0.436273967621D-04 -0.641513030220D-04 -0.221219410062D-04  0.552778226996D-04
  0.100686029760D-03  0.615226354013D-04 -0.560424993733D-03  0.270837221104D-04
  0.692921219313D-04  0.679943606689D-04 -0.661131888542D-04  0.402334604639D-03
  0.278043428269D-03  0.679851335224D-04  0.496149881154D-04  0.448649415366D+00
 -0.515250496110D-02 -0.566832009824D-02  0.169330473150D-02  0.147317514113D-02
  0.220821940266D-02 -0.106251455161D-04  0.105048648578D-02 -0.156319710156D-02
  0.651626060616D-04  0.337647446438D-03 -0.578011589998D-03 -0.882852280085D-03
  0.837432686382D-03 -0.201256450538D-04 -0.170505588167D-02  0.196951971842D-02
 -0.121084517978D-03 -0.174623393018D-03 -0.486878013547D-03 -0.169716456081D-03
 -0.637488521730D-03  0.661219227480D-03  0.167868190534D-02 -0.136176795219D-02
 -0.143460950360D-02 -0.140165802655D-02 -0.282899064435D-03  0.725190228995D-03
  0.369862470318D-04 -0.244341434340D-02  0.140466730550D-03  0.156815506970D-03
  0.370599210004D+00  0.353549636052D-02  0.599577222300D-02 -0.232221395179D-02
  0.159264068538D-02  0.155374456185D-03 -0.341083992659D-03 -0.978265414479D-03
 -0.176026193513D-03 -0.948737923651D-03 -0.396072378142D-03 -0.235163312413D-03
  0.103470488740D-02 -0.787446441878D-04 -0.338783437843D-03  0.111142229861D-02
  0.243532262859D-02 -0.570344743515D-04  0.430765296427D-04 -0.433088642224D-02
 -0.896197491848D-04  0.971324397322D-03  0.360158183450D-03 -0.175660748631D-02
 -0.283704733437D-04  0.567090275768D-02 -0.118986010546D-02 -0.145810185880D-02
 -0.713500776599D-03 -0.138190100283D-03 -0.762025210605D-03  0.974672230954D-03
 -0.168727340606D-03  0.836946263773D-04  0.861921115086D-01  0.342943206703D-04
  0.307174264076D-04 -0.101546514707D-03 -0.979116088318D-04 -0.173786461982D-04
  0.111709765706D-03  0.134897421628D-03 -0.376416689847D-05 -0.128671901594D-04
 -0.134479513875D-03 -0.556686982643D-04 -0.122930088660D-04 -0.792134384639D-04
 -0.509714001405D-04 -0.122169825817D-04  0.820586167348D-04  0.402404347692D-06
  0.231526765387D-04 -0.489440380561D-05  0.247092937045D-05 -0.577531523455D-04
  0.467093908277D-04  0.940237804919D-04  0.629913041165D-04 -0.661701781093D-04
  0.381242782604D-04  0.109997745406D-04 -0.266976977526D-03 -0.499767839992D-04
 -0.207946833129D-04 -0.426600802155D-04 -0.385678613536D-04  0.492844402677D-05
  0.366477712959D-04  0.443799188698D+00 -0.477763802606D-03 -0.502902696017D-03
  0.574560529026D-03 -0.435808000649D-03  0.823201423568D-03  0.470866088556D-03
 -0.635526399138D-03 -0.290989636055D-03  0.177500477812D-03 -0.263271283001D-03
 -0.170644794319D-03 -0.119769655640D-03 -0.306599946350D-04 -0.289219946005D-04
 -0.183574350213D-03 -0.643096181915D-03  0.459106767696D-04  0.181512624710D-04
 -0.391346083857D-03 -0.560203237030D-04 -0.186428775872D-03  0.272353758727D-03
  0.589606794842D-03 -0.280555807676D-04 -0.178302671953D-03 -0.217626269835D-03
  0.360594324890D-03 -0.592148441720D-03 -0.197919480476D-03  0.290070390698D-03
  0.213844674645D-04 -0.765438098494D-04 -0.101739169356D-03 -0.638053389549D-03
  0.231597626679D-04  0.375155222220D+00 -0.106430065296D-02 -0.128969248522D-02
  0.151429822219D-02  0.998048158740D-02 -0.264284651182D-02 -0.191416948477D-02
  0.313819623762D-02  0.626574172172D-03 -0.146431632199D-02  0.231704146246D-03
 -0.465914410899D-04  0.305669542679D-04  0.216518442901D-02 -0.686331852468D-04
  0.102708425635D-04 -0.176547562202D-02 -0.164641082089D-03  0.655316824330D-04
  0.104758591175D-02 -0.146194206961D-03  0.774194720856D-03 -0.166090422170D-02
 -0.237970314654D-02 -0.219643193235D-02 -0.205795026481D-02  0.201573546491D-02
 -0.387938617704D-02  0.989693898573D-03  0.306359195472D-03 -0.163911115647D-02
  0.315776014044D-02  0.857092176613D-04 -0.745039845669D-03  0.296055365345D-01
  0.381131381012D-04 -0.700303845230D-03  0.951651493909D-01 -0.481596428222D-03
 -0.524678491404D-03  0.709524020491D-03 -0.738310953622D-04  0.747337233007D-03
 -0.422005896990D-04 -0.302111113441D-03  0.137067597097D-04  0.198952972466D-03
  0.171807120726D-03 -0.223207902787D-04  0.528783514483D-04 -0.563420371612D-04
  0.476333275469D-04 -0.179327794325D-03 -0.346180450122D-04  0.504482653505D-05
 -0.537031085533D-04 -0.872379146199D-04 -0.509527748301D-04 -0.238268037690D-04
 -0.111257656586D-03  0.419508001201D-03 -0.375574395165D-04 -0.276514500941D-03
 -0.610848743299D-04  0.283184931872D-03  0.271093018164D-03  0.275347923833D-04
 -0.339649353506D-04 -0.312991073312D-04  0.443320387211D-04 -0.152152761663D-03
 -0.173874208669D-03  0.782238885717D-05 -0.531253111150D-04 -0.183045572920D-03
  0.512976086118D+00 -0.119902799960D-02 -0.226598423804D-02  0.426540301398D-03
  0.345421361705D-03  0.115023714089D-03 -0.152132625439D-04  0.198916026738D-02
 -0.558173277216D-03 -0.321875610815D-03  0.233774962168D-04  0.207988557603D-03
 -0.115751860128D-02  0.245348282391D-02 -0.156298735259D-03 -0.753297583117D-03
  0.213538413189D-02 -0.187808067421D-03 -0.133680854799D-03  0.379509951926D-03
  0.532861363610D-05 -0.355316887115D-03 -0.280288532270D-04  0.933473432865D-04
 -0.563040610228D-03 -0.129490776270D-02 -0.810861566860D-04 -0.222210054194D-03
  0.371601590482D-03  0.783302469342D-03 -0.226882582494D-02  0.521824700127D-03
  0.645669544250D-04 -0.659533887728D-03  0.607283931455D-03 -0.389295619131D-04
 -0.913378851655D-04  0.484451105072D-03  0.434054035454D-05  0.371956475033D+00
  0.665591020198D-02  0.790903534187D-02 -0.416008328116D-03  0.655972261863D-02
 -0.364484874148D-02 -0.223498075720D-02 -0.946311221726D-03 -0.152363811062D-02
 -0.247380802992D-02 -0.518907133168D-03  0.108216912119D-02 -0.216574339085D-02
  0.412790572083D-02  0.358252049559D-04  0.150501851136D-02 -0.519789139998D-02
  0.140710222678D-03  0.183176492372D-03 -0.315917216672D-03 -0.168975830575D-03
  0.173433932956D-02 -0.194713730430D-02 -0.502135247042D-02 -0.174953609239D-02
  0.236356615785D-01 -0.522375027092D-03 -0.503805019625D-02 -0.503186577433D-03
  0.219827374930D-02 -0.350380130787D-02  0.230178234017D-02  0.349056736354D-04
  0.833063987943D-03 -0.614477058638D-02 -0.580949324756D-04  0.257807617517D-03
 -0.142907581026D-01 -0.869612706507D-04  0.141967554261D-03  0.775105297132D-01
 -0.174518022891D-01 -0.222151209751D-01  0.483544646377D-02  0.441433428066D-02
  0.298933310526D-01  0.354840587316D-02 -0.153932886225D-02 -0.776374786378D-03
  0.706266841237D-02  0.231462250273D-02 -0.544911949942D-02  0.475303767324D-02
  0.377202210987D-02  0.532536916717D-03 -0.668283892168D-02 -0.276762669614D-03
  0.105773823205D-02 -0.299403356618D-03 -0.743616176973D-03 -0.251257487530D-02
 -0.152805324040D-02 -0.110405246229D-02  0.192288685511D-01  0.112828374861D-02
 -0.786184975705D-03 -0.216378861726D-02  0.796561279479D-02  0.144301627845D-02
 -0.308769087985D-02 -0.221068177888D-02 -0.124555750335D-02  0.236265100747D-03
 -0.543906295862D-02  0.199767052325D-02  0.102661010421D-02 -0.284758159314D-04
 -0.314832209193D-02 -0.245365031144D-02 -0.606718564722D-03 -0.248306936214D-02
  0.614103088005D+00  0.415688961877D-03  0.125557713621D-02  0.155551062773D-02
  0.318415360714D-02 -0.211497665498D-02 -0.412332776558D-03  0.357313520362D-02
 -0.111394404872D-02 -0.108173681220D-02 -0.112310070669D-02 -0.302786434230D-03
 -0.125775172445D-04  0.118386338115D-02 -0.321609913188D-03  0.731219109416D-03
  0.828859248622D-03  0.976561454221D-04  0.469805616832D-03  0.524650494581D-02
  0.141608229677D-03  0.354436874692D-03 -0.564583888357D-04 -0.251397222505D-02
 -0.401641196089D-03  0.316643909733D-02 -0.552904127628D-03 -0.235250236101D-02
 -0.158475006308D-02 -0.900611693432D-04 -0.165453377029D-02  0.702429879754D-03
 -0.248822626535D-03  0.296740269214D-03  0.756351736635D-03  0.645443380029D-04
  0.332320585405D-03  0.412166796748D-03  0.167707403082D-03 -0.116594588951D-03
  0.160036614821D-02  0.100379232603D-01  0.438897063628D+00  0.776878787787D-03
  0.301120778219D-02 -0.211938491035D-02 -0.202967054820D-02 -0.221276558517D-02
 -0.634921755000D-03 -0.533526725231D-02  0.215982272984D-02 -0.527028721126D-03
  0.127365563280D-02  0.321369150956D-04 -0.147580255531D-02 -0.947576673994D-02
  0.754720165249D-03 -0.210881842404D-03  0.340104948101D-02  0.138801440753D-03
 -0.318146830580D-03 -0.395581981232D-02 -0.187156419961D-04  0.353881852761D-03
  0.603469328939D-02 -0.120204601911D-02 -0.332820133035D-03  0.989942907682D-02
  0.105533673642D-02 -0.844936538540D-03  0.246767630201D-03 -0.451521361653D-03
  0.135977325463D-02 -0.238603755668D-03  0.776386794711D-04  0.222838679967D-03
  0.170273684666D-02 -0.410568715832D-04 -0.210141985462D-03  0.124603067663D-03
 -0.581650239144D-04  0.996405240539D-03 -0.770835902079D-03 -0.204219143592D-02
 -0.601834968394D-02  0.151682343663D+00 -0.207536937834D-01 -0.256975329843D-01
  0.129312170153D-01  0.952351693356D-02  0.245029776437D-01 -0.646692358469D-03
 -0.772113273593D-02 -0.227715118012D-02  0.564107212540D-02  0.160773156352D-02
 -0.383393765628D-02  0.704666029404D-03  0.109353515718D-02  0.640326780111D-03
 -0.591053350758D-02 -0.428529095448D-02  0.104165930065D-02 -0.284302128326D-03
  0.272185802053D-03 -0.230808060298D-02 -0.142766341734D-02 -0.764963171598D-03
  0.142001006529D-01 -0.223721483758D-02 -0.254740042197D-02 -0.159782732873D-02
  0.434254830418D-02  0.577332922338D-03 -0.155097555832D-02 -0.451109874066D-02
  0.657381592752D-04  0.104241401661D-03 -0.501551688968D-02  0.512809984158D-03
  0.829554811011D-03  0.518076935953D-04 -0.157985054996D-02 -0.225903079114D-02
 -0.631621894305D-03  0.753695150261D-05 -0.691357530484D-01  0.996153105950D-02
 -0.131827410311D-02  0.625276277311D+00  0.211013712573D-02  0.350689488723D-02
 -0.139242081427D-01 -0.476708364095D-02 -0.160790752073D-02  0.653473034820D-02
  0.416833508786D-02 -0.191408861111D-02 -0.465627931576D-03 -0.473508081860D-03
 -0.159856402880D-02  0.103782037447D-02  0.300834366924D-02 -0.306931737295D-03
 -0.115125018237D-02  0.236115220545D-02 -0.166679311839D-03  0.321807376878D-03
 -0.111954137799D-03  0.160860631542D-03 -0.109166898656D-02  0.221838521851D-02
  0.230383243834D-02 -0.237591637928D-03 -0.101497998394D-02 -0.168061988063D-02
  0.204341167007D-03 -0.335353384461D-03 -0.272619713581D-02  0.568063080356D-02
 -0.491324659454D-03 -0.478638524268D-04 -0.784541926289D-03 -0.541457597603D-03
  0.549078004527D-04  0.432179818214D-03 -0.219836722411D-02  0.165400019098D-03
 -0.378402543507D-03  0.954114652428D-03  0.115641586977D-01 -0.116024144922D-02
  0.157485860179D-03  0.690632067026D-02  0.441135657941D+00  0.129888430100D-02
  0.249353558663D-02 -0.351751848166D-02 -0.140526904867D-01 -0.281115467882D-03
 -0.174556585431D-03  0.139690074284D-01  0.968560497006D-03  0.477484589080D-03
  0.110052962639D-02 -0.111336287169D-04  0.846494488021D-03 -0.230968947152D-02
  0.436884762890D-03 -0.455100704524D-03 -0.322450093008D-02  0.225166348939D-03
 -0.166730536897D-03 -0.158097264152D-02  0.229811194422D-04  0.451439944082D-03
  0.247077723083D-02  0.374513986667D-03  0.310480535156D-03 -0.102195667856D-01
 -0.580724821762D-03  0.150307167369D-03  0.210929891439D-02 -0.188401212828D-03
 -0.189125848150D-02 -0.937751792217D-02  0.132532723362D-03 -0.686980595897D-03
  0.771803953598D-02 -0.147933612478D-04 -0.405709177137D-03 -0.637048612774D-02
 -0.131134492671D-03  0.244831515516D-03  0.663862207276D-03 -0.721429453921D-02
  0.104044634311D-02  0.221818297767D-03 -0.657645331887D-02  0.298942801073D-02
  0.158080573276D+00  0.217894212500D-02  0.439119537186D-02 -0.610833108127D-02
 -0.599032965345D-02 -0.242878273904D-02  0.395161154197D-02  0.462683275706D-03
  0.472764747329D-03 -0.597669164538D-04 -0.188326117327D-02 -0.957553866198D-03
  0.316084613273D-03 -0.357107668871D-02 -0.487556805620D-03  0.442950247791D-03
 -0.247475358102D-03  0.130837789680D-03  0.622880703565D-03 -0.733309077840D-04
  0.345425753026D-03 -0.962007364507D-03  0.947634233354D-03  0.310078608523D-03
  0.104813122233D-02  0.138980257333D-02  0.161545243986D-04  0.562149131435D-03
 -0.367784148118D-02 -0.188990875957D-02  0.239399178123D-02 -0.171439102384D-02
 -0.601703535325D-03  0.521352426171D-03 -0.132596833879D-03  0.533131878652D-04
  0.690854902663D-03 -0.263784966516D-02  0.386943657212D-03 -0.366209054760D-03
 -0.418954972685D-03  0.257901968626D-01 -0.401899889489D-03 -0.239732689234D-02
  0.215336151685D-01  0.737729366912D-03  0.488741966416D-03  0.685029897494D+00
  0.319657064697D-02  0.535820740460D-02  0.176410557767D-02 -0.582287656214D-02
 -0.542640254133D-02  0.125146878806D-02  0.186142958100D-02  0.463527467505D-03
 -0.132091653761D-02 -0.252984944003D-02 -0.383721972154D-03 -0.529010722615D-03
 -0.558184910639D-02 -0.997765418088D-03  0.145991922923D-02  0.401070219847D-02
 -0.693581307955D-04  0.851124731286D-03 -0.288406230741D-03  0.595940601653D-03
 -0.746167350142D-03 -0.420881238726D-03 -0.236447388257D-02  0.167276796501D-02
 -0.424759896976D-03  0.707865234737D-03 -0.767553118188D-03 -0.497260632489D-02
 -0.118908709886D-02  0.988608287444D-03 -0.185639953265D-02 -0.822649301310D-03
  0.149886545377D-02  0.432254244493D-03  0.261383163017D-04  0.708715732850D-03
 -0.177606968508D-03  0.681620992849D-03 -0.365519133021D-03 -0.803646021766D-03
  0.351277281096D-01 -0.164109392694D-02  0.681430300819D-03  0.302102861099D-01
 -0.267939416893D-02  0.214873836981D-02 -0.319860726983D-02  0.544424450134D+00
 -0.690217475401D-02 -0.844296403448D-02  0.589852211388D-02  0.259654044477D-02
  0.611654594879D-02 -0.906304959826D-03 -0.114692443217D-02 -0.258246815783D-04
  0.126719279609D-02  0.113345704084D-02 -0.379109485155D-03 -0.457926535099D-03
  0.145825313834D-02  0.458555077374D-03 -0.197564971753D-02 -0.294022238938D-04
  0.202573382094D-03 -0.343706368996D-03  0.204793254264D-02 -0.518140797732D-03
 -0.317299173329D-03 -0.106470290677D-02  0.287536128610D-02 -0.122529415082D-02
  0.598658556694D-03 -0.123455656241D-03  0.100890710667D-02  0.178856116913D-02
  0.597493450911D-03 -0.345360156239D-02  0.404337360615D-03  0.297817859087D-03
 -0.183194352967D-02 -0.299947558809D-03  0.113448227901D-03 -0.215609696257D-03
 -0.529233195417D-03 -0.536133666164D-03 -0.448845269882D-03  0.528604351470D-03
 -0.202171011863D-01  0.201884710727D-02  0.169533369060D-03 -0.170368194278D-01
  0.564813199254D-03 -0.836028338435D-03  0.391998908915D-02  0.638405472920D-02
  0.706598010444D+00  0.319460486657D-02  0.243310058732D-02 -0.255623535524D-02
 -0.209745098228D-02 -0.583620529461D-02 -0.152645745910D-02 -0.108628083345D-02
 -0.578669671977D-03 -0.728512047404D-03 -0.348290524771D-05  0.167980956266D-02
 -0.132697868227D-02 -0.798151599497D-03  0.146830497631D-03  0.123625695198D-02
 -0.776908795268D-03 -0.123231713876D-03 -0.188522069750D-03  0.343271098433D-03
  0.406364912393D-03  0.136502358434D-03 -0.213759826274D-03 -0.321693175345D-02
  0.141399985715D-04  0.990016353989D-03 -0.191667415298D-03 -0.717772892870D-03
  0.436681940271D-03  0.112899730272D-02  0.512942049558D-03 -0.327855956973D-03
  0.377522955318D-04  0.115126205193D-02 -0.612443317014D-03 -0.242256379941D-03
 -0.729548662657D-04 -0.179382765943D-03  0.411090622037D-03  0.731352851786D-04
  0.140009178055D-03  0.993525685192D-02 -0.211285817039D-02  0.285493667641D-02
  0.964017371932D-02 -0.222764267274D-02  0.125125960280D-02 -0.407317271242D-02
 -0.636075942183D-02  0.378968117678D-02  0.636030444289D+00 -0.331384584305D-02
 -0.321093912817D-02  0.150773380210D-01  0.886739016739D-02  0.214891441498D-02
 -0.152406400408D-02  0.662619923750D-03 -0.923566050284D-03 -0.144222732685D-02
  0.309028853288D-03  0.102663705767D-02 -0.301554224596D-02  0.791114006096D-02
  0.248894388750D-03 -0.777090106324D-03 -0.220818298130D-02 -0.165162993212D-03
 -0.316626538968D-03  0.258568964505D-02 -0.135307334180D-03  0.477345336465D-03
  0.126402533115D-02 -0.342344282538D-02 -0.289536357334D-02  0.444368689344D-03
  0.473907020553D-03 -0.156931808093D-02  0.143756488917D-02  0.196294970627D-02
 -0.364253349195D-02  0.488788394532D-02  0.277822104261D-03 -0.105033572651D-02
 -0.268262819319D-03 -0.114277712904D-03 -0.370701504483D-03  0.275307334280D-02
 -0.258966987112D-03 -0.576759372270D-03  0.309624087879D-02 -0.119571489317D-01
  0.117627682588D-02  0.136889211868D-02 -0.683674834256D-02 -0.774086622182D-03
 -0.970435489239D-03 -0.795172545711D-03  0.147656459751D-03 -0.183547993390D-02
  0.247851661628D-02  0.573606718152D+00  0.362696897077D-03  0.862408704459D-03
  0.331655954065D-02 -0.572933629835D-04  0.656563139194D-02  0.126754602027D-02
 -0.414962220553D-02 -0.198663503523D-03  0.180530909669D-02  0.158759465732D-03
 -0.133501382807D-02  0.271739126161D-02 -0.126931835531D-02  0.248312850345D-03
 -0.116329939964D-03 -0.293256968934D-02  0.432755997716D-03  0.143050719407D-03
 -0.119008956936D-02 -0.508599403265D-03  0.154676475013D-03 -0.131049288362D-02
  0.425368569230D-02  0.147778659160D-02  0.260309937004D-03 -0.819469899697D-03
  0.278103371575D-02 -0.716268698440D-03 -0.198769452022D-02  0.483859554089D-02
 -0.835269347825D-03 -0.829123747543D-04  0.128594482453D-03 -0.726634175645D-03
  0.259270646886D-03  0.143607297881D-03 -0.115772628573D-02 -0.501292944465D-03
  0.793658044909D-03 -0.198812133738D-02 -0.137732421618D-01  0.171517122890D-02
  0.629489073195D-03 -0.126495395497D-01  0.306821243412D-02 -0.142951890549D-02
  0.572990442554D-02  0.744084833914D-02 -0.323597679979D-02  0.159581557327D-02
 -0.178189762755D-02  0.569748333227D+00 -0.446804011296D-02 -0.308917466312D-02
  0.191461631804D-01  0.400472218371D-02  0.780460328355D-03 -0.230841886858D-02
 -0.123244224895D-02 -0.417645373235D-03 -0.124277934668D-02 -0.950972471416D-03
  0.743594578879D-03 -0.330044666164D-02  0.211255352244D-04 -0.330225822352D-03
 -0.257119368867D-03 -0.677488650631D-03 -0.123353043132D-03  0.166212712086D-03
 -0.105111193730D-02  0.270229756756D-03 -0.248835405651D-03 -0.935389589702D-03
 -0.384623914807D-02 -0.700723740366D-03 -0.152883221011D-02  0.126718490983D-03
 -0.672485101653D-03 -0.166865273652D-02  0.199605839927D-02 -0.797204124381D-02
  0.192791814687D-02 -0.265125348079D-03 -0.599436007680D-03 -0.405728459388D-03
 -0.769522723230D-04  0.706898698424D-04  0.533799003717D-03  0.240511953624D-03
 -0.127023884186D-02 -0.110443850637D-03  0.106741038702D-01 -0.305275929412D-03
  0.864548603185D-03  0.125443886755D-01 -0.536954495557D-02 -0.173703010253D-02
 -0.295556897199D-02 -0.197662049805D-02  0.214845709404D-02 -0.874284042490D-03
 -0.111883491009D-02  0.416179305010D-02  0.432188742221D+00 -0.868038327260D-03
 -0.266283065413D-02  0.938003201364D-03  0.427094321699D-02  0.509219105999D-03
 -0.171061787721D-02 -0.226257550946D-02 -0.505418114709D-03  0.306607886567D-03
  0.332292608080D-02  0.219846368967D-02 -0.115947159313D-02  0.687315870105D-02
  0.122708288482D-02 -0.834288882296D-03 -0.248699363886D-02 -0.185420016357D-03
 -0.106559296816D-02  0.188088644162D-02 -0.160558224143D-03  0.823618356273D-03
  0.302894904204D-03 -0.148054782219D-02 -0.238558688610D-02  0.165255552358D-03
 -0.417418718229D-03  0.429160725546D-03  0.712238981263D-02  0.223880510483D-02
  0.555670599282D-03  0.278796328769D-02  0.105595642283D-02 -0.931610495277D-03
 -0.115546161200D-02 -0.274632673467D-03 -0.919289247977D-03  0.101274078308D-02
 -0.337334394450D-03  0.390368222824D-03  0.153837992418D-02 -0.280060547665D-01
 -0.736623223680D-03  0.299299469987D-02 -0.232392242453D-01  0.151362890246D-02
 -0.923852094417D-04 -0.651854967627D-03 -0.588240324087D-03 -0.347279307729D-02
  0.623285955251D-02  0.196527578697D-02 -0.647438085204D-02 -0.226738745826D-03
  0.434726677953D+00 -0.423902679576D-02 -0.355496560344D-02  0.130348697615D-01
  0.669678531691D-02  0.495048392785D-02 -0.552732314038D-03  0.497361229930D-03
 -0.873160804757D-03 -0.558150346848D-03 -0.156025818758D-02 -0.724769622474D-03
 -0.174250333016D-02  0.271024523943D-02 -0.335607740275D-03 -0.660679073588D-03
 -0.175022056736D-02  0.132344806370D-03  0.270648537170D-03  0.145992808141D-03
 -0.264442757354D-03 -0.509887010722D-04  0.113184260137D-03 -0.469502340408D-03
 -0.819241649292D-03  0.627721027193D-04 -0.275075441873D-03 -0.681141618491D-03
 -0.313693603093D-02  0.642147701142D-03 -0.567147959348D-02  0.226786951157D-02
 -0.385219880873D-03 -0.856463908565D-03  0.415468679126D-03  0.130796717503D-03
  0.228749130564D-03  0.105019365322D-02 -0.241446851286D-03 -0.907491426865D-03
  0.998720421694D-03 -0.725095208913D-03  0.214914851190D-02 -0.133892573285D-02
  0.234993684306D-02 -0.144953916976D-02 -0.257907029637D-02  0.165489527014D-02
  0.390534940297D-02 -0.130890774336D-02 -0.121686086558D-03 -0.179163595145D-02
  0.139472085146D-02  0.329639330185D-03 -0.576368668717D-02  0.431733288269D+00
  0.155925432089D-02  0.117750850497D-02 -0.577130210191D-03 -0.414900754938D-02
 -0.386349224418D-02 -0.171699243000D-02  0.160352509704D-01 -0.167182605780D-02
 -0.277295260367D-02 -0.270976339210D-03  0.107608212561D-02 -0.339557076976D-02
  0.423626942566D-02 -0.755805871323D-04  0.521637912035D-03  0.175905630492D-01
 -0.616137193921D-06 -0.163182897174D-03  0.814783196528D-02 -0.176118352802D-03
  0.792203513903D-03  0.114594646206D-01 -0.481199849389D-02 -0.236927854385D-02
  0.126440801608D-02 -0.758304051328D-03 -0.445285829000D-02 -0.416620894916D-03
  0.190728819344D-02 -0.268783861612D-02  0.249284901805D-02 -0.213308599948D-05
  0.364880724590D-03  0.249960304286D-02 -0.873609988895D-04 -0.224170625475D-03
 -0.636009510384D-03 -0.157289627081D-03 -0.685372118625D-04  0.288785147305D-02
 -0.204989468725D-02  0.723205405172D-03  0.188728438439D-01 -0.177050989121D-02
  0.128077666265D-02  0.457052551070D-02  0.196638804442D-03 -0.581036130530D-03
  0.210873746264D-03  0.247016582009D-03  0.157336353474D-02 -0.788028414715D-03
 -0.145038409638D-02  0.199965753628D-02  0.149183398621D-03  0.434850487886D-01
 -0.155570482168D-02 -0.400308126444D-02 -0.206544312259D-02 -0.171983051265D-01
  0.469222390317D-02  0.308556494485D-02 -0.215722693768D-01  0.467592588420D-03
  0.292212439809D-02  0.810287631999D-03 -0.909862094793D-03  0.117404791919D-02
 -0.845366940689D-03  0.773765570416D-03 -0.116088312152D-02 -0.257824093085D-01
  0.194825256795D-03  0.212217198679D-03 -0.351297491711D-01  0.348973904190D-04
 -0.710379242781D-03  0.826719081228D-02  0.473109837823D-02  0.205956063375D-02
  0.429988288089D-02 -0.666502320209D-03  0.614090945758D-02  0.524634004825D-03
 -0.150982994799D-02  0.249646786845D-02 -0.967205039345D-03  0.143469230759D-03
 -0.567880351564D-03  0.149041371393D-02  0.717022044437D-04  0.615851131202D-03
 -0.575865660881D-02 -0.411554199178D-04 -0.148734461915D-03 -0.327036357019D-03
 -0.520123245646D-02 -0.505687817204D-02  0.268727878786D-01 -0.239902966796D-02
  0.954829747419D-04 -0.333195682283D-02  0.216306962648D-02  0.231880686513D-02
 -0.212787300335D-02  0.269742773656D-02 -0.179463616803D-02  0.592872525070D-04
  0.336692326513D-02 -0.173761796025D-02 -0.969329999428D-03 -0.221286311664D-02
  0.787946666899D-01  0.496081620562D-03 -0.217374415544D-02  0.623857601182D-04
 -0.174752095364D-01  0.283206218315D-02  0.288416898314D-02 -0.218040419852D-01
 -0.766245961667D-03  0.163307623194D-02  0.501531579301D-03  0.358229631868D-03
 -0.250327196787D-02  0.558135390226D-03  0.387363423185D-03 -0.218955070307D-02
  0.294991251773D-01  0.224151277069D-03 -0.482685658122D-03  0.249411961344D-01
  0.241825361619D-03 -0.137444667236D-02 -0.185975807648D-01  0.346704154066D-02
  0.311174029017D-03 -0.413584147605D-02 -0.475527926512D-03  0.411801299258D-02
  0.245954144464D-03  0.173240196906D-02 -0.514751955423D-02 -0.962319054414D-03
 -0.676092101427D-04 -0.170801260171D-02  0.327011274901D-03 -0.947136228280D-04
  0.407225463337D-04 -0.101564463754D-02  0.421950322982D-04 -0.199007666428D-02
 -0.536273404070D-02 -0.849682442473D-03 -0.229015757110D-02  0.198122360328D-01
 -0.332184882291D-03 -0.399083634158D-03 -0.386000013196D-02  0.212780055091D-03
  0.143253559454D-02  0.427795732773D-03  0.176191746601D-02 -0.330257733027D-02
  0.328579414841D-02 -0.344751356891D-02  0.110350803163D-02 -0.402977518891D-02
  0.653081830722D-02 -0.640951891028D-02  0.602246233544D-01  0.140221800503D-02
 -0.861094734117D-03  0.166478221470D-03  0.181150043337D-01 -0.265367008294D-02
 -0.183936870461D-02 -0.936326966371D-02 -0.187074168336D-02 -0.267284225660D-02
 -0.119487518506D-02  0.513931088618D-03 -0.186081368296D-02  0.149170494711D-01
  0.998489302476D-05  0.119137334782D-02 -0.283915585881D-02 -0.210767411348D-04
  0.419579470748D-04  0.203626441300D-02 -0.684426914701D-04  0.179195602760D-02
  0.284648396002D-02 -0.590607556036D-02 -0.347482504510D-02 -0.422200958273D-02
  0.176510227676D-02 -0.462979441293D-02 -0.713303701094D-03  0.134080526444D-02
 -0.181718553846D-02  0.933732304234D-02 -0.271804334678D-04  0.347729724948D-03
  0.109656099418D-02 -0.636924989402D-04  0.321761266006D-03  0.310431246348D-02
 -0.705873207109D-04  0.144001444883D-03  0.384642831237D-02 -0.358796634908D-02
  0.676395737721D-03 -0.239301176104D-02  0.385479121941D-02 -0.137072490756D-02
 -0.103656530933D-01 -0.185834901137D-02 -0.269873558134D-02  0.677768351357D-03
  0.521220684742D-03  0.554144791763D-02 -0.111038812819D-02  0.115182339678D-02
  0.384065352267D-02  0.224375520262D-02  0.333652835952D-02  0.146603055644D-02
  0.144427512934D-03  0.199283656593D-01 -0.389865090498D-02 -0.163892949263D-01
 -0.936861922570D-02  0.129114795423D-01 -0.214207553884D-01 -0.227659999549D-01
  0.967605369938D-02  0.120823169312D-02 -0.409766520268D-02 -0.185634372189D-02
  0.232206107984D-02 -0.959055488232D-03 -0.575277044129D-02 -0.115499525527D-02
  0.449637683211D-02  0.727176389874D-02  0.639169200577D-04  0.312019198876D-03
  0.107991454392D-01  0.165769157559D-03  0.327095240861D-02 -0.101677055320D-02
 -0.107422431412D-01 -0.920033917447D-03  0.946465731394D-02  0.470489154791D-02
 -0.158351468315D-01 -0.290458700354D-02  0.606970915786D-02 -0.199681065992D-01
 -0.207230439661D-02 -0.473776444676D-03  0.329414606462D-02  0.169199120971D-02
 -0.878837180157D-05  0.104585680272D-03  0.602520950947D-02  0.791940092257D-03
  0.114812834546D-02  0.573891265302D-02  0.207712087521D-01  0.279954411703D-02
 -0.203687303078D-03  0.251648075010D-01 -0.163958360699D-01  0.425736577071D-02
 -0.976612951333D-02 -0.457702420270D-02  0.905174438144D-02 -0.591164328947D-02
  0.117046086264D-01  0.163425373756D-02  0.149390268686D-01 -0.638169777915D-03
  0.141210042299D-01  0.257551101989D-02 -0.649484790012D-02 -0.591082943857D-03
  0.322969529872D-02  0.229381482523D+00 -0.941402193639D-02 -0.179624814882D-01
 -0.912170785966D-02 -0.594152119294D-01  0.900019992290D-02  0.926997717389D-02
 -0.266255092127D-01 -0.172855550122D-02  0.603850123596D-02  0.673295391212D-03
 -0.178370817361D-02  0.506408183543D-02  0.490372572088D-02  0.102785057911D-02
 -0.250330848434D-02  0.495383232590D-02  0.608734051323D-03 -0.296320620640D-03
 -0.113689188213D-01  0.474700087183D-03 -0.288198605969D-02  0.200034620233D-02
  0.100514475157D-01  0.797813556810D-02  0.153165877394D-02 -0.718795567916D-02
  0.146595981398D-01  0.135371989977D-03 -0.370368045042D-02  0.666934813436D-02
 -0.430320052329D-02 -0.132635488448D-03 -0.447524747090D-03 -0.996630632714D-03
 -0.307802824624D-04  0.381564958322D-03 -0.111030944562D-01  0.255581110159D-03
 -0.112266864887D-02  0.362644366689D-02  0.210660010651D-03 -0.441320168161D-02
  0.190643856561D-01 -0.612479021871D-03  0.442790264655D-02  0.543170963469D-02
  0.652144071759D-02  0.370528281665D-02 -0.996224457270D-03  0.175619274338D-02
 -0.102268391138D-01  0.417134499350D-02 -0.336492312114D-02 -0.350913154486D-02
 -0.621690888256D-02 -0.322140053384D-02  0.390457021161D-01  0.354140835701D-01
 -0.126864916395D-01 -0.214832008878D-01  0.232787136616D+00  0.102559219236D-02
  0.129228522406D-02 -0.172050050182D-01 -0.143906115195D-01 -0.198741815219D-02
  0.625347850116D-02 -0.323225895513D-02  0.120355265705D-02  0.152626606009D-02
 -0.649015166196D-03 -0.172367724692D-02  0.197088740144D-02 -0.497863453634D-02
 -0.299080281497D-03 -0.104424847722D-02  0.176397516779D-02  0.266172410896D-05
  0.307796060258D-03 -0.335453608027D-02  0.282401513934D-03 -0.195303237270D-02
  0.146241285642D-03  0.555418000829D-02  0.125291065961D-02 -0.331896406991D-02
  0.777837293236D-05  0.285731217789D-02 -0.144911644735D-02 -0.337443988330D-02
  0.684011576077D-02 -0.438334219880D-02 -0.286089227669D-03 -0.333458673913D-03
 -0.566522814113D-03  0.328431870933D-04  0.532816969161D-03 -0.422530364373D-02
  0.321045646807D-03 -0.288298839742D-03 -0.255559934378D-02  0.200591669761D-01
 -0.164138259822D-02 -0.129863743645D-02  0.131636942208D-01  0.271463875720D-02
  0.222217745094D-02  0.107042600048D-02 -0.241026914788D-02  0.225692669040D-02
 -0.320637566052D-02 -0.180196760718D-02  0.453467044392D-02 -0.327799560675D-02
  0.300950106965D-03 -0.212765422522D-03 -0.205291110781D-02  0.457983946413D-02
  0.375335929384D-02 -0.432367420400D-02 -0.207915846007D-01  0.163769796501D-01
  0.686661439881D+00  0.706249179238D-02  0.759402500588D-02 -0.655446605600D-02
 -0.264256002683D-02 -0.642097465343D-02  0.318394505507D-02  0.311049829447D-03
 -0.100590667707D-02 -0.159464687918D-02 -0.323571413591D-02 -0.431136922062D-03
 -0.139266350916D-03  0.186876302306D-02 -0.874608499798D-03  0.202739230313D-02
 -0.153614401457D-02  0.227390175192D-04  0.911050142462D-03  0.696116941480D-04
  0.624430504927D-03 -0.233914547624D-03  0.501736897678D-03 -0.306887571479D-02
  0.174045335344D-02 -0.461961390689D-03 -0.242599862182D-03 -0.105626539314D-02
 -0.560840743806D-02 -0.133337472895D-02  0.247406368597D-02  0.117954539605D-03
 -0.920416269505D-03  0.194880157824D-02  0.121175310364D-02  0.180694364093D-05
  0.919929410775D-03  0.222218061794D-02  0.687737850564D-03 -0.392446502979D-03
 -0.131946169977D-02  0.355540405646D-01 -0.141884295393D-02  0.532558404588D-03
  0.327049555576D-01 -0.494000337323D-03  0.132641089345D-02 -0.247589814127D-02
 -0.648865841111D-02  0.673323922336D-02 -0.654329515101D-02  0.132292172845D-02
  0.749359591162D-02 -0.339113351603D-02  0.803149612376D-03  0.362807103981D-02
 -0.559944320424D-03  0.318451045967D-02  0.257310312363D-03 -0.316758375442D-03
 -0.112262541920D-01  0.663080820839D-03 -0.989135658987D-03  0.542485648512D+00
 -0.492766258373D-02 -0.632161101964D-02  0.197224862655D-02  0.537856286789D-02
  0.482419005386D-02 -0.146474092403D-02 -0.997645542943D-03  0.770621005256D-04
  0.759781445940D-03  0.735387050910D-03 -0.518154418156D-03 -0.346818693047D-04
  0.215408260981D-02  0.258144233580D-03 -0.129225353066D-02 -0.132028289102D-02
  0.150304197523D-03 -0.278103007917D-03  0.430140919194D-03 -0.551967078779D-03
  0.160196365581D-03  0.422815946441D-03  0.218007440875D-02 -0.116922691116D-02
 -0.381030714879D-03  0.360446743545D-03 -0.235356924509D-03  0.108838825518D-02
  0.419298152093D-03 -0.271618561793D-02  0.114492686668D-02  0.211376181964D-03
 -0.125983807063D-02 -0.103678204491D-02  0.126419434425D-03 -0.176542450262D-03
 -0.114951901041D-02 -0.526492245539D-03 -0.112563135640D-04  0.122824164046D-02
 -0.188762696103D-01  0.224897998735D-02 -0.443689055912D-03 -0.158298922952D-01
  0.115752645985D-02 -0.217602762409D-02  0.357739691338D-02  0.624737988989D-02
 -0.420306514744D-02  0.298006870700D-02 -0.811435741699D-03 -0.353605388764D-02
  0.272870732438D-02 -0.376043174900D-02 -0.256400367454D-03  0.476522079793D-03
 -0.161513427423D-02 -0.123799514550D-02  0.243949755486D-02  0.837680549051D-02
 -0.355770002089D-02  0.138800393675D-02  0.659460865045D-02  0.705590514961D+00
  0.550669415237D-02  0.722184241159D-02  0.270366419145D-03 -0.171399283728D-02
 -0.415760668587D-02 -0.100188564039D-02 -0.118980179532D-02  0.265525936652D-03
 -0.318300670344D-03  0.234680332990D-03  0.132991165922D-02  0.576294413414D-03
 -0.321254474082D-02  0.999833103481D-04  0.200868875613D-02 -0.119588760945D-02
 -0.808569853837D-04  0.662604434480D-05 -0.608609933641D-03  0.487455652707D-03
  0.757080966461D-03 -0.137442798987D-02 -0.337911439449D-02  0.172662122467D-02
  0.679442249086D-04 -0.552359720841D-03  0.452673134370D-03  0.507915590090D-03
  0.694479017214D-03  0.112175063120D-02 -0.755019915800D-03  0.919620752634D-05
  0.166352369294D-02  0.484648440345D-04 -0.164202034285D-03 -0.153118204133D-03
  0.108517480614D-02  0.442750436042D-03  0.615872112971D-03 -0.216815738966D-02
  0.107198539883D-01 -0.207873421809D-02 -0.405530013371D-03  0.941757932040D-02
 -0.179841954262D-02  0.736552921621D-03 -0.392379848315D-02 -0.513631312957D-02
  0.348002097468D-02 -0.121878665860D-02  0.118969155964D-02  0.113164312790D-02
 -0.854074930453D-03  0.451241005750D-02 -0.600986981843D-03 -0.124452764453D-02
  0.121652682429D-02  0.141177068621D-02 -0.212104649909D-02 -0.287924367009D-02
  0.995574912556D-03 -0.167747920499D-02 -0.660983746287D-02  0.259580672759D-02
  0.637299924145D+00 -0.492697352313D-02 -0.806153043443D-02 -0.232714285421D-02
  0.119506567404D-02 -0.128011758944D-02 -0.315077020574D-02  0.329582842136D-02
  0.273912626297D-03 -0.507434639252D-03  0.538970456974D-03  0.345586018521D-03
 -0.160049237080D-02  0.174607435839D-02 -0.907022003094D-04 -0.137213223280D-02
  0.272442729503D-02 -0.272955334253D-03 -0.499149483199D-03  0.629687679973D-03
 -0.209226780314D-03 -0.217350800792D-03  0.159167226214D-02  0.504259418310D-03
 -0.221796292981D-02 -0.446807976358D-03  0.866104619760D-03 -0.251337087041D-02
  0.145550138385D-02  0.157187008800D-02 -0.479624241995D-02  0.332382178851D-03
  0.275884710161D-03 -0.125554627321D-02  0.890460472837D-04 -0.856032545140D-04
 -0.390042998152D-03  0.212709982066D-03 -0.119207300262D-03 -0.497303312767D-03
  0.236318709115D-02 -0.698354668322D-02  0.813608284170D-03  0.555545051554D-03
 -0.593090173334D-02 -0.184007846639D-02 -0.277108630652D-03 -0.120255368405D-02
  0.342186004758D-03 -0.135275142554D-02  0.115367597494D-02  0.820247106949D-03
 -0.615231059004D-03  0.713549655689D-03  0.894183131452D-03 -0.420418598337D-03
  0.113727493228D-02 -0.147964730545D-02 -0.273873366107D-02  0.159398624428D-02
  0.562666652578D-02 -0.350808244469D-02 -0.335295300352D-02  0.387656154228D-03
 -0.843598799063D-03  0.212649886469D-02  0.561861555572D+00 -0.370492992045D-03
 -0.118685611421D-03  0.408970065363D-02 -0.473739908499D-03  0.492218719887D-02
  0.772874762210D-04 -0.193007753442D-02 -0.301483850487D-03  0.133236650214D-02
  0.557487712129D-03 -0.813184412068D-03  0.206273260698D-02 -0.116870667283D-02
  0.251604941770D-03 -0.107208998458D-03 -0.856119521637D-03  0.295919509481D-03
  0.520623131465D-04  0.512324150598D-03 -0.429740210927D-03  0.341199665350D-03
 -0.115756127579D-02  0.286608066982D-02  0.765318971027D-03  0.919801879351D-03
 -0.876843612601D-03  0.167769671175D-02  0.333111589967D-03 -0.118511551944D-02
  0.336427249910D-02 -0.676816581497D-03  0.588774397076D-04  0.188471583351D-04
 -0.116554313041D-03  0.198510394842D-03 -0.373573906496D-04  0.820181910381D-04
 -0.442237093098D-03  0.776410837746D-03 -0.704614363199D-03 -0.143586428458D-01
  0.164804251644D-02 -0.589953866148D-04 -0.130683977715D-01  0.212872972963D-02
  0.102645094871D-03  0.432668765414D-02  0.616140847766D-02 -0.307548764761D-02
  0.169364532841D-02 -0.924720137603D-03 -0.445073147418D-02  0.390207603557D-02
 -0.478498351458D-02  0.990839694827D-03 -0.164993913943D-04 -0.170557797012D-02
  0.281068911284D-02 -0.105500433524D-02  0.340672304223D-02  0.209591367873D-02
  0.309714703485D-02  0.624366877038D-02 -0.323686461444D-02  0.150785598056D-02
 -0.126759351484D-03  0.569592680443D+00 -0.232432140860D-02 -0.632112001562D-02
 -0.780996862416D-03  0.230137789568D-02 -0.401685011369D-02 -0.288844470170D-02
 -0.155416987441D-02 -0.927650647439D-03 -0.919303132853D-03 -0.172654722453D-02
  0.602513614315D-03 -0.261565218313D-02  0.209038049962D-02 -0.455146846273D-03
  0.167008573766D-03 -0.123402655767D-02 -0.298858153313D-04  0.127868406562D-03
 -0.674296539371D-03  0.221940113152D-03 -0.239189672350D-03 -0.841327541047D-04
 -0.219242654004D-02 -0.670239893026D-03 -0.220231730374D-02  0.278063864846D-03
 -0.233823551868D-02 -0.277995525969D-02  0.200496904116D-02 -0.747009834800D-02
  0.363599277645D-03 -0.444660424665D-03  0.668013157984D-04 -0.549626869827D-04
 -0.854412624007D-04  0.321233491808D-03  0.138017663429D-02  0.322537250173D-03
 -0.118238864935D-02  0.745396288561D-05  0.131909696564D-01  0.945114933391D-04
 -0.294997818068D-03  0.151522589808D-01 -0.448177502591D-02 -0.898771591271D-03
 -0.263342479915D-02 -0.262564371581D-02  0.318964328666D-02 -0.226268878642D-02
  0.131733442931D-02  0.456236377199D-02  0.659817496883D-04  0.215616312131D-03
  0.251641199503D-02 -0.122598997969D-02  0.270539668637D-02 -0.255089630715D-02
  0.236647099504D-02  0.455678723373D-02 -0.321105560782D-02 -0.391825103695D-02
 -0.364720849653D-02  0.317394230357D-02 -0.184150970921D-02 -0.307425104471D-03
  0.415796851835D-02  0.432440722289D+00 -0.515634800819D-02 -0.641922519915D-02
  0.985066346264D-02  0.515568744140D-02 -0.704205298301D-03 -0.729572821650D-02
  0.134348644045D-02  0.738009983857D-03 -0.244429667536D-03  0.365893205519D-02
  0.247988503883D-02 -0.153992017820D-02 -0.141466324806D-03  0.824821042045D-03
 -0.658946705988D-03  0.230703263079D-02 -0.362370308929D-03 -0.106733762780D-02
  0.164306001987D-02 -0.142199674608D-03  0.116564478752D-02 -0.585546841029D-03
 -0.301190461908D-02 -0.243266882067D-02  0.679141223432D-03  0.267663653764D-03
 -0.187260680048D-02  0.729905870737D-02  0.364891828896D-02 -0.575060830724D-02
  0.117408168616D-02  0.107703886549D-02 -0.105025397132D-02 -0.622330026431D-03
 -0.259518281630D-03 -0.121516939998D-02  0.853961505606D-03 -0.214114898909D-03
  0.495715628817D-03  0.204042946548D-02 -0.251632288511D-01 -0.294872993003D-03
  0.934417369277D-03 -0.212200518292D-01 -0.383543463737D-02  0.947309783082D-04
 -0.328168613362D-02 -0.100121978848D-03 -0.284631275838D-02  0.551874073766D-02
  0.202583541125D-02 -0.601757424625D-02  0.278063782515D-02  0.621408635774D-02
 -0.386068851765D-02  0.138758048769D-02 -0.388199059586D-02 -0.128603449337D-02
  0.134506990271D-02  0.140443945483D-01 -0.604737371687D-02 -0.442796023757D-02
 -0.121447672489D-02 -0.286743813241D-02  0.559072187051D-02  0.199416042564D-02
 -0.384107521933D-02  0.169912160984D-02  0.435776617743D+00 -0.418312576403D-02
 -0.688903035334D-02 -0.274474879368D-02  0.152579116376D-02  0.187019627605D-02
  0.195732701781D-04 -0.665279779322D-03 -0.970075033221D-03  0.235353059415D-03
 -0.180069457766D-02 -0.111201623858D-02 -0.114118296778D-02  0.116640320547D-02
 -0.435197323234D-03 -0.106021780978D-02 -0.820614084709D-03  0.147178528015D-03
  0.161892669417D-03 -0.979898262902D-03 -0.270533080767D-03 -0.781157994063D-03
  0.693034024373D-03  0.248574349012D-02 -0.718468287972D-03 -0.162774655187D-02
 -0.183845921318D-03 -0.778608884904D-03 -0.357218281839D-02 -0.319219484655D-04
 -0.405097569688D-02 -0.255380432848D-03 -0.469249703652D-03 -0.840359696385D-03
  0.576251794500D-03  0.120581618584D-03  0.390993197822D-03  0.824080250115D-04
 -0.149186345109D-03 -0.973880553101D-03  0.312728374853D-03  0.281534921499D-02
  0.178562074874D-02 -0.113990892941D-02  0.396175337745D-02 -0.686210836573D-03
 -0.143110113645D-02  0.201186620520D-02  0.312698048062D-02 -0.567798692017D-03
 -0.110614471837D-02 -0.950051970418D-03  0.238032190685D-02  0.853376620854D-03
 -0.521584864947D-02  0.261215810968D-02 -0.576888523145D-03  0.802791321853D-03
 -0.222239233637D-02  0.170310749411D-02  0.346722748530D-02 -0.111559347170D-02
 -0.166710120334D-03  0.340489287604D-02 -0.136733862217D-03 -0.694271224331D-03
 -0.213929905451D-02  0.149140692715D-02  0.106543571338D-02 -0.516801195644D-02
  0.431640057496D+00  0.172763253450D-02  0.212975947484D-02 -0.119262103004D-02
 -0.450350284905D-02 -0.356274992188D-02 -0.162044599102D-02  0.347204601563D-02
 -0.184204708062D-02 -0.237271493785D-02 -0.344167870487D-03  0.110462068611D-02
 -0.248139169728D-02  0.318094769929D-02 -0.137389545868D-03  0.632823498838D-03
 -0.144943187197D-03  0.839682940042D-05 -0.777066173528D-04 -0.238436518498D-02
 -0.159895947142D-03  0.767890794354D-03  0.238657756792D-02 -0.452874561162D-02
 -0.200034766617D-02  0.213684160323D-01 -0.171996628575D-02 -0.428207352691D-02
 -0.823689026846D-04  0.163182688426D-02 -0.300702693493D-02  0.701271988935D-03
 -0.258564178212D-04  0.507615438406D-04  0.187048790849D-01 -0.888564523492D-04
 -0.400406648829D-03  0.634300426180D-02 -0.190980447825D-03 -0.286336153385D-04
  0.141345025550D-01 -0.231837050256D-02  0.199034962088D-02  0.256614098874D-02
 -0.216693985330D-02  0.144337441206D-02  0.174919905079D-01  0.188737464055D-03
 -0.855277473496D-03  0.317993770037D-04 -0.109422183692D-04  0.135445646410D-02
 -0.109954322908D-02 -0.187735395189D-02  0.139331053812D-02 -0.116815418658D-03
  0.372997669014D-02  0.285919426904D-02 -0.215836496387D-02  0.700542612586D-03
  0.303385895491D-02 -0.193281586753D-02 -0.121456114485D-02 -0.140564516315D-03
 -0.247095817903D-03 -0.942137042919D-03  0.925371729821D-03  0.205351260682D-03
 -0.149050117442D-02  0.117335113798D-02 -0.624666545250D-03  0.439516151385D-01
  0.488580379811D-02  0.506794074680D-02 -0.570397940643D-02 -0.270397297471D-01
  0.415527455680D-02  0.427098645624D-02 -0.403487500628D-02  0.266356942027D-03
  0.240479994888D-02  0.472728727712D-03 -0.266093297436D-03  0.107297055686D-02
  0.281422819430D-02  0.420214884161D-03 -0.459230766036D-03  0.122288976918D-02
  0.152069631679D-03  0.757835478826D-04 -0.420329601632D-02  0.240536998093D-03
 -0.367569395499D-03 -0.194399965884D-02  0.410175502344D-02  0.311150004814D-02
 -0.181146904389D-01 -0.686357063693D-03  0.593419839821D-02  0.762187511462D-03
 -0.528887599246D-03  0.132774116284D-02 -0.661713368888D-02  0.128032949101D-03
  0.152568380858D-03 -0.264804785231D-01 -0.839714672466D-04  0.680205285977D-03
 -0.380619282749D-01  0.171936082929D-03 -0.602859182454D-03  0.605651890093D-02
 -0.302487839212D-02 -0.147050437979D-02 -0.617951669998D-02 -0.284341441343D-02
  0.486975462105D-02  0.319794961220D-01  0.181469750657D-02  0.153595818406D-02
 -0.972002082629D-03  0.613411047485D-03 -0.353932169324D-02  0.172098356919D-03
 -0.256596251967D-02 -0.854949578904D-03 -0.340686872191D-02  0.226051365865D-02
  0.670526664743D-02  0.286402083760D-02 -0.474826975962D-02 -0.634454861017D-02
  0.318269919622D-01  0.653112724590D-02 -0.686910726511D-03 -0.621606255292D-03
 -0.471962695859D-03 -0.409085822154D-03  0.392968572355D-03 -0.170087765582D-02
 -0.174677766998D-02 -0.931704458351D-03 -0.268834592952D-02  0.812317143566D-01
  0.465321363932D-02  0.572079900150D-02 -0.328729031445D-02 -0.143805808730D-01
  0.417483643781D-02  0.356311896017D-02 -0.156870010257D-02  0.425087947644D-03
  0.224727096581D-02  0.429964524087D-03 -0.561754237243D-03  0.205109532140D-02
  0.272150812601D-04  0.132340576994D-03 -0.328008651726D-03  0.240356038564D-02
 -0.385954396145D-04  0.609788341286D-04 -0.547612942736D-02  0.266487421571D-03
 -0.313631146379D-03 -0.339859301254D-02  0.366908983076D-02  0.229145533771D-02
 -0.285300075757D-01 -0.113215784053D-02  0.530702845022D-02  0.767596649760D-03
 -0.101112254448D-02  0.530324380984D-03 -0.539762657666D-02 -0.914028211274D-04
 -0.789168000271D-03  0.270396837482D-01 -0.158309422940D-04 -0.426020894539D-03
  0.280194730006D-01  0.133787595021D-04 -0.374166942790D-03 -0.255048209883D-01
  0.131870024137D-02 -0.193502347250D-02 -0.123452114161D-02  0.532149542457D-03
 -0.515161629797D-05  0.267504798066D-01 -0.758123762908D-04  0.107304018572D-02
 -0.630271101403D-03  0.102310234524D-03 -0.317712529608D-02  0.799448756767D-03
 -0.208986221084D-02 -0.915755767774D-03 -0.245471948886D-02  0.198459178937D-02
  0.160591515277D-02  0.196666910083D-02 -0.495267868358D-02 -0.541884227315D-02
  0.210267899893D-01  0.389888331502D-02  0.171453601600D-02 -0.240440708322D-02
  0.181332811395D-02 -0.197834898645D-02  0.121057072066D-02 -0.667480428916D-03
 -0.209850616319D-02 -0.269941854144D-03  0.402872815580D-02 -0.462063246464D-02
  0.682279433021D-01  0.241775767591D-01  0.394200569299D-01  0.215957075130D-01
  0.173723891945D-02  0.554313984918D-02  0.172375623534D-01  0.382516797642D-02
 -0.120023548465D-02 -0.245459003819D-02 -0.197729116364D-02 -0.514699469408D-03
  0.301168205775D-02  0.132692008530D-01  0.846109862438D-04  0.420141326914D-02
 -0.821732022139D-02  0.244804491328D-03  0.148703404448D-02  0.531744369089D-02
  0.639574954187D-03  0.143040326317D-02  0.219273334449D-02 -0.718695159211D-02
  0.382726833162D-02  0.548856143095D-02  0.369002076594D-03  0.643809029013D-02
 -0.296969023095D-02 -0.547232491695D-02  0.243624924332D-01  0.909790291055D-02
 -0.468635015078D-03  0.385812911594D-02 -0.182221767522D-02  0.211837494065D-03
  0.780477712475D-03  0.342410476551D-02  0.413823258211D-04  0.170032840078D-02
  0.888662192535D-03  0.139727156439D-01 -0.123792038938D-02  0.325619220089D-02
  0.111717600613D-01  0.158020048205D-01  0.560496441460D-02  0.378820454750D-02
 -0.468404249766D-02  0.165784135193D-02 -0.353369081527D-02 -0.208611203351D-02
 -0.919545889960D-03 -0.111877749614D-01  0.192684329169D-02 -0.390806479028D-02
  0.236327233036D-02  0.727612912354D-03  0.378583161886D-02  0.210670381747D-02
 -0.184626037188D-01 -0.719241634832D-02  0.131784102138D-01 -0.271449348489D-03
  0.290805622110D-02 -0.866129845441D-02  0.478262083941D-02 -0.142190705955D-02
 -0.264742815105D-02 -0.750715024476D-02  0.480949734142D-02  0.235483894553D-02
  0.303725233628D-02 -0.146516325556D-04  0.197524124239D+00 -0.874924566727D-02
 -0.949087721202D-02 -0.118603726736D-01 -0.500246554177D-01  0.709333720651D-02
  0.897931494009D-02 -0.118124364302D-01 -0.267542593348D-02  0.431231177925D-02
  0.124108987374D-02 -0.159915485776D-02  0.496132597639D-02  0.397750950448D-02
  0.107800873711D-02 -0.117251912595D-02 -0.105649867181D-03  0.399898925727D-03
 -0.347252975032D-03 -0.129594875727D-01  0.313300498644D-03 -0.151337970860D-02
  0.135062206924D-01  0.523727609102D-02  0.464685128301D-02 -0.231243738599D-01
 -0.680927912887D-02  0.105465108629D-01  0.197755953496D-02 -0.518097924122D-02
  0.120561090981D-01 -0.393674669097D-02  0.932145318536D-04 -0.493806469360D-04
 -0.520479709348D-03 -0.105853680458D-03 -0.114173206561D-03 -0.877883954698D-02
  0.955694346252D-05  0.959144298824D-03  0.225485894811D-02 -0.801138319892D-02
 -0.171851895946D-02 -0.411888476955D-02 -0.873467312701D-02  0.919164821336D-02
  0.327012310246D-01  0.492094928511D-02  0.201804315589D-02 -0.241662126578D-02
  0.208937461317D-02 -0.608810767522D-02  0.341037468690D-03 -0.494919379322D-02
  0.474124355566D-03 -0.624951443532D-02  0.139188344938D-02  0.235679962948D-01
  0.221555535515D-01 -0.494089704662D-02 -0.218358115883D-01  0.111438939552D-01
  0.138804974159D-01  0.300728448764D-02 -0.389473270695D-02 -0.686376864674D-04
 -0.174779322412D-02 -0.116769469919D-03 -0.228541661267D-02 -0.519603266561D-02
 -0.141240453878D-02 -0.613944944568D-05  0.504599390407D-01  0.393215018037D-01
  0.239691670275D-02  0.220483490138D+00
$end
