$basis
*
n aug-cc-pVDZ
# n     (18s5p2d) / [4s3p2d]     {8811/311/11}
*
   8  s
  9046.0000000      0.70000000000E-03
  1357.0000000      0.53890000000E-02
  309.30000000      0.27406000000E-01
  87.730000000      0.10320700000
  28.560000000      0.27872300000
  10.210000000      0.44854000000
  3.8380000000      0.27823800000
 0.74660000000      0.15440000000E-01
   8  s
  9046.0000000     -0.15300000000E-03
  1357.0000000     -0.12080000000E-02
  309.30000000     -0.59920000000E-02
  87.730000000     -0.24544000000E-01
  28.560000000     -0.67459000000E-01
  10.210000000     -0.15807800000
  3.8380000000     -0.12183100000
 0.74660000000      0.54900300000
   1  s
 0.22480000000       1.0000000000
   3  p
  13.550000000      0.39919000000E-01
  2.9170000000      0.21716900000
 0.79730000000      0.51031900000
   1  p
 0.21850000000       1.0000000000
   1  d
 0.81700000000       1.0000000000
   1  s
 0.61240000000E-01   1.0000000000
   1  p
 0.56110000000E-01   1.0000000000
   1  d
 0.23000000000       1.0000000000
*
c aug-cc-pVDZ
# c     (18s5p2d) / [4s3p2d]     {8811/311/11}
*
   8  s
  6665.0000000      0.69200000000E-03
  1000.0000000      0.53290000000E-02
  228.00000000      0.27077000000E-01
  64.710000000      0.10171800000
  21.060000000      0.27474000000
  7.4950000000      0.44856400000
  2.7970000000      0.28507400000
 0.52150000000      0.15204000000E-01
   8  s
  6665.0000000     -0.14600000000E-03
  1000.0000000     -0.11540000000E-02
  228.00000000     -0.57250000000E-02
  64.710000000     -0.23312000000E-01
  21.060000000     -0.63955000000E-01
  7.4950000000     -0.14998100000
  2.7970000000     -0.12726200000
 0.52150000000      0.54452900000
   1  s
 0.15960000000       1.0000000000
   3  p
  9.4390000000      0.38109000000E-01
  2.0020000000      0.20948000000
 0.54560000000      0.50855700000
   1  p
 0.15170000000       1.0000000000
   1  d
 0.55000000000       1.0000000000
   1  s
 0.46900000000E-01   1.0000000000
   1  p
 0.40410000000E-01   1.0000000000
   1  d
 0.15100000000       1.0000000000
*
o aug-cc-pVDZ
# o     (18s5p2d) / [4s3p2d]     {8811/311/11}
*
   8  s
  11720.000000      0.71000000000E-03
  1759.0000000      0.54700000000E-02
  400.80000000      0.27837000000E-01
  113.70000000      0.10480000000
  37.030000000      0.28306200000
  13.270000000      0.44871900000
  5.0250000000      0.27095200000
  1.0130000000      0.15458000000E-01
   8  s
  11720.000000     -0.16000000000E-03
  1759.0000000     -0.12630000000E-02
  400.80000000     -0.62670000000E-02
  113.70000000     -0.25716000000E-01
  37.030000000     -0.70924000000E-01
  13.270000000     -0.16541100000
  5.0250000000     -0.11695500000
  1.0130000000      0.55736800000
   1  s
 0.30230000000       1.0000000000
   3  p
  17.700000000      0.43018000000E-01
  3.8540000000      0.22891300000
  1.0460000000      0.50872800000
   1  p
 0.27530000000       1.0000000000
   1  d
  1.1850000000       1.0000000000
   1  s
 0.78960000000E-01   1.0000000000
   1  p
 0.68560000000E-01   1.0000000000
   1  d
 0.33200000000       1.0000000000
*
h cc-pVDZ
# h     (4s1p) / [2s1p]     {31/1}
*
   3  s
  13.010000000      0.19685000000E-01
  1.9620000000      0.13797700000
 0.44460000000      0.47814800000
   1  s
 0.12200000000       1.0000000000
   1  p
 0.72700000000       1.0000000000
*
$end
