$coord
   -3.30872123340284     -2.85121857156788     -4.00149478081587      S
    2.45343125097202      3.83765553760608     -1.68034434904438      O
   -4.08880012148822     -0.52326512623750      2.71912672496621      O
    8.34899839014054     -3.95822005567741      1.74818551203436      O
   10.86006628376421     -2.64542741141163     -1.46623839453839      O
   -9.41801638187964     -2.19208214675155     -1.07166360812311      O
  -12.48296296275579     -1.61363702164754      1.87026181089656      O
   -0.02645616384010      0.56294937199766     -0.13265876439824      N
   11.52071448937141      1.89312749535837      1.00325552733655      N
   -6.81454088741446      1.80563318208716      0.19596458501563      N
    6.96288437751790      1.80053092191800      0.21089342032541      C
    4.45143853869651      0.42953471720399      0.62814491860363      C
   -2.42527433374219      1.48400181883103     -1.05408915642932      C
    9.19597357822161      0.47073074375501      1.48929305159905      C
    2.23157741991285      1.83435701711356     -0.53006813979639      C
   -2.99842822607818      0.56918546775997     -3.73768903281025      C
   -4.48280799010692      0.80143279175632      0.85169950305252      C
    9.59980802198093     -2.15712221596284      0.41252718330678      C
   -9.06785015619596      1.38498017702949      1.67732078746265      C
  -10.51084492107483     -0.93276874796256      0.86757320135658      C
    6.80849376425100      3.73901184100226      0.93560333694542      H
    7.30265711026439      1.96172454874378     -1.83095551033412      H
    4.50038244180071     -1.45490003860691     -0.22884581721691      H
    4.09276854606423      0.20938163953454      2.65676576734311      H
   -2.32171734956806      3.55608636530782     -1.09660799117235      H
    8.91383748812678      0.34090656833964      3.53643321502660      H
   -0.00018897259886     -1.11134785388326      0.80785786011749      H
   -4.74453503952510      1.40708997109587     -4.46183203163370      H
   -1.47587599708014      1.14498497647997     -5.01703352707818      H
   12.97920500735662      1.09830874456207      1.97967694563528      H
   11.33495442469410      3.68496567772890      1.68563558181240      H
   -6.97138814446651      2.91112288540583     -1.36419319115512      H
  -10.28199910385792      3.03811247183833      1.42617620358051      H
   -8.54912037233105      1.17654340048924      3.66758019863397      H
   -3.74921636134058     -2.90696548823096     -6.49650000353662      H
    8.59636352204552     -5.64839097986240      1.02801093778693      H
  -10.39084732080007     -3.69214663648550     -1.56166955696162      H
$end
