$cbas
*
o def-TZVP 
*
 2  s                                                                         
  364.91291000             .58060367                                            
   77.38709400            1.40179849                                            
   1  s                                                                         
   24.30170600             .34994578                                            
   1  s                                                                         
    8.43695450            1.00000000                                            
   1  s                                                                         
    3.15279410            1.00000000                                            
   1  s                                                                         
    1.57754300            1.00000000                                            
   1  s                                                                         
     .78178244            1.00000000                                            
   1  s                                                                         
     .31652679            1.00000000                                            
   1  p                                                                         
   56.73594800            1.06024410                                            
   1  p                                                                         
   14.99721700            1.20038258                                            
   1  p                                                                         
    5.64281160            1.00000000                                            
   1  p                                                                         
    2.40692198            1.00000000                                            
   1  p                                                                         
    1.02640596            1.00000000                                            
   1  p                                                                         
     .43769977            1.00000000                                            
   2  d                                                                         
   12.44682100            1.13716995                                            
    6.12169170             .77017590                                            
   1  d                                                                         
    2.71029490            1.00000000                                            
   1  d                                                                         
    1.15240610            1.00000000                                            
   1  d                                                                         
     .41386174            1.00000000                                            
   3  f                                                                         
    4.77935390             .25251741                                            
    2.32046420            1.78671278                                            
    1.09128040             .32923623 
*
n def-TZVP 
*
 2  s                                                                         
  291.18394257             .56533084                                            
   62.03053238            1.37490932                                            
   1  s                                                                         
   21.98113229             .28294012                                            
   1  s                                                                         
    9.06711534            1.00000000                                            
   1  s                                                                         
    3.60654848            1.00000000                                            
   1  s                                                                         
    1.37284474            1.00000000                                            
   1  s                                                                         
     .63709085            1.00000000                                            
   1  s                                                                         
     .26907231            1.00000000                                            
   1  p                                                                         
   34.12169197            1.03739350                                            
   1  p                                                                         
    8.66927085             .98879118                                            
   1  p                                                                         
    3.96958444            1.00000000                                            
   1  p                                                                         
    1.67569027            1.00000000                                            
   1  p                                                                         
     .69769401            1.00000000                                            
   1  p                                                                         
     .33582544            1.00000000                                            
   2  d                                                                         
   12.72717340             .53636257                                            
    5.02916611            1.31247449                                            
   1  d                                                                         
    2.09125025            1.00000000                                            
   1  d                                                                         
     .85902043            1.00000000                                            
   1  d                                                                         
     .35068479            1.00000000                                            
   3  f                                                                         
    3.46865369             .90354051                                            
    1.66865042            1.65562725                                            
     .80947600             .24984638 
*
h def2-SVP 
*
 2  s                                                                         
    9.33521609             .64609379                                            
    1.86110704            1.37005241                                            
   1  s                                                                         
     .59512466            1.00000000                                            
   1  s                                                                         
     .26448099            1.00000000                                            
   2  p                                                                         
    2.45249821             .13284956                                            
    1.35403830            1.45276215                                            
   1  p                                                                         
     .59522394            1.00000000                                            
   2  d                                                                         
    1.58163766            1.49367397                                            
     .62743960            -.01070690 
*
c def-TZVP 
*
 2  s                                                                         
  281.47693316             .48911748                                            
   59.86260691            1.52506644                                            
   1  s                                                                         
   23.28284492             .53278071                                            
   1  s                                                                         
    9.43365439            1.00000000                                            
   1  s                                                                         
    3.31157947            1.00000000                                            
   1  s                                                                         
    1.07438579            1.00000000                                            
   1  s                                                                         
     .40591700            1.00000000                                            
   1  s                                                                         
     .20682782            1.00000000                                            
   1  p                                                                         
   24.79432276            1.27505829                                            
   1  p                                                                         
    6.37908678            1.30659648                                            
   1  p                                                                         
    2.73619827            1.00000000                                            
   1  p                                                                         
    1.13180785            1.00000000                                            
   1  p                                                                         
     .49171280            1.00000000                                            
   1  p                                                                         
     .23760591            1.00000000                                            
   2  d                                                                         
    9.06768796             .47011119                                            
    3.41167689            1.34112442                                            
   1  d                                                                         
    1.41501615            1.00000000                                            
   1  d                                                                         
     .58793486            1.00000000                                            
   1  d                                                                         
     .25753087            1.00000000                                            
   3  f                                                                         
    2.38701735             .79093613                                            
    1.16067992            1.39179984                                            
     .55289817             .10532469 
*
$end