$coord  natoms=    12
   -1.70494562248511     -1.81053328368989     -1.61485202484030      cu
    6.03165569900939     -1.58245631874237      2.46193799037593      s
    5.02624501452357     -0.18324797827352      5.44981232314328      c
    3.62675473445862     -1.35171279056232      6.45364409518849      h
    4.19627659052513      1.71045940081855      5.21165326644748      h
    6.66886513622336      0.02453380015789      6.71519146791164      h
   -5.37312914654549     -1.87128963485309     -3.54083233335696      s
   -5.21773803138553      1.18286627943698     -5.13582806378928      c
   -6.96072565071412      1.48930328455101     -6.23612384433876      h
   -3.62425439239605      1.31343464170764     -6.46824447774887      h
   -5.04705511592829      2.77579291842894     -3.80723880004047      h
    2.37805078471455     -1.69715031897982      0.51088040104786      cu
$redundant
     number_of_atoms            12
     degrees_of_freedom         30
     internal_coordinates       30
     frozen_coordinates          0
# definitions of redundant internals
   1 k  1.0000000000000 stre    7    1           val=   4.14351
   2 k  1.0000000000000 stre    1   12           val=   4.60461
   3 k  1.0000000000000 stre   12    2           val=   4.14350
   4 k  0.8660254037844 linc   12    7    1    8 val=   0.39550
        0.8660254037844 linc    2    7   12    8
   5 k  0.8660254037844 linc   12    7    1    8 val=   0.20494
       -0.8660254037844 linc    2    7   12    8
   6 k  0.8660254037844 linp   12    7    1    8 val=  -0.35788
        0.8660254037844 linp    2    7   12    8
   7 k  0.8660254037844 linp   12    7    1    8 val=   0.28831
       -0.8660254037844 linp    2    7   12    8
   8 k  1.0000000000000 tors    4    3    2   12 val=  59.96444
        1.0000000000000 tors    5    3    2   12
        1.0000000000000 tors    6    3    2   12
   9 k  1.0000000000000 stre    3    4           val=   2.08124
  10 k  1.0000000000000 stre    3    5           val=   2.08127
  11 k  1.0000000000000 stre    3    6           val=   2.08388
  12 k  0.4470858278058 bend    5    4    3      val=   1.85763
        0.4112293927320 bend    6    4    3
        0.4112567150068 bend    6    5    3
       -0.3917662205951 bend    2    4    3
       -0.3917618279262 bend    2    5    3
       -0.3935917454303 bend    2    6    3
  13 k -0.7151980595249 bend    5    4    3      val=   1.53306
        0.3930841539296 bend    6    4    3
        0.3763490160070 bend    6    5    3
       -0.1781219208432 bend    2    4    3
       -0.1866692832069 bend    2    5    3
        0.3546338418058 bend    2    6    3
  14 k -0.0095674269195 bend    5    4    3      val=   0.02012
       -0.6275043653485 bend    6    4    3
        0.6377364861580 bend    6    5    3
       -0.3181419780268 bend    2    4    3
        0.3133740255515 bend    2    5    3
        0.0046164878832 bend    2    6    3
  15 k  0.3537873884005 bend    5    4    3      val=  -0.79464
       -0.1838731450276 bend    6    4    3
       -0.1825538878556 bend    6    5    3
       -0.3605387658010 bend    2    4    3
       -0.3627904631444 bend    2    5    3
        0.7389818039582 bend    2    6    3
  16 k  0.0005686971808 bend    5    4    3      val=   0.00299
        0.3155011591744 bend    6    4    3
       -0.3160713069834 bend    6    5    3
       -0.6333625787724 bend    2    4    3
        0.6319869419386 bend    2    5    3
        0.0014046617708 bend    2    6    3
  17 k  1.0000000000000 tors   10    8    7    1 val=  59.97931
        1.0000000000000 tors   11    8    7    1
        1.0000000000000 tors    9    8    7    1
  18 k  1.0000000000000 stre    8   10           val=   2.08124
  19 k  1.0000000000000 stre    8   11           val=   2.08127
  20 k  1.0000000000000 stre    8    9           val=   2.08388
  21 k  0.4470888704502 bend   11   10    8      val=   1.85773
        0.4112327641994 bend    9   10    8
        0.4112528049109 bend    9   11    8
       -0.3917654122258 bend    7   10    8
       -0.3917599459038 bend    7   11    8
       -0.3935915301303 bend    7    9    8
  22 k -0.7151189520573 bend   11   10    8      val=   1.53314
        0.3970910584475 bend    9   10    8
        0.3722623053734 bend    9   11    8
       -0.1760381852467 bend    7   10    8
       -0.1887184606238 bend    7   11    8
        0.3545987192058 bend    7    9    8
  23 k -0.0141872946743 bend   11   10    8      val=   0.03216
       -0.6250412017080 bend    9   10    8
        0.6402554557687 bend    9   11    8
       -0.3190604125436 bend    7   10    8
        0.3120078076579 bend    7   11    8
        0.0068373462493 bend    7    9    8
  24 k  0.3537864239899 bend   11   10    8      val=  -0.79458
       -0.1847057919179 bend    9   10    8
       -0.1817201566515 bend    9   11    8
       -0.3589903036719 bend    7   10    8
       -0.3643317899382 bend    7   11    8
        0.7389756626635 bend    7    9    8
  25 k  0.0013983096611 bend   11   10    8      val=   0.00001
        0.3148779713467 bend    9   10    8
       -0.3163105790464 bend    9   11    8
       -0.6343606954834 bend    7   10    8
        0.6311682771244 bend    7   11    8
        0.0032618172360 bend    7    9    8
  26 k  1.0000000000000 tors    3    2    7    8 val=  91.78817
  27 k  1.0000000000000 stre    2    3           val=   3.44906
  28 k  1.0000000000000 bend   12    3    2      val=  99.32889
  29 k  1.0000000000000 stre    7    8           val=   3.44906
  30 k  1.0000000000000 bend    1    8    7      val=  99.32784
        30 non zero eigenvalues  of BmBt
           1           3.547593839    1    0
         1
           2           3.514323927    2    0
         2
           3           3.440126197    3    0
         3
           4           3.159806046    4    0
         4
           5           3.035590746    5    0
         5
           6           2.992306200    6    0
         6
           7           2.986383605    7    0
         7
           8           2.091909459    8    0
         8
           9           1.066714577    9    0
         9
          10           1.055535063   10    0
        10
          11           1.036514657   11    0
        11
          12           0.943930852   12    0
        12
          13           0.844190673   13    0
        13
          14           0.781092495   14    0
        14
          15           0.770906851   15    0
        15
          16           0.676282339   16    0
        16
          17           0.675112053   17    0
        17
          18           0.674056829   18    0
        18
          19           0.671910921   19    0
        19
          20           0.413895545   20    0
        20
          21           0.403049635   21    0
        21
          22           0.382190372   22    0
        22
          23           0.268946812   23    0
        23
          24           0.252770351   24    0
        24
          25           0.232950094   25    0
        25
          26           0.085088798   26    0
        26
          27           0.074765104   27    0
        27
          28           0.068567964   28    0
        28
          29           0.025096319   29    0
        29
          30           0.010383579   30    0
        30
$user-defined bonds
$end
