$coord  natoms=    12
   -1.66105114279916     -1.98472509028697     -1.52782110299186      cu
    6.08226401165678     -1.48780300199971      2.37137487780061      s
    4.86919574328438     -0.12808469290236      5.30088082366380      c
    3.48548376125213     -1.38036134133995      6.18939688190626      h
    3.91740957961443      1.67302202125164      4.95137272808579      h
    6.40265926235891      0.20437568288055      6.65550010273065      h
   -5.44294404469132     -1.86716841655658     -3.42228350306423      s
   -5.07278538712114      1.19581879670138     -4.96614635729015      c
   -6.76293873729587      1.68309138788623     -6.06295967789421      h
   -3.45134410086864      1.19567764132644     -6.24803012970298      h
   -4.74886575318090      2.69642897047697     -3.58221721218538      h
    2.38291680779037     -1.80027195743764      0.34093256894173      cu
$user-defined bonds
$redundant
     number_of_atoms            12
     degrees_of_freedom         30
     internal_coordinates       30
     frozen_coordinates          0
# definitions of redundant internals
   1 k  1.0000000000000 stre    2   12           val=   4.23149
   2 k  1.0000000000000 stre   12    1           val=   4.45869
   3 k  1.0000000000000 stre    1    7           val=   4.23149
   4 k  0.8660254037844 linc   12    7    1    8 val=   3.38019
        0.8660254037844 linc    2    7   12    8
   5 k  0.8660254037844 linc   12    7    1    8 val=   0.97112
       -0.8660254037844 linc    2    7   12    8
   6 k  0.8660254037844 linp   12    7    1    8 val=  -2.20385
        0.8660254037844 linp    2    7   12    8
   7 k  0.8660254037844 linp   12    7    1    8 val=   2.03188
       -0.8660254037844 linp    2    7   12    8
   8 k  1.0000000000000 tors    5    3    2   12 val=  59.84538
        1.0000000000000 tors    4    3    2   12
        1.0000000000000 tors    6    3    2   12
   9 k  1.0000000000000 stre    3    5           val=   2.06689
  10 k  1.0000000000000 stre    3    4           val=   2.06696
  11 k  1.0000000000000 stre    3    6           val=   2.07293
  12 k  0.4035011073682 bend    4    5    3      val=   1.46576
        0.4277739852948 bend    6    5    3
        0.4278126080051 bend    6    4    3
       -0.3996313515441 bend    2    5    3
       -0.3995587959996 bend    2    4    3
       -0.3896411139650 bend    2    6    3
  13 k  0.7398201919518 bend    4    5    3      val=   0.11568
       -0.3433328436012 bend    6    5    3
       -0.3654567805431 bend    6    4    3
        0.1816470097980 bend    2    5    3
        0.1703965347675 bend    2    4    3
       -0.3730943157043 bend    2    6    3
  14 k  0.0131559043601 bend    4    5    3      val=   0.00519
       -0.6449681710076 bend    6    5    3
        0.6323227101036 bend    6    4    3
       -0.3003478273625 bend    2    5    3
        0.3062095889457 bend    2    4    3
       -0.0061515112927 bend    2    6    3
  15 k -0.3655251309480 bend    4    5    3      val=   0.65997
        0.1771293516002 bend    6    5    3
        0.1901918915476 bend    6    4    3
        0.3797317412451 bend    2    5    3
        0.3538905800608 bend    2    4    3
       -0.7276048913193 bend    2    6    3
  16 k -0.0071500590435 bend    4    5    3      val=   0.00994
        0.3068324665833 bend    6    5    3
       -0.2996886820938 bend    6    4    3
       -0.6310085049167 bend    2    5    3
        0.6462126022737 bend    2    4    3
       -0.0150647707031 bend    2    6    3
  17 k  1.0000000000000 tors   11    8    7    1 val=  59.86560
        1.0000000000000 tors   10    8    7    1
        1.0000000000000 tors    9    8    7    1
  18 k  1.0000000000000 stre    8   11           val=   2.06689
  19 k  1.0000000000000 stre    8   10           val=   2.06695
  20 k  1.0000000000000 stre    8    9           val=   2.07293
  21 k  0.4035121122888 bend   10   11    8      val=   1.46586
        0.4277691030149 bend    9   11    8
        0.4278095975073 bend    9   10    8
       -0.3996300751083 bend    7   11    8
       -0.3995588018720 bend    7   10    8
       -0.3896396860412 bend    7    9    8
  22 k  0.7398158462990 bend   10   11    8      val=   0.11542
       -0.3433039942278 bend    9   11    8
       -0.3654989855747 bend    9   10    8
        0.1816656240816 bend    7   11    8
        0.1703788204114 bend    7   10    8
       -0.3730871630574 bend    7    9    8
  23 k  0.0131976477132 bend   10   11    8      val=   0.00471
       -0.6450007604690 bend    9   11    8
        0.6323096859269 bend    9   10    8
       -0.3003186737423 bend    7   11    8
        0.3061942644673 bend    7   10    8
       -0.0061699903785 bend    7    9    8
  24 k -0.3655152545105 bend   10   11    8      val=   0.65992
        0.1769733840244 bend    9   11    8
        0.1903443353737 bend    9   10    8
        0.3800436694332 bend    7   11    8
        0.3535672158097 bend    7   10    8
       -0.7276022864770 bend    7    9    8
  25 k -0.0073298518732 bend   10   11    8      val=   0.01094
        0.3068991250649 bend    9   11    8
       -0.2995715016211 bend    9   10    8
       -0.6308289753382 bend    7   11    8
        0.6463999219866 bend    7   10    8
       -0.0154292077523 bend    7    9    8
  26 k  1.0000000000000 tors    3    2    7    8 val=  93.55251
  27 k  1.0000000000000 stre    2    3           val=   3.44998
  28 k  1.0000000000000 bend   12    3    2      val=  97.42086
  29 k  1.0000000000000 stre    7    8           val=   3.44999
  30 k  1.0000000000000 bend    1    8    7      val=  97.41872
        30 non zero eigenvalues  of BmBt
           1           3.522874229    1    0
         1
           2           3.484698457    2    0
         2
           3           3.439354968    3    0
         3
           4           3.145316069    4    0
         4
           5           3.103168368    5    0
         5
           6           3.050192002    6    0
         6
           7           2.986508314    7    0
         7
           8           2.093568952    8    0
         8
           9           1.061806359    9    0
         9
          10           1.047597736   10    0
        10
          11           0.980924807   11    0
        11
          12           0.897890839   12    0
        12
          13           0.836275027   13    0
        13
          14           0.779992635   14    0
        14
          15           0.767867410   15    0
        15
          16           0.687602582   16    0
        16
          17           0.687582418   17    0
        17
          18           0.686368350   18    0
        18
          19           0.684685745   19    0
        19
          20           0.411704227   20    0
        20
          21           0.407370495   21    0
        21
          22           0.379851402   22    0
        22
          23           0.267508076   23    0
        23
          24           0.259014771   24    0
        24
          25           0.226836447   25    0
        25
          26           0.083311470   26    0
        26
          27           0.073948744   27    0
        27
          28           0.066863912   28    0
        28
          29           0.023911862   29    0
        29
          30           0.009888465   30    0
        30
$end
