$basis
*
p def2-TZVP
# p     (14s9p3d1f) / [5s5p2d1f]     {73211/51111/21/1}
*
   7  s
  52426.999233      0.55207164100E-03
  7863.2660552      0.42678595308E-02
  1789.5227333      0.21931529186E-01
  506.27300165      0.85667168373E-01
  164.60698546      0.24840686605
  58.391918722      0.46336753971
  21.643663201      0.35350558156
   3  s
  99.013837620      0.21895679958E-01
  30.550439817      0.95650470295E-01
  5.4537087661     -0.29454270186
   2  s
  2.6503362563       1.3294381200
  1.2726688867      0.66109396473
   1  s
 0.31645005203       1.0000000000
   1  s
 0.11417466938       1.0000000000
   5  p
  472.27219248      0.25710623052E-02
  111.58882756      0.20250297999E-01
  35.445936418      0.91580716787E-01
  12.990776875      0.25749454014
  5.0486221658      0.42862899758
   1  p
  1.9934049566      0.34359817849
   1  p
 0.66527284430       1.0000000000
   1  p
 0.25516832128       1.0000000000
   1  p
 0.90357762251E-01   1.0000000000
   2  d
  3.1200000000      0.20000000000
 0.64800000000       1.0000000000
   1  d
 0.21800000000       1.0000000000
   1  f
 0.45200000000       1.0000000000
*
$end
