$coord
1.81529683565508 7.42139953884994 4.05786302476625 o
-2.31627517623162 3.28033699009684 -1.00332167664631 n
4.19723123852838 3.26074436682262 1.66615038120788 n
1.22378219590757 0.90383596992362 -2.10921444849239 n
-1.8970368899735301 6.54045692528034 1.9772376920991301 n
-5.73426570905864 5.91947718732581 -0.11644404539415 n
0.19573032141113 2.75583625448329 -0.59356551707704 c
1.67279404559348 3.9799064987718804 1.17204125619799 c
-3.2603549406586 5.15224045467671 0.28826203246319 c
0.66149712923126 6.07611194694942 2.55482804286582 c
5.39494640581451 1.88938842209246 -0.42160733475294 c
3.59605173565392 -0.2093552933394 -1.26451961336893 c
7.868960221617619 0.80285098768179 0.59010632966812 c
-2.64406580268539 8.11379964647374 2.78384301382615 h
3.3401410035521 -1.53571964953308 0.31607137457542 h
-6.71937914292556 6.35192688087651 1.46870492266965 h
-6.65964532115745 4.6664038194352 -1.23147795714185 h
8.79244675137581 -0.3672697543862 -0.85046331979969 h
9.1579602088366 2.38157433816955 1.04867222871409 h
7.4412998614099 -0.74867123485109 2.71818848005644 o
6.25122584963237 0.18636207256592 3.75616059855964 h
5.20008599716256 4.82026327424508 2.20242822302224 h
-0.08272309443806 -0.27973891104299 -2.86196733697099 h
4.45256326355513 -1.23141982685558 -2.8535330451079 h
5.7815626493005 3.11869310724 -2.06561691886057 h
$user-defined bonds 
 
$end