$energy      SCF               SCFKIN            SCFPOT            MP2
     1 -4152.163679707      4152.29313     -8304.45681     -2.786128766248
     2 -4152.164888403      4152.33432     -8304.49921     -2.785535954163
     3 -4152.166128027      4152.36187     -8304.52799     -2.784783214384
     4 -4152.166616506      4152.34270     -8304.50931     -2.784544493034
     5 -4152.166944840      4152.30938     -8304.47632     -2.784447774709
     6 -4152.166984525      4152.31411     -8304.48110     -2.784436876750
     7 -4152.166968380      4152.31595     -8304.48292     -2.784457549664
     8 -4152.166934830      4152.31725     -8304.48418     -2.784493126155
     9 -4152.166912467      4152.31705     -8304.48396     -2.784515583894
    10 -4152.166894461      4152.31688     -8304.48377     -2.784533719390
    11 -4152.166873317      4152.31729     -8304.48416     -2.784555221515
    12 -4152.166858837      4152.31747     -8304.48433     -2.784569748705
    13 -4152.166197634      4152.32541     -8304.49161     -2.785207568072
    14 -4152.166811458      4152.31807     -8304.48488     -2.784617741099
    15 -4152.166783337      4152.31835     -8304.48514     -2.784645724100
    16 -4152.166812382      4152.31804     -8304.48485     -2.784616791029
    17 -4152.166817774      4152.31795     -8304.48476     -2.784611687254
$end
