$coord  natoms=     6
   -3.03813487968872     -0.11175600020896      0.00000000000000      o
   -1.22040197742290      0.20645869731728      0.00000000000000      h
   -3.82188242151516      1.54151665206982      0.00000000000000      h
    2.43195032444023      0.14658645551848      0.00000000000000      o
    2.82423447709326     -0.89140290234830     -1.46366390316354      h
    2.82423447709326     -0.89140290234830      1.46366390316354      h
$redundant
     number_of_atoms             6
     degrees_of_freedom         12
     internal_coordinates       12
     frozen_coordinates          0
# definitions of redundant internals
   1 k  1.0000000000000 stre    1    2           val=   1.84538
   2 k  1.0000000000000 stre    2    4           val=   3.65284
   3 k  1.0000000000000 linc    1    4    2    5 val=   7.47228
   4 k  1.0000000000000 linp    1    4    2    5 val=  -7.87379
   5 k  1.0000000000000 stre    1    3           val=   1.82964
   6 k  1.0000000000000 bend    2    3    1      val= 105.43402
   7 k  1.0000000000000 tors    5    4    1    3 val= 180.00000
        1.0000000000000 tors    6    4    1    3
   8 k  1.0000000000000 stre    4    5           val=   1.83674
   9 k  1.0000000000000 stre    4    6           val=   1.83674
  10 k  0.9665754866875 bend    6    5    4      val=  48.77883
       -0.1812895867594 bend    2    5    4
       -0.1812895867594 bend    2    6    4
  11 k  0.2563821923122 bend    6    5    4      val= 103.31515
        0.6834720811654 bend    2    5    4
        0.6834720811654 bend    2    6    4
  12 k -0.7071067811865 bend    2    5    4      val=   0.00000
        0.7071067811865 bend    2    6    4
        12 non zero eigenvalues  of BmBt
           1           3.304614879    1    0
         1
           2           2.960763840    2    0
         2
           3           2.816610967    3    0
         3
           4           2.294689756    4    0
         4
           5           1.747963065    5    0
         5
           6           1.594082424    6    0
         6
           7           1.170497757    7    0
         7
           8           0.785082419    8    0
         8
           9           0.702814341    9    0
         9
          10           0.295411099   10    0
        10
          11           0.260823402   11    0
        11
          12           0.221494960   12    0
        12
$user-defined bonds
$end
