$coord
  -10.90537753881346     14.63156464270016      7.31706556340235      Cu
   -6.25360696332886     15.03520542564495      6.32750850539561      Cu
  -11.50179619806826     10.55356351493068      6.36453567436120      S
  -14.96577900921183     10.43362045044008      6.26198634257143      C
  -15.83960022598180     11.69429669852704      7.65438150382455      H
  -15.59382106880441      8.49046155953829      6.62739253619656      H
  -15.59946302924777     10.99400962436985      4.36768771155498      H
  -10.65025197867773     11.10325779180059     10.38371162442819      Cu
   -9.37353452392119     12.65503894910505     14.02603790880078      S
  -13.56734372518071     14.00139318591888     15.34503764870757      H
  -12.49122505744668     15.87046417724436     12.73893603947960      H
  -11.92737844303401     14.95963253018835     14.51170637135555      C
  -11.27144176130641     16.41774407292504     15.83290958984295      H
   -7.48858606470408     14.45795581524984     10.64518623947465      Cu
   -9.23696205899135     18.21482963795613      4.80804089931971      Cu
  -12.13183209533708     18.65766989184590      7.74122933166222      S
  -15.11523035067681     18.59379906112976      5.97506523843534      C
  -16.63259479096001     17.97206503146153      7.24589580838741      H
  -15.55194832686121     20.50660600971727      5.30106801708915      H
  -15.04210135334271     17.31031021376594      4.35058343756009      H
   -6.13205392935368     16.78791340958182      2.43561664795531      S
   -7.90593094395273     14.36000698837867      0.69556772535066      C
   -6.56995678352387     12.95869653803826     -0.04835606125765      H
   -9.28101042973287     13.39387103480760      1.90634805131940      H
   -8.89453133577868     15.24336289772454     -0.89958159005740      H
$end
