$energy      SCF               SCFKIN            SCFPOT            CC2
     1 -56.12954977265      56.0526705     -112.182220     0.1107821400104
     2 -56.12656904622      55.8549911     -111.981560     0.9529702233602E-01
     3 -56.11648883558      55.6790971     -111.795586     0.7152320641060E-01
     4 -56.09509490472      55.4720826     -111.567177     0.4056806471838E-01
     5 -56.08347605183      55.3848406     -111.468317     0.2712751979958E-01
     6 -56.08449037154      55.3932938     -111.477784     0.2755970278013E-01
     7 -56.09200469181      55.4550201     -111.547025     0.3436279920974E-01
     8 -56.09341643096      55.4675417     -111.560958     0.3575104581292E-01
     9 -56.09341661051      55.4675475     -111.560964     0.3575073527284E-01
    10 -56.09341110873      55.4674990     -111.560910     0.3574514358609E-01
$end
