$coord  natoms=    36
    0.02902082268695     -7.17718515606399     -2.54476939756804      c
   -0.39577411121091     -1.21415173795065      6.24686346401172      c
    1.25599551232292     -6.32426132626482     -4.64975044024841      c
    2.16581086229652     -3.82455046032061     -4.70054736277305      c
    1.72148605526279     -2.22738215286060     -2.71644184399364      c
    0.33848727872059     -3.01146146259678     -0.55767252542658      c
   -0.11741747586445     -1.36890154747327      1.62489767263148      c
   -0.37993241344309     -5.57537226336484     -0.44166945335230      c
   -0.63828277997985     -2.56323999832377      3.92881294082448      c
   -1.34802898144605     -6.59885057424374      1.87688396305072      c
   -1.34899222626813     -5.18494143366294      3.98840021116578      c
    3.24366648677972     -3.16237559304929     -6.30828382958354      h
    1.58472366452198     -7.57196314759423     -6.23725960400065      h
   -0.73929499226030     -2.20313925297918      8.00384190081833      h
   -1.92946361013397     -8.55918817070571      1.92660337152124      h
   -1.90951936012878     -5.99204544071949      5.78258667559236      h
    2.48250024599672     -0.34028030406185     -2.79109833941021      h
   -0.59960468596689     -9.12108926165165     -2.43139740325971      h
   -0.02902082268695      7.17718515606399     -2.54476939756804      c
    0.39577411121091      1.21415173795065      6.24686346401172      c
   -1.25599551232292      6.32426132626482     -4.64975044024841      c
   -2.16581086229652      3.82455046032061     -4.70054736277305      c
   -1.72148605526279      2.22738215286060     -2.71644184399364      c
   -0.33848727872059      3.01146146259678     -0.55767252542658      c
    0.11741747586445      1.36890154747327      1.62489767263148      c
    0.37993241344309      5.57537226336484     -0.44166945335230      c
    0.63828277997985      2.56323999832377      3.92881294082448      c
    1.34802898144605      6.59885057424374      1.87688396305072      c
    1.34899222626813      5.18494143366294      3.98840021116578      c
   -3.24366648677972      3.16237559304929     -6.30828382958354      h
   -1.58472366452198      7.57196314759423     -6.23725960400065      h
    0.73929499226030      2.20313925297918      8.00384190081833      h
    1.92946361013397      8.55918817070571      1.92660337152124      h
    1.90951936012878      5.99204544071949      5.78258667559236      h
   -2.48250024599672      0.34028030406185     -2.79109833941021      h
    0.59960468596689      9.12108926165165     -2.43139740325971      h
$intdef
# definitions of internal coordinates
   1 k  1.0000000000000 stre   12    4           val=   2.04574
   2 k  1.0000000000000 bend   12    5    4      val=  -0.18500
       -1.0000000000000 bend   12    3    4
   3 k  1.0000000000000 outp   12    5    3    4 val=   0.61853
   4 k  1.0000000000000 stre   13    3           val=   2.04573
   5 k  1.0000000000000 bend   13    1    3      val=   0.14559
       -1.0000000000000 bend   13    4    3
   6 k  1.0000000000000 outp   13    1    4    3 val=  -1.82355
   7 k  1.0000000000000 stre   14    2           val=   2.04526
   8 k  1.0000000000000 bend   14   20    2      val=   0.98115
       -1.0000000000000 bend   14    9    2
   9 k  1.0000000000000 outp   14   20    9    2 val=  -3.40981
  10 k  1.0000000000000 stre   15   10           val=   2.04535
  11 k  1.0000000000000 bend   15   11   10      val=   0.96443
       -1.0000000000000 bend   15    8   10
  12 k  1.0000000000000 outp   15   11    8   10 val=  -4.26667
  13 k  1.0000000000000 stre   16   11           val=   2.04566
  14 k  1.0000000000000 bend   16   10   11      val=   1.24062
       -1.0000000000000 bend   16    9   11
  15 k  1.0000000000000 outp   16   10    9   11 val=  -0.62412
  16 k  1.0000000000000 stre   17    5           val=   2.03614
  17 k  1.0000000000000 bend   17    4    5      val=  -0.43383
       -1.0000000000000 bend   17    6    5
  18 k  1.0000000000000 outp   17    4    6    5 val=  -1.18738
  19 k  1.0000000000000 stre   18    1           val=   2.04616
  20 k  1.0000000000000 bend   18    3    1      val=   0.88042
       -1.0000000000000 bend   18    8    1
  21 k  1.0000000000000 outp   18    3    8    1 val=   1.69441
  22 k  1.0000000000000 stre    6    5           val=   2.68100
  23 k  1.0000000000000 stre    5    4           val=   2.58555
  24 k  1.0000000000000 stre    4    3           val=   2.66062
  25 k  1.0000000000000 stre    3    1           val=   2.58145
  26 k  1.0000000000000 stre    1    8           val=   2.67508
  27 k -0.5000000000000 bend    8    5    6      val=   0.23504
       -0.5000000000000 bend    6    4    5
        1.0000000000000 bend    5    3    4
       -0.5000000000000 bend    4    1    3
       -0.5000000000000 bend    3    8    1
        1.0000000000000 bend    1    6    8
  28 k  0.8660254037844 bend    8    5    6      val=  -1.61211
       -0.8660254037844 bend    6    4    5
        0.8660254037844 bend    4    1    3
       -0.8660254037844 bend    3    8    1
  29 k -1.0000000000000 bend    8    5    6      val=   0.40012
        1.0000000000000 bend    6    4    5
       -1.0000000000000 bend    5    3    4
        1.0000000000000 bend    4    1    3
       -1.0000000000000 bend    3    8    1
        1.0000000000000 bend    1    6    8
  30 k -0.5000000000000 tors    6    5    4    3 val=   2.39903
       -0.5000000000000 tors    5    4    3    1
        1.0000000000000 tors    4    3    1    8
       -0.5000000000000 tors    3    1    8    6
       -0.5000000000000 tors    1    8    6    5
        1.0000000000000 tors    8    6    5    4
  31 k  0.8660254037844 tors    6    5    4    3 val=   3.53263
       -0.8660254037844 tors    5    4    3    1
        0.8660254037844 tors    3    1    8    6
       -0.8660254037844 tors    1    8    6    5
  32 k -1.0000000000000 tors    6    5    4    3 val=   2.03912
        1.0000000000000 tors    5    4    3    1
       -1.0000000000000 tors    4    3    1    8
        1.0000000000000 tors    3    1    8    6
       -1.0000000000000 tors    1    8    6    5
        1.0000000000000 tors    8    6    5    4
  33 k  1.0000000000000 tors   10    8    6    1 val= 174.37421
        1.0000000000000 tors    7    8    6    5
  34 k  1.0000000000000 stre    7    6           val=   2.76938
  35 k  1.0000000000000 stre    6    8           val=   2.66519
  36 k  1.0000000000000 stre    8   10           val=   2.71301
  37 k  1.0000000000000 stre   10   11           val=   2.54119
  38 k  1.0000000000000 stre   11    9           val=   2.71698
  39 k -0.5000000000000 bend    9    6    7      val=   0.34826
       -0.5000000000000 bend    7    8    6
        1.0000000000000 bend    6   10    8
       -0.5000000000000 bend    8   11   10
       -0.5000000000000 bend   10    9   11
        1.0000000000000 bend   11    7    9
  40 k  0.8660254037844 bend    9    6    7      val=  -0.97150
       -0.8660254037844 bend    7    8    6
        0.8660254037844 bend    8   11   10
       -0.8660254037844 bend   10    9   11
  41 k -1.0000000000000 bend    9    6    7      val=   0.35002
        1.0000000000000 bend    7    8    6
       -1.0000000000000 bend    6   10    8
        1.0000000000000 bend    8   11   10
       -1.0000000000000 bend   10    9   11
        1.0000000000000 bend   11    7    9
  42 k -0.5000000000000 tors    7    6    8   10 val=   8.45119
       -0.5000000000000 tors    6    8   10   11
        1.0000000000000 tors    8   10   11    9
       -0.5000000000000 tors   10   11    9    7
       -0.5000000000000 tors   11    9    7    6
        1.0000000000000 tors    9    7    6    8
  43 k  0.8660254037844 tors    7    6    8   10 val=   5.48987
       -0.8660254037844 tors    6    8   10   11
        0.8660254037844 tors   10   11    9    7
       -0.8660254037844 tors   11    9    7    6
  44 k -1.0000000000000 tors    7    6    8   10 val=   4.96158
        1.0000000000000 tors    6    8   10   11
       -1.0000000000000 tors    8   10   11    9
        1.0000000000000 tors   10   11    9    7
       -1.0000000000000 tors   11    9    7    6
        1.0000000000000 tors    9    7    6    8
  45 k  1.0000000000000 tors    2    9    7   11 val= 176.76994
        1.0000000000000 tors   25    9    7    6
  46 k  1.0000000000000 stre    2   20           val=   2.55406
  47 k  1.0000000000000 stre   20   27           val=   2.69299
  48 k  1.0000000000000 stre   27   25           val=   2.64684
  49 k  1.0000000000000 stre   25    7           val=   2.74786
  50 k -0.5000000000000 bend    2   27   20      val=  -0.33085
       -0.5000000000000 bend   20   25   27
        1.0000000000000 bend   27    7   25
       -0.5000000000000 bend   25    9    7
       -0.5000000000000 bend    7    2    9
        1.0000000000000 bend    9   20    2
  51 i -1.0000000000000 bend    2   27   20
        1.0000000000000 bend   20   25   27
       -1.0000000000000 bend   27    7   25
        1.0000000000000 bend   25    9    7
       -1.0000000000000 bend    7    2    9
        1.0000000000000 bend    9   20    2
  52 k -0.5000000000000 tors   20   27   25    7 val=  -5.58263
       -0.5000000000000 tors   27   25    7    9
        1.0000000000000 tors   25    7    9    2
       -0.5000000000000 tors    7    9    2   20
       -0.5000000000000 tors    9    2   20   27
        1.0000000000000 tors    2   20   27   25
  53 k -1.0000000000000 tors   20   27   25    7 val=   5.82037
        1.0000000000000 tors   27   25    7    9
       -1.0000000000000 tors   25    7    9    2
        1.0000000000000 tors    7    9    2   20
       -1.0000000000000 tors    9    2   20   27
        1.0000000000000 tors    2   20   27   25
  54 i -1.0000000000000 bend    2    7    9
        1.0000000000000 bend    9   25    7
       -1.0000000000000 bend    7   27   25
        1.0000000000000 bend   25   20   27
       -1.0000000000000 bend   27    2   20
        1.0000000000000 bend   20    9    2
  55 i -1.0000000000000 bend    2   27   20
        1.0000000000000 bend   20   25   27
       -1.0000000000000 bend   27    7   25
        1.0000000000000 bend   25    9    7
       -1.0000000000000 bend    7    2    9
        1.0000000000000 bend    9   20    2
  56 i -1.0000000000000 bend    2   27   20
        1.0000000000000 bend   20   25   27
       -1.0000000000000 bend   27    7   25
        1.0000000000000 bend   25    9    7
       -1.0000000000000 bend    7    2    9
        1.0000000000000 bend    9   20    2
$redundant
     number_of_atoms            36
     degrees_of_freedom         52
     internal_coordinates       52
     frozen_coordinates          0
# definitions of redundant internals
   1 k -1.0000000000000 tors    6    5    4    3 val=   2.03912
        1.0000000000000 tors    5    4    3    1
       -1.0000000000000 tors    4    3    1    8
        1.0000000000000 tors    3    1    8    6
       -1.0000000000000 tors    1    8    6    5
        1.0000000000000 tors    8    6    5    4
   2 k -1.0000000000000 tors    7    6    8   10 val=   4.96158
        1.0000000000000 tors    6    8   10   11
       -1.0000000000000 tors    8   10   11    9
        1.0000000000000 tors   10   11    9    7
       -1.0000000000000 tors   11    9    7    6
        1.0000000000000 tors    9    7    6    8
   3 k -1.0000000000000 tors   20   27   25    7 val=   5.82037
        1.0000000000000 tors   27   25    7    9
       -1.0000000000000 tors   25    7    9    2
        1.0000000000000 tors    7    9    2   20
       -1.0000000000000 tors    9    2   20   27
        1.0000000000000 tors    2   20   27   25
   4 k  1.0000000000000 outp   14    9   20    2 val=   3.40981
   5 k  0.8660254037844 tors    6    5    4    3 val=   3.53263
       -0.8660254037844 tors    5    4    3    1
        0.8660254037844 tors    3    1    8    6
       -0.8660254037844 tors    1    8    6    5
   6 k -0.5000000000000 tors    6    5    4    3 val=   2.39903
       -0.5000000000000 tors    5    4    3    1
        1.0000000000000 tors    4    3    1    8
       -0.5000000000000 tors    3    1    8    6
       -0.5000000000000 tors    1    8    6    5
        1.0000000000000 tors    8    6    5    4
   7 k  0.8660254037844 tors    7    6    8   10 val=   5.48987
       -0.8660254037844 tors    6    8   10   11
        0.8660254037844 tors   10   11    9    7
       -0.8660254037844 tors   11    9    7    6
   8 k -0.5000000000000 tors    7    6    8   10 val=   8.45119
       -0.5000000000000 tors    6    8   10   11
        1.0000000000000 tors    8   10   11    9
       -0.5000000000000 tors   10   11    9    7
       -0.5000000000000 tors   11    9    7    6
        1.0000000000000 tors    9    7    6    8
   9 k  0.8660254037844 tors   20   27   25    7 val= -11.16526
       -0.8660254037844 tors   27   25    7    9
        0.8660254037844 tors    7    9    2   20
       -0.8660254037844 tors    9    2   20   27
  10 k  1.0000000000000 outp   17    6    4    5 val=   1.18738
  11 k  1.0000000000000 outp   16    9   10   11 val=   0.62412
  12 k  1.0000000000000 outp   18    8    3    1 val=  -1.69441
  13 k  1.0000000000000 outp   12    3    5    4 val=  -0.61853
  14 k  1.0000000000000 outp   15    8   11   10 val=   4.26667
  15 k  1.0000000000000 outp   13    4    1    3 val=   1.82355
  16 k  1.0000000000000 stre    4    3           val=   2.66062
  17 k  1.0000000000000 stre   24   26           val=   2.66519
  18 k  1.0000000000000 stre   26   28           val=   2.71301
  19 k  1.0000000000000 stre   28   29           val=   2.54119
  20 k  1.0000000000000 stre    1    8           val=   2.67508
  21 k  1.0000000000000 stre    4   12           val=   2.04574
  22 k  1.0000000000000 stre    2   20           val=   2.55406
  23 k  1.0000000000000 stre   25    7           val=   2.74786
  24 k  1.0000000000000 stre    1   18           val=   2.04616
  25 k  1.0000000000000 stre    3   13           val=   2.04573
  26 k  1.0000000000000 stre   24   23           val=   2.68100
  27 k  1.0000000000000 stre   23   22           val=   2.58555
  28 k  1.0000000000000 stre   25   24           val=   2.76938
  29 k  1.0000000000000 stre   21   19           val=   2.58145
  30 k  1.0000000000000 stre   11   16           val=   2.04566
  31 k  1.0000000000000 stre   29   27           val=   2.71698
  32 k  1.0000000000000 stre    2   14           val=   2.04526
  33 k  1.0000000000000 stre    5   17           val=   2.03614
  34 k  1.0000000000000 stre   20   27           val=   2.69299
  35 k  1.0000000000000 stre   27   25           val=   2.64684
  36 k  1.0000000000000 stre   10   15           val=   2.04535
  37 k -1.0000000000000 bend    8    5    6      val=   0.40012
        1.0000000000000 bend    6    4    5
       -1.0000000000000 bend    5    3    4
        1.0000000000000 bend    4    1    3
       -1.0000000000000 bend    3    8    1
        1.0000000000000 bend    1    6    8
  38 k -1.0000000000000 bend    9    6    7      val=   0.35002
        1.0000000000000 bend    7    8    6
       -1.0000000000000 bend    6   10    8
        1.0000000000000 bend    8   11   10
       -1.0000000000000 bend   10    9   11
        1.0000000000000 bend   11    7    9
  39 k  0.7071166542998 bend    1   13    3      val=   0.14727
       -0.7070969079354 bend    4   13    3
  40 k  0.7072513344677 bend   11   15   10      val=   0.98895
       -0.7069621983485 bend    8   15   10
  41 k  0.7071075466522 bend    5   12    4      val=  -0.18487
       -0.7071060157200 bend    3   12    4
  42 k  0.7071096091292 bend    4   17    5      val=  -0.43335
       -0.7071039532326 bend    6   17    5
  43 k  0.7071101268480 bend   10   16   11      val=   1.24119
       -0.7071034355093 bend    9   16   11
  44 k  0.7071214162466 bend    3   18    1      val=   0.88290
       -0.7070921458236 bend    8   18    1
  45 k  1.0000000000000 tors   20   27   25   29 val= 176.76994
        1.0000000000000 tors    7   27   25   24
  46 k  0.7071868491218 bend   20   14    2      val=   0.99472
       -0.7070267041840 bend    9   14    2
  47 k  1.0000000000000 tors   28   26   24   19 val= 174.37421
        1.0000000000000 tors   25   26   24   23
  48 k  0.8660254037844 bend    8    5    6      val=  -1.61211
       -0.8660254037844 bend    6    4    5
        0.8660254037844 bend    4    1    3
       -0.8660254037844 bend    3    8    1
  49 k -0.5000000000000 bend   26   23   24      val=   0.23504
       -0.5000000000000 bend   24   22   23
        1.0000000000000 bend   23   21   22
       -0.5000000000000 bend   22   19   21
       -0.5000000000000 bend   21   26   19
        1.0000000000000 bend   19   24   26
  50 k  0.8660254037844 bend    2   27   20      val=  -0.66170
       -0.8660254037844 bend   20   25   27
        0.8660254037844 bend   25    9    7
       -0.8660254037844 bend    7    2    9
  51 k  0.8660254037844 bend    9    6    7      val=  -0.97150
       -0.8660254037844 bend    7    8    6
        0.8660254037844 bend    8   11   10
       -0.8660254037844 bend   10    9   11
  52 k -0.5000000000000 bend   27   24   25      val=   0.34826
       -0.5000000000000 bend   25   26   24
        1.0000000000000 bend   24   28   26
       -0.5000000000000 bend   26   29   28
       -0.5000000000000 bend   28   27   29
        1.0000000000000 bend   29   25   27
        52 non zero eigenvalues  of BmBt
           1          12.103293150    1    0
         1
           2          10.136678659    2    0
         2
           3           7.239544833    3    0
         3
           4           5.830465229    4    0
         4
           5           4.887271354    5    0
         5
           6           4.699380507    6    0
         6
           7           4.576627592    7    0
         7
           8           4.213340554    8    0
         8
           9           4.123111585    9    0
         9
          10           3.850440477   10    0
        10
          11           3.615894208   11    0
        11
          12           3.558903837   12    0
        12
          13           3.421803152   13    0
        13
          14           3.243216370   14    0
        14
          15           3.126439850   15    0
        15
          16           3.080172106   16    0
        16
          17           2.871161166   17    0
        17
          18           2.676324067   18    0
        18
          19           2.121305483   19    0
        19
          20           2.076963561   20    0
        20
          21           2.013719295   21    0
        21
          22           1.811130598   22    0
        22
          23           1.764294307   23    0
        23
          24           1.726924534   24    0
        24
          25           1.501159185   25    0
        25
          26           1.172599243   26    0
        26
          27           1.077110999   27    0
        27
          28           1.030824252   28    0
        28
          29           0.949342576   29    0
        29
          30           0.847785390   30    0
        30
          31           0.606097363   31    0
        31
          32           0.572161164   32    0
        32
          33           0.424762848   33    0
        33
          34           0.384608431   34    0
        34
          35           0.366351966   35    0
        35
          36           0.345163968   36    0
        36
          37           0.340718605   37    0
        37
          38           0.328154429   38    0
        38
          39           0.315143409   39    0
        39
          40           0.303339571   40    0
        40
          41           0.276132475   41    0
        41
          42           0.214740758   42    0
        42
          43           0.139576891   43    0
        43
          44           0.127552699   44    0
        44
          45           0.113748854   45    0
        45
          46           0.102201633   46    0
        46
          47           0.078177341   47    0
        47
          48           0.072893439   48    0
        48
          49           0.056172811   49    0
        49
          50           0.036966667   50    0
        50
          51           0.005977324   51    0
        51
          52           0.003034020   52    0
        52
$user-defined bonds
$end
