$hessian
 1  1   0.0000000000   0.0000000000   0.0000000000   0.0000000000   0.0000000000
 1  2   0.0000000000   0.0000000000   0.0000000000   0.0000000000   0.0000000000
 1  3   0.0000000000   0.0000000000   0.0000000000   0.0000000000   0.0000000000
 2  1   0.0000000000   0.0000000000   0.0000000000   0.0000000000   0.0000000000
 2  2   0.0000000000   0.0000000000   0.0000000000   0.0000000000   0.0000000000
 2  3   0.0000000000   0.0000000000   0.0000000000   0.0000000000   0.0000000000
 3  1   0.0000000000   0.0000000000   0.0000000000   0.0000000000   0.0000000000
 3  2   0.0000000000   0.0000000000   0.0000000000   0.0000000000   0.0000000000
 3  3   0.0000000000   0.0000000000   0.0000000000   0.0000000000   0.0000000000
 4  1   0.0000000000   0.0000000000   0.0000000000   0.0000000000   0.0000000000
 4  2   0.0000000000   0.0000000000   0.0000000000   0.0000000000   0.0000000000
 4  3   0.0000000000   0.0000000000   0.0000000000   0.0000000000   0.0000000000
 5  1   0.0000000000   0.0000000000   0.0000000000   0.0000000000   0.0000000000
 5  2   0.0000000000   0.0000000000   0.0000000000   0.0000000000   0.0000000000
 5  3   0.0000000000   0.0000000000   0.0000000000   0.0000000000   0.0000000000
 6  1   0.0000000000   0.0000000000   0.0000000000   0.0000000000   0.0000000000
 6  2   0.0000000000   0.0000000000   0.0000000000   0.0000000000   0.0000000000
 6  3   0.0000000000   0.0000000000   0.0000000000   0.0000000000   0.0000000000
 7  1   0.0000000000   0.0000000000   0.0000000000   0.0000000000   0.0000000000
 7  2   0.0000000000   0.0000000000   0.0000000000   0.0000000000   0.0000000000
 7  3   0.0000000000   0.0000000000   0.0000000000   0.0000000000   0.0000000000
 8  1   0.0000000000   0.0000000000   0.0000000000   0.0000000000   0.0000000000
 8  2   0.0000000000   0.0000000000   0.0000000000   0.0000000000   0.0000000000
 8  3   0.0000000000   0.0000000000   0.0000000000   0.0000000000   0.0000000000
 9  1   0.0000000000   0.0000000000   0.0000000000   0.0000000000   0.0000000000
 9  2   0.0000000000   0.0000000000   0.0000000000   0.0000000000   0.0000000000
 9  3   0.0000000000   0.0000000000   0.0000000000   0.0000000000   0.0000000000
10  1   0.0000000000   0.0000000000   0.0000000000   0.0000000000   0.0000000000
10  2   0.0000000000   0.0000000000   0.0000000000   0.0000000000   0.0000000000
10  3   0.0000000000   0.0000000000   0.0000000000   0.0000000000   0.0000000000
11  1   0.0000000000   0.0000000000   0.0000000000   0.0000000000   0.0000000000
11  2   0.0000000000   0.0000000000   0.0000000000   0.0000000000   0.0000000000
11  3   0.0000000000   0.0000000000   0.0000000000   0.0000000000   0.0000000000
12  1   0.0000000000   0.0000000000   0.0000000000   0.0000000000   0.0000000000
12  2   0.0000000000   0.0000000000   0.0000000000   0.0000000000   0.0000000000
12  3   0.0000000000   0.0000000000   0.0000000000   0.0000000000   0.0000000000
13  1   0.0000000000   0.0000000000   0.0000000000   0.0000000000   0.0000000000
13  2   0.0000000000   0.0000000000   0.0000000000   0.0000000000   0.0000000000
13  3   0.0000000000   0.0000000000   0.0000000000   0.0000000000   0.0000000000
14  1   0.0000000000   0.0000000000   0.0000000000   0.0000000000   0.0000000000
14  2   0.0000000000   0.0000000000   0.0000000000   0.0000000000   0.0000000000
14  3   0.0000000000   0.0000000000   0.0000000000   0.0000000000   0.0000000000
15  1   0.0000000000   0.0000000000   0.0000000000   0.0000000000   0.0000000000
15  2   0.0000000000   0.0000000000   0.0000000000   0.0000000000   0.0000000000
15  3   0.0000000000   0.0000000000   0.0000000000   0.0000000000   0.0000000000
$hessian (projected)
 1  1   0.0000000000   0.0000000000   0.0000000000   0.0000000000   0.0000000000
 1  2   0.0000000000   0.0000000000   0.0000000000   0.0000000000   0.0000000000
 1  3   0.0000000000   0.0000000000   0.0000000000   0.0000000000   0.0000000000
 2  1   0.0000000000   0.0000000000   0.0000000000   0.0000000000   0.0000000000
 2  2   0.0000000000   0.0000000000   0.0000000000   0.0000000000   0.0000000000
 2  3   0.0000000000   0.0000000000   0.0000000000   0.0000000000   0.0000000000
 3  1   0.0000000000   0.0000000000   0.0000000000   0.0000000000   0.0000000000
 3  2   0.0000000000   0.0000000000   0.0000000000   0.0000000000   0.0000000000
 3  3   0.0000000000   0.0000000000   0.0000000000   0.0000000000   0.0000000000
 4  1   0.0000000000   0.0000000000   0.0000000000   0.0000000000   0.0000000000
 4  2   0.0000000000   0.0000000000   0.0000000000   0.0000000000   0.0000000000
 4  3   0.0000000000   0.0000000000   0.0000000000   0.0000000000   0.0000000000
 5  1   0.0000000000   0.0000000000   0.0000000000   0.0000000000   0.0000000000
 5  2   0.0000000000   0.0000000000   0.0000000000   0.0000000000   0.0000000000
 5  3   0.0000000000   0.0000000000   0.0000000000   0.0000000000   0.0000000000
 6  1   0.0000000000   0.0000000000   0.0000000000   0.0000000000   0.0000000000
 6  2   0.0000000000   0.0000000000   0.0000000000   0.0000000000   0.0000000000
 6  3   0.0000000000   0.0000000000   0.0000000000   0.0000000000   0.0000000000
 7  1   0.0000000000   0.0000000000   0.0000000000   0.0000000000   0.0000000000
 7  2   0.0000000000   0.0000000000   0.0000000000   0.0000000000   0.0000000000
 7  3   0.0000000000   0.0000000000   0.0000000000   0.0000000000   0.0000000000
 8  1   0.0000000000   0.0000000000   0.0000000000   0.0000000000   0.0000000000
 8  2   0.0000000000   0.0000000000   0.0000000000   0.0000000000   0.0000000000
 8  3   0.0000000000   0.0000000000   0.0000000000   0.0000000000   0.0000000000
 9  1   0.0000000000   0.0000000000   0.0000000000   0.0000000000   0.0000000000
 9  2   0.0000000000   0.0000000000   0.0000000000   0.0000000000   0.0000000000
 9  3   0.0000000000   0.0000000000   0.0000000000   0.0000000000   0.0000000000
10  1   0.0000000000   0.0000000000   0.0000000000   0.0000000000   0.0000000000
10  2   0.0000000000   0.0000000000   0.0000000000   0.0000000000   0.0000000000
10  3   0.0000000000   0.0000000000   0.0000000000   0.0000000000   0.0000000000
11  1   0.0000000000   0.0000000000   0.0000000000   0.0000000000   0.0000000000
11  2   0.0000000000   0.0000000000   0.0000000000   0.0000000000   0.0000000000
11  3   0.0000000000   0.0000000000   0.0000000000   0.0000000000   0.0000000000
12  1   0.0000000000   0.0000000000   0.0000000000   0.0000000000   0.0000000000
12  2   0.0000000000   0.0000000000   0.0000000000   0.0000000000   0.0000000000
12  3   0.0000000000   0.0000000000   0.0000000000   0.0000000000   0.0000000000
13  1   0.0000000000   0.0000000000   0.0000000000   0.0000000000   0.0000000000
13  2   0.0000000000   0.0000000000   0.0000000000   0.0000000000   0.0000000000
13  3   0.0000000000   0.0000000000   0.0000000000   0.0000000000   0.0000000000
14  1   0.0000000000   0.0000000000   0.0000000000   0.0000000000   0.0000000000
14  2   0.0000000000   0.0000000000   0.0000000000   0.0000000000   0.0000000000
14  3   0.0000000000   0.0000000000   0.0000000000   0.0000000000   0.0000000000
15  1   0.0000000000   0.0000000000   0.0000000000   0.0000000000   0.0000000000
15  2   0.0000000000   0.0000000000   0.0000000000   0.0000000000   0.0000000000
15  3   0.0000000000   0.0000000000   0.0000000000   0.0000000000   0.0000000000
$end
