# Electronic transition moments of , IRREP a   electric dipole (length) / electric dipole (velocity) / magnetic dipole
 0.00000000000000E+00   0.00000000000000E+00   0.12590857182395E+00   0.00000000000000E+00   0.00000000000000E+00   0.13073947602339E+00   0.00000000000000E+00   0.00000000000000E+00   -.35562695205964E-03
 -.18304012806133E-01   0.60685050898118E+00   0.20658829195009E+00   0.22310748278937E+00   0.00000000000000E+00   0.00000000000000E+00
 0.00000000000000E+00   0.00000000000000E+00   -.68124155070301E+00   0.00000000000000E+00   0.00000000000000E+00   -.66642985541168E+00   0.00000000000000E+00   0.00000000000000E+00   0.14906971727872E-02
 0.69012562025346E-01   -.26874803166605E+01   -.22784672239971E+01   -.11486419437196E+01   0.00000000000000E+00   0.00000000000000E+00
 0.00000000000000E+00   0.00000000000000E+00   0.20925417214068E+00   0.00000000000000E+00   0.00000000000000E+00   0.23663934626487E+00   0.00000000000000E+00   0.00000000000000E+00   -.63188292365059E-03
 -.58561517756313E-01   0.24847698019280E+00   0.77015788031903E+00   0.17593944215359E+00   0.00000000000000E+00   0.00000000000000E+00
# Electronic transition moments of , IRREP b   electric dipole (length) / electric dipole (velocity) / magnetic dipole
 -.66826749568806E-01   -.38325587957708E+00   0.00000000000000E+00   -.65691834273454E-01   -.37442465236541E+00   0.00000000000000E+00   0.15777524664566E-02   -.17622575318110E-03   0.00000000000000E+00
 0.00000000000000E+00   0.00000000000000E+00   0.00000000000000E+00   0.00000000000000E+00   0.69282380298221E-01   -.33133740916466E+00
 0.25058427121316E+00   -.12779965958893E+01   0.00000000000000E+00   0.23604658768337E+00   -.12900605280905E+01   0.00000000000000E+00   0.88330443348549E-02   -.79400746186745E-03   0.00000000000000E+00
 0.00000000000000E+00   0.00000000000000E+00   0.00000000000000E+00   0.00000000000000E+00   -.19323738548311E+01   0.27138636760246E+01
 0.73825984503942E-03   -.74891028708929E+00   0.00000000000000E+00   0.74688483241030E-02   -.76544452699917E+00   0.00000000000000E+00   0.37983198230144E-02   -.60176839287973E-03   0.00000000000000E+00
 0.00000000000000E+00   0.00000000000000E+00   0.00000000000000E+00   0.00000000000000E+00   -.77739808288269E+00   0.85335888264937E+00
# Electronic transition moments of , IRREP a   electric dipole (length) / electric dipole (velocity) / magnetic dipole
 0.00000000000000E+00   0.00000000000000E+00   -.12590857182396E+00   0.00000000000000E+00   0.00000000000000E+00   -.13073947602340E+00   0.00000000000000E+00   0.00000000000000E+00   0.35562695205964E-03
 0.18304012806134E-01   -.60685050898120E+00   -.20658829195011E+00   -.22310748278937E+00   0.00000000000000E+00   0.00000000000000E+00
 0.00000000000000E+00   0.00000000000000E+00   0.68124155070301E+00   0.00000000000000E+00   0.00000000000000E+00   0.66642985541168E+00   0.00000000000000E+00   0.00000000000000E+00   -.14906971727872E-02
 -.69012562025339E-01   0.26874803166604E+01   0.22784672239972E+01   0.11486419437195E+01   0.00000000000000E+00   0.00000000000000E+00
 0.00000000000000E+00   0.00000000000000E+00   0.20925417214069E+00   0.00000000000000E+00   0.00000000000000E+00   0.23663934626488E+00   0.00000000000000E+00   0.00000000000000E+00   -.63188292365059E-03
 -.58561517756314E-01   0.24847698019281E+00   0.77015788031906E+00   0.17593944215360E+00   0.00000000000000E+00   0.00000000000000E+00
# Electronic transition moments of , IRREP b   electric dipole (length) / electric dipole (velocity) / magnetic dipole
 -.66826749568811E-01   -.38325587957710E+00   0.00000000000000E+00   -.65691834273457E-01   -.37442465236543E+00   0.00000000000000E+00   0.15777524664566E-02   -.17622575318110E-03   0.00000000000000E+00
 0.00000000000000E+00   0.00000000000000E+00   0.00000000000000E+00   0.00000000000000E+00   0.69282380298225E-01   -.33133740916464E+00
 0.25058427121316E+00   -.12779965958892E+01   0.00000000000000E+00   0.23604658768338E+00   -.12900605280905E+01   0.00000000000000E+00   0.88330443348549E-02   -.79400746186745E-03   0.00000000000000E+00
 0.00000000000000E+00   0.00000000000000E+00   0.00000000000000E+00   0.00000000000000E+00   -.19323738548311E+01   0.27138636760246E+01
 0.73825984504035E-03   -.74891028708928E+00   0.00000000000000E+00   0.74688483241034E-02   -.76544452699916E+00   0.00000000000000E+00   0.37983198230144E-02   -.60176839287973E-03   0.00000000000000E+00
 0.00000000000000E+00   0.00000000000000E+00   0.00000000000000E+00   0.00000000000000E+00   -.77739808288269E+00   0.85335888264937E+00
