*************************************************
******************* ORCA 6.0.0 ******************
*************************************************
$Calculation_Status
   &GeometryIndex 1
   &ListStatus       OUT
   &VERSION [&Type "String"] "6.0.0"
   &PROGNAME [&Type "String"] "ProgMP2"
   &STATUS [&Type "String"] "Running"
$End
$Geometry
   &GeometryIndex 1
   &ListStatus       OUT
   &NATOMS [&Type "Integer"] 57
   &NCORELESSECP [&Type "Integer"] 0
   &NGHOSTATOMS [&Type "Integer"] 0
   &CartesianCoordinates [&Type "Coordinates", &Dim(57,4), &Units "Bohr"] 
              Cu     0.154987818284    0.005046249079    0.111576632693
              Cu     5.220876820972    1.510846173002   -0.631478800974
              S     -3.084480875969   -3.738365161937    0.344952141054
              Cu    -0.627519427881   -3.973740000548    4.156057321640
              S      2.718185890169   -3.833565785112    7.308400192488
              Cu     4.110872476894   -1.243556278839    3.469470684306
              Cu     1.446925545905    3.998220873490   -3.785458174654
              S     -2.649879769964    3.576154320931   -1.873750746343
              S      5.961282858599    4.082032117255   -4.659624697219
              C      3.594945052738   -4.933358379864   10.446957960944
              H      2.172688042808   -4.230160471558   11.778490734745
              H      3.489088972542   -7.000828903613   10.444294860611
              H      7.633722361130   -4.826298419398    9.852814586913
              C      6.249180979702   -4.065123257879   11.194366637653
              C      6.498300350174   -1.208870945246   11.192408490205
              O      4.786535363337    0.218562285348   10.563889939551
              O      8.820123805018   -0.372297375832   11.889274168122
              H      8.932114911344    1.477358729246   11.841013690158
              N      6.852722009040   -4.952763847142   13.744700727694
              H      6.715686110928   -6.873069474561   13.808310237839
              H      8.687921784783   -4.533973537348   14.155483776530
              C     -5.666910743631   -5.328704760469   -1.276982251694
              H     -5.592670129365   -4.773057309316   -3.270979762263
              H     -5.316435722993   -7.366522009750   -1.176408445481
              H     -8.265191858982   -5.302453163117    1.873325102539
              C     -8.232990685665   -4.692585893821   -0.107364011732
              C     -8.789299900012   -1.880739779397   -0.172809005312
              O     -7.297473145916   -0.305688991254   -0.982999420310
              O    -11.072634707423   -1.254550548639    0.812386649042
              H    -11.365371768979    0.575397581801    0.771232773443
              N    -10.251919243514   -5.974379087785   -1.499235145725
              H     -9.941638264998   -7.875371075387   -1.480423398273
              H    -11.932160486058   -5.698115808288   -0.597817256749
              C     -5.778718716597    5.003756568629   -1.907125983831
              H     -5.935328520837    6.132224561267   -3.636956952819
              H     -7.169510612878    3.474746797783   -2.023203532215
              H     -6.123786911402    5.433792247473    2.139130014001
              C     -6.255525765432    6.618087514107    0.443195472748
              C     -4.351417056297    8.745668954390    0.703980445788
              O     -2.581729671217    9.057370649801   -0.756769079845
              O     -4.745897362186   10.242409574691    2.748606100540
              H     -3.469775304380   11.580142868749    2.883071389074
              N     -8.771351969053    7.762482052461    0.311471445510
              H    -10.101375870235    6.378729695944    0.148178624797
              H     -9.151084158664    8.676435624939    1.964522737742
              C      8.320271067880    5.273923482014   -6.860389302598
              H      9.687856014187    6.386323685135   -5.772934000340
              H      9.321513611379    3.646002926313   -7.656024274014
              H      5.801154378629    5.680414522494  -10.048650029888
              C      7.130424371680    6.850357661180   -8.971441272483
              C      5.691218818125    9.113342527530   -7.957622535422
              O      5.438375254757    9.554119530662   -5.698302653070
              O      4.646472144745   10.578366101562   -9.784792912065
              H      3.704960837785   12.007056311839   -9.071701378489
              N      9.099403580644    7.805149353028  -10.664918542373
              H     10.097220804663    6.326551074932  -11.391903153513
              H      8.282590285928    8.689770118355  -12.169029039794
$End
$SCF_Energy
   &GeometryIndex 1
   &ListStatus       OUT
   &SCF_ENERGY [&Type "Double"]      -1.1070641151588967e+04
$End
$Mulliken_Population_Analysis
   &GeometryIndex 1
   &ListStatus       OUT
   &NATOMS [&Type "Integer"] 57
   &ATNO [&Type "ArrayOfIntegers", &Dim (57,1)] 
                                                         0

0                                                       29
1                                                       29
2                                                       16
3                                                       29
4                                                       16
5                                                       29
6                                                       29
7                                                       16
8                                                       16
9                                                        6
10                                                       1
11                                                       1
12                                                       1
13                                                       6
14                                                       6
15                                                       8
16                                                       8
17                                                       1
18                                                       7
19                                                       1
20                                                       1
21                                                       6
22                                                       1
23                                                       1
24                                                       1
25                                                       6
26                                                       6
27                                                       8
28                                                       8
29                                                       1
30                                                       7
31                                                       1
32                                                       1
33                                                       6
34                                                       1
35                                                       1
36                                                       1
37                                                       6
38                                                       6
39                                                       8
40                                                       8
41                                                       1
42                                                       7
43                                                       1
44                                                       1
45                                                       6
46                                                       1
47                                                       1
48                                                       1
49                                                       6
50                                                       6
51                                                       8
52                                                       8
53                                                       1
54                                                       7
55                                                       1
56                                                       1
   &ATOMICCHARGES [&Type "ArrayOfDoubles", &Dim (57,1)] 
                                                         0

0                                      2.4362345044778522e-01
1                                      8.9192250975951737e-02
2                                     -5.9445392564455091e-01
3                                      3.9086402176733159e-01
4                                     -5.3987410826304583e-01
5                                      2.5154173603731067e-02
6                                      4.2662411052805282e-01
7                                     -5.8655233085714897e-01
8                                     -5.4462154565534249e-01
9                                     -1.0484426367074473e-01
10                                     9.6755555823054840e-02
11                                     8.2950230045907625e-02
12                                     8.0638553975497684e-02
13                                     1.5846452246407416e-01
14                                     4.4463364454719656e-01
15                                    -4.3513340788579136e-01
16                                    -5.2483354285451966e-01
17                                     3.6514954437402913e-01
18                                    -5.9145204043342137e-01
19                                     2.1684980399062148e-01
20                                     2.3070687172932791e-01
21                                    -9.2008726717532241e-02
22                                     1.0503167462781993e-01
23                                     8.1823737426818699e-02
24                                     7.2755353276956036e-02
25                                     1.6599976311561893e-01
26                                     4.5567921898612251e-01
27                                    -4.3099337889536216e-01
28                                    -5.2446978403658306e-01
29                                     3.5613225950501237e-01
30                                    -5.9310548448309142e-01
31                                     2.1568170359575412e-01
32                                     2.2666530165207011e-01
33                                    -7.5231590040966800e-02
34                                     9.3465856900359912e-02
35                                     9.8593802689800780e-02
36                                     8.8217178607929214e-02
37                                     1.3826172252574143e-01
38                                     4.4051321121938702e-01
39                                    -4.4143488329820180e-01
40                                    -5.2748135972144006e-01
41                                     3.6006703816355756e-01
42                                    -5.9290797731793710e-01
43                                     2.0169902053903299e-01
44                                     2.2625213473311512e-01
45                                    -9.6674372562862487e-02
46                                     9.5205044016241969e-02
47                                     8.3297294844250969e-02
48                                     8.1767766762404048e-02
49                                     1.4870580756504026e-01
50                                     4.4760834223121826e-01
51                                    -4.3365886602560266e-01
52                                    -5.2625839235299310e-01
53                                     3.6579153409068133e-01
54                                    -5.9047197353527991e-01
55                                     2.1638541554837309e-01
56                                     2.2925503735623098e-01
$End
$Loewdin_Population_Analysis
   &GeometryIndex 1
   &ListStatus       OUT
   &NATOMS [&Type "Integer"] 57
   &ATNO [&Type "ArrayOfIntegers", &Dim (57,1)] 
                                                         0

0                                                       29
1                                                       29
2                                                       16
3                                                       29
4                                                       16
5                                                       29
6                                                       29
7                                                       16
8                                                       16
9                                                        6
10                                                       1
11                                                       1
12                                                       1
13                                                       6
14                                                       6
15                                                       8
16                                                       8
17                                                       1
18                                                       7
19                                                       1
20                                                       1
21                                                       6
22                                                       1
23                                                       1
24                                                       1
25                                                       6
26                                                       6
27                                                       8
28                                                       8
29                                                       1
30                                                       7
31                                                       1
32                                                       1
33                                                       6
34                                                       1
35                                                       1
36                                                       1
37                                                       6
38                                                       6
39                                                       8
40                                                       8
41                                                       1
42                                                       7
43                                                       1
44                                                       1
45                                                       6
46                                                       1
47                                                       1
48                                                       1
49                                                       6
50                                                       6
51                                                       8
52                                                       8
53                                                       1
54                                                       7
55                                                       1
56                                                       1
   &ATOMICCHARGES [&Type "ArrayOfDoubles", &Dim (57,1)] 
                                                         0

0                                     -2.6330391245944185e-01
1                                     -1.2699936931509725e-01
2                                      3.2725348872478932e-01
3                                     -2.3203716995021395e-01
4                                      3.2011646554002304e-01
5                                     -1.3440570135816543e-01
6                                     -1.9990890072815404e-01
7                                      3.3765514497168958e-01
8                                      3.2156425250200904e-01
9                                     -4.3481042109825729e-01
10                                     1.2109651373434704e-01
11                                     1.1065198852647606e-01
12                                     1.3709534753391739e-01
13                                    -3.1005734935896800e-01
14                                    -3.7403478354055064e-01
15                                     3.9814980527046018e-02
16                                     2.8896845728729303e-02
17                                     2.0892627881329073e-01
18                                    -1.5788228194884635e-01
19                                     1.4753805504399164e-01
20                                     1.4961293938300624e-01
21                                    -4.3603406358063523e-01
22                                     1.2500765911312739e-01
23                                     1.1007570341019790e-01
24                                     1.3474319637304910e-01
25                                    -3.1137857284197512e-01
26                                    -3.6962337131049239e-01
27                                     5.6854058023597887e-02
28                                     2.7157696024525002e-02
29                                     2.0412366950551641e-01
30                                    -1.5981297010550488e-01
31                                     1.4672412785699562e-01
32                                     1.4759156346945757e-01
33                                    -4.3889212935592337e-01
34                                     1.1601075856961995e-01
35                                     1.1557817726951158e-01
36                                     1.3763240491488515e-01
37                                    -3.1196064038331350e-01
38                                    -3.7212468299258283e-01
39                                     3.5529878359296774e-02
40                                     2.5734402194538930e-02
41                                     2.0591897054748520e-01
42                                    -1.6170015827282924e-01
43                                     1.4172710526273924e-01
44                                     1.4680017272232049e-01
45                                    -4.3379493470734865e-01
46                                     1.2117167322027278e-01
47                                     1.1091017161752892e-01
48                                     1.3725849755451736e-01
49                                    -3.1111430690942576e-01
50                                    -3.7419872160441869e-01
51                                     4.2160239112408959e-02
52                                     2.8536858652548069e-02
53                                     2.0921577279414649e-01
54                                    -1.5885140865618652e-01
55                                     1.4719933049760336e-01
56                                     1.4904146238270999e-01
$End
$Mayer_Population_Analysis
   &GeometryIndex 1
   &ListStatus       OUT
   &NATOMS [&Type "Integer"] 57 "Total number of atoms"
   &BONDTHRESH [&Type "Double"]       1.0000000000000001e-01  "The threshold for printing"
   &NBONDORDERSPRINT [&Type "Integer"] 59 "The number of bond orders larger than threshold"
   &BONDORDERS [&Type "ArrayOfDoubles", &Dim (59,1)] "The bond orders"
                                                         0

0                                      3.7898388135070793e-01
1                                      1.6114300196131764e-01
2                                      4.3331451156445588e-01
3                                      2.0354299939406886e-01
4                                      5.4530550271503164e-01
5                                      3.1291254058834789e-01
6                                      5.4127031218464783e-01
7                                      9.5868017863846433e-01
8                                      4.7691564175480050e-01
9                                      2.6440499272147094e-01
10                                     9.7688791084068460e-01
11                                     5.2865931984633285e-01
12                                     4.3855117916106279e-01
13                                     9.5307357912826540e-01
14                                     9.6664933592333191e-01
15                                     9.6111968981418461e-01
16                                     9.7662640691297897e-01
17                                     1.0138093347592130e+00
18                                     9.7049609346120091e-01
19                                     9.6635832544041989e-01
20                                     9.0935501962876164e-01
21                                     2.0067024811436136e+00
22                                     1.1188313867236017e+00
23                                     8.4564393633500701e-01
24                                     9.3860745623487785e-01
25                                     9.3159907786308604e-01
26                                     9.6154397907143252e-01
27                                     9.7978005311400529e-01
28                                     1.0024312423071111e+00
29                                     9.7197493428105464e-01
30                                     9.6708896436563707e-01
31                                     9.0425679409620108e-01
32                                     1.9696882803269422e+00
33                                     1.1005684893262506e+00
34                                     8.5316852870629145e-01
35                                     9.3956823417383573e-01
36                                     9.3281203630547849e-01
37                                     9.7220135405186603e-01
38                                     9.7253203819080714e-01
39                                     9.9256553143170567e-01
40                                     9.7650856470830694e-01
41                                     9.5842386794172951e-01
42                                     8.8677285699493502e-01
43                                     2.0043989138618379e+00
44                                     1.1115113398427350e+00
45                                     8.4907412297864382e-01
46                                     9.4609458464231921e-01
47                                     9.3397800148666932e-01
48                                     9.5950299114198767e-01
49                                     9.7592947736639846e-01
50                                     1.0131954966072241e+00
51                                     9.7159964787624886e-01
52                                     9.6700854425038807e-01
53                                     9.0687717642986787e-01
54                                     2.0082127384558435e+00
55                                     1.1170555279271495e+00
56                                     8.4547819178281358e-01
57                                     9.3924947563276540e-01
58                                     9.3223457017228806e-01
   &COMPONENTS [&Type "ArrayOfIntegers", &Dim (59,4)] "The indices and atomic numbers of the bonding atoms"
                                                         0                           1                           2                           3

0                                                        0                          29                           1                          29
1                                                        0                          29                           2                          16
2                                                        0                          29                           5                          29
3                                                        0                          29                           7                          16
4                                                        1                          29                           5                          29
5                                                        1                          29                           8                          16
6                                                        2                          16                           3                          29
7                                                        2                          16                          21                           6
8                                                        3                          29                           4                          16
9                                                        4                          16                           5                          29
10                                                       4                          16                           9                           6
11                                                       6                          29                           7                          16
12                                                       6                          29                           8                          16
13                                                       7                          16                          33                           6
14                                                       8                          16                          45                           6
15                                                       9                           6                          10                           1
16                                                       9                           6                          11                           1
17                                                       9                           6                          13                           6
18                                                      12                           1                          13                           6
19                                                      13                           6                          14                           6
20                                                      13                           6                          18                           7
21                                                      14                           6                          15                           8
22                                                      14                           6                          16                           8
23                                                      16                           8                          17                           1
24                                                      18                           7                          19                           1
25                                                      18                           7                          20                           1
26                                                      21                           6                          22                           1
27                                                      21                           6                          23                           1
28                                                      21                           6                          25                           6
29                                                      24                           1                          25                           6
30                                                      25                           6                          26                           6
31                                                      25                           6                          30                           7
32                                                      26                           6                          27                           8
33                                                      26                           6                          28                           8
34                                                      28                           8                          29                           1
35                                                      30                           7                          31                           1
36                                                      30                           7                          32                           1
37                                                      33                           6                          34                           1
38                                                      33                           6                          35                           1
39                                                      33                           6                          37                           6
40                                                      36                           1                          37                           6
41                                                      37                           6                          38                           6
42                                                      37                           6                          42                           7
43                                                      38                           6                          39                           8
44                                                      38                           6                          40                           8
45                                                      40                           8                          41                           1
46                                                      42                           7                          43                           1
47                                                      42                           7                          44                           1
48                                                      45                           6                          46                           1
49                                                      45                           6                          47                           1
50                                                      45                           6                          49                           6
51                                                      48                           1                          49                           6
52                                                      49                           6                          50                           6
53                                                      49                           6                          54                           7
54                                                      50                           6                          51                           8
55                                                      50                           6                          52                           8
56                                                      52                           8                          53                           1
57                                                      54                           7                          55                           1
58                                                      54                           7                          56                           1
   &ATNO [&Type "ArrayOfIntegers", &Dim (57,1)] "Atomic number of the elements"
                                                         0

0                                                       29
1                                                       29
2                                                       16
3                                                       29
4                                                       16
5                                                       29
6                                                       29
7                                                       16
8                                                       16
9                                                        6
10                                                       1
11                                                       1
12                                                       1
13                                                       6
14                                                       6
15                                                       8
16                                                       8
17                                                       1
18                                                       7
19                                                       1
20                                                       1
21                                                       6
22                                                       1
23                                                       1
24                                                       1
25                                                       6
26                                                       6
27                                                       8
28                                                       8
29                                                       1
30                                                       7
31                                                       1
32                                                       1
33                                                       6
34                                                       1
35                                                       1
36                                                       1
37                                                       6
38                                                       6
39                                                       8
40                                                       8
41                                                       1
42                                                       7
43                                                       1
44                                                       1
45                                                       6
46                                                       1
47                                                       1
48                                                       1
49                                                       6
50                                                       6
51                                                       8
52                                                       8
53                                                       1
54                                                       7
55                                                       1
56                                                       1
   &NA [&Type "ArrayOfDoubles", &Dim (57,1)] "Mulliken gross atomic population"
                                                         0

0                                      2.8756376549552190e+01
1                                      2.8910807749024045e+01
2                                      1.6594453925644537e+01
3                                      2.8609135978232679e+01
4                                      1.6539874108263056e+01
5                                      2.8974845826396272e+01
6                                      2.8573375889471951e+01
7                                      1.6586552330857160e+01
8                                      1.6544621545655357e+01
9                                      6.1048442636707456e+00
10                                     9.0324444417694527e-01
11                                     9.1704976995409293e-01
12                                     9.1936144602450254e-01
13                                     5.8415354775359267e+00
14                                     5.5553663554528061e+00
15                                     8.4351334078857860e+00
16                                     8.5248335428545214e+00
17                                     6.3485045562597053e-01
18                                     7.5914520404334196e+00
19                                     7.8315019600937841e-01
20                                     7.6929312827067231e-01
21                                     6.0920087267175331e+00
22                                     8.9496832537217996e-01
23                                     9.1817626257318230e-01
24                                     9.2724464672304352e-01
25                                     5.8340002368843820e+00
26                                     5.5443207810138775e+00
27                                     8.4309933788953746e+00
28                                     8.5244697840365813e+00
29                                     6.4386774049498852e-01
30                                     7.5931054844830879e+00
31                                     7.8431829640424588e-01
32                                     7.7333469834792956e-01
33                                     6.0752315900409650e+00
34                                     9.0653414309964064e-01
35                                     9.0140619731019900e-01
36                                     9.1178282139207023e-01
37                                     5.8617382774742612e+00
38                                     5.5594867887806094e+00
39                                     8.4414348832982071e+00
40                                     8.5274813597214418e+00
41                                     6.3993296183644277e-01
42                                     7.5929079773179398e+00
43                                     7.9830097946096690e-01
44                                     7.7374786526688499e-01
45                                     6.0966743725628634e+00
46                                     9.0479495598375814e-01
47                                     9.1670270515574914e-01
48                                     9.1823223323759606e-01
49                                     5.8512941924349571e+00
50                                     5.5523916577687835e+00
51                                     8.4336588660256062e+00
52                                     8.5262583923529949e+00
53                                     6.3420846590931890e-01
54                                     7.5904719735352808e+00
55                                     7.8361458445162702e-01
56                                     7.7074496264376913e-01
   &ZA [&Type "ArrayOfDoubles", &Dim (57,1)] "Total nuclear charge"
                                                         0

0                                      2.9000000000000000e+01
1                                      2.9000000000000000e+01
2                                      1.6000000000000000e+01
3                                      2.9000000000000000e+01
4                                      1.6000000000000000e+01
5                                      2.9000000000000000e+01
6                                      2.9000000000000000e+01
7                                      1.6000000000000000e+01
8                                      1.6000000000000000e+01
9                                      6.0000000000000000e+00
10                                     1.0000000000000000e+00
11                                     1.0000000000000000e+00
12                                     1.0000000000000000e+00
13                                     6.0000000000000000e+00
14                                     6.0000000000000000e+00
15                                     8.0000000000000000e+00
16                                     8.0000000000000000e+00
17                                     1.0000000000000000e+00
18                                     7.0000000000000000e+00
19                                     1.0000000000000000e+00
20                                     1.0000000000000000e+00
21                                     6.0000000000000000e+00
22                                     1.0000000000000000e+00
23                                     1.0000000000000000e+00
24                                     1.0000000000000000e+00
25                                     6.0000000000000000e+00
26                                     6.0000000000000000e+00
27                                     8.0000000000000000e+00
28                                     8.0000000000000000e+00
29                                     1.0000000000000000e+00
30                                     7.0000000000000000e+00
31                                     1.0000000000000000e+00
32                                     1.0000000000000000e+00
33                                     6.0000000000000000e+00
34                                     1.0000000000000000e+00
35                                     1.0000000000000000e+00
36                                     1.0000000000000000e+00
37                                     6.0000000000000000e+00
38                                     6.0000000000000000e+00
39                                     8.0000000000000000e+00
40                                     8.0000000000000000e+00
41                                     1.0000000000000000e+00
42                                     7.0000000000000000e+00
43                                     1.0000000000000000e+00
44                                     1.0000000000000000e+00
45                                     6.0000000000000000e+00
46                                     1.0000000000000000e+00
47                                     1.0000000000000000e+00
48                                     1.0000000000000000e+00
49                                     6.0000000000000000e+00
50                                     6.0000000000000000e+00
51                                     8.0000000000000000e+00
52                                     8.0000000000000000e+00
53                                     1.0000000000000000e+00
54                                     7.0000000000000000e+00
55                                     1.0000000000000000e+00
56                                     1.0000000000000000e+00
   &QA [&Type "ArrayOfDoubles", &Dim (57,1)] "Mulliken gross atomic charge"
                                                         0

0                                      2.4362345044781009e-01
1                                      8.9192250975955290e-02
2                                     -5.9445392564453670e-01
3                                      3.9086402176732093e-01
4                                     -5.3987410826305648e-01
5                                      2.5154173603727514e-02
6                                      4.2662411052804927e-01
7                                     -5.8655233085715963e-01
8                                     -5.4462154565535670e-01
9                                     -1.0484426367074562e-01
10                                     9.6755555823054729e-02
11                                     8.2950230045907070e-02
12                                     8.0638553975497462e-02
13                                     1.5846452246407328e-01
14                                     4.4463364454719390e-01
15                                    -4.3513340788578603e-01
16                                    -5.2483354285452144e-01
17                                     3.6514954437402947e-01
18                                    -5.9145204043341959e-01
19                                     2.1684980399062159e-01
20                                     2.3070687172932769e-01
21                                    -9.2008726717533129e-02
22                                     1.0503167462782004e-01
23                                     8.1823737426817700e-02
24                                     7.2755353276956480e-02
25                                     1.6599976311561804e-01
26                                     4.5567921898612251e-01
27                                    -4.3099337889537459e-01
28                                    -5.2446978403658129e-01
29                                     3.5613225950501148e-01
30                                    -5.9310548448308786e-01
31                                     2.1568170359575412e-01
32                                     2.2666530165207044e-01
33                                    -7.5231590040965024e-02
34                                     9.3465856900359356e-02
35                                     9.8593802689801002e-02
36                                     8.8217178607929769e-02
37                                     1.3826172252573876e-01
38                                     4.4051321121939058e-01
39                                    -4.4143488329820713e-01
40                                    -5.2748135972144183e-01
41                                     3.6006703816355723e-01
42                                    -5.9290797731793976e-01
43                                     2.0169902053903310e-01
44                                     2.2625213473311501e-01
45                                    -9.6674372562863375e-02
46                                     9.5205044016241858e-02
47                                     8.3297294844250858e-02
48                                     8.1767766762403937e-02
49                                     1.4870580756504292e-01
50                                     4.4760834223121648e-01
51                                    -4.3365886602560622e-01
52                                    -5.2625839235299487e-01
53                                     3.6579153409068110e-01
54                                    -5.9047197353528080e-01
55                                     2.1638541554837298e-01
56                                     2.2925503735623087e-01
   &VA [&Type "ArrayOfDoubles", &Dim (57,1)] "Mayer's total valence"
                                                         0

0                                      1.2335274542273709e+00
1                                      1.2870314989919471e+00
2                                      1.6773457818287039e+00
3                                      1.1063802938903322e+00
4                                      1.7430249469369503e+00
5                                      1.2980384314520634e+00
6                                      1.0587906335414239e+00
7                                      1.7107863060373356e+00
8                                      1.7550205709755513e+00
9                                      3.9986739124944890e+00
10                                     9.7432932138817929e-01
11                                     9.6374874020529544e-01
12                                     9.9215255382266987e-01
13                                     3.8042306760469584e+00
14                                     4.1824576408539196e+00
15                                     1.9876165668442165e+00
16                                     1.9256608295466517e+00
17                                     8.9074992597327940e-01
18                                     2.8119111034091180e+00
19                                     9.5062136125207919e-01
20                                     9.4803633803648446e-01
21                                     3.9620023641002939e+00
22                                     9.7759747052567803e-01
23                                     9.6348530225347906e-01
24                                     9.9585455784234189e-01
25                                     3.7991875970888640e+00
26                                     4.1231842475244349e+00
27                                     1.9466361125647988e+00
28                                     1.9187325119440648e+00
29                                     8.9804850001535586e-01
30                                     2.8072727897408649e+00
31                                     9.5116114557977227e-01
32                                     9.4944007489342774e-01
33                                     3.9076621842484967e+00
34                                     9.7490070122463113e-01
35                                     9.8287483490531025e-01
36                                     9.9450770788171750e-01
37                                     3.7609562081032890e+00
38                                     4.1925103158546619e+00
39                                     1.9751296179687259e+00
40                                     1.9173228765225299e+00
41                                     8.9507993079940507e-01
42                                     2.8060237991112436e+00
43                                     9.5786308222244376e-01
44                                     9.4874518706898070e-01
45                                     3.9835709966068142e+00
46                                     9.7457341499028127e-01
47                                     9.6354456792803533e-01
48                                     9.9186963234189163e-01
49                                     3.8144055112668043e+00
50                                     4.1765474029994794e+00
51                                     1.9900704057671872e+00
52                                     1.9243764472848635e+00
53                                     8.9015142682236537e-01
54                                     2.8094161128211566e+00
55                                     9.5024095338393022e-01
56                                     9.4877531245094915e-01
   &BVA [&Type "ArrayOfDoubles", &Dim (57,1)] "Mayer's bonded valence"
                                                         0

0                                      1.2335274542274490e+00
1                                      1.2870314989919081e+00
2                                      1.6773457818287199e+00
3                                      1.1063802938904743e+00
4                                      1.7430249469369770e+00
5                                      1.2980384314520705e+00
6                                      1.0587906335413209e+00
7                                      1.7107863060372566e+00
8                                      1.7550205709755105e+00
9                                      3.9986739124946244e+00
10                                     9.7432932138820028e-01
11                                     9.6374874020531820e-01
12                                     9.9215255382267142e-01
13                                     3.8042306760470050e+00
14                                     4.1824576408539649e+00
15                                     1.9876165668442525e+00
16                                     1.9256608295466187e+00
17                                     8.9074992597327740e-01
18                                     2.8119111034091215e+00
19                                     9.5062136125206020e-01
20                                     9.4803633803648646e-01
21                                     3.9620023641002557e+00
22                                     9.7759747052568402e-01
23                                     9.6348530225345952e-01
24                                     9.9585455784233767e-01
25                                     3.7991875970888991e+00
26                                     4.1231842475244980e+00
27                                     1.9466361125648124e+00
28                                     1.9187325119441887e+00
29                                     8.9804850001536318e-01
30                                     2.8072727897409209e+00
31                                     9.5116114557977616e-01
32                                     9.4944007489342830e-01
33                                     3.9076621842484909e+00
34                                     9.7490070122462469e-01
35                                     9.8287483490530358e-01
36                                     9.9450770788173604e-01
37                                     3.7609562081033188e+00
38                                     4.1925103158546850e+00
39                                     1.9751296179687614e+00
40                                     1.9173228765225225e+00
41                                     8.9507993079940606e-01
42                                     2.8060237991112267e+00
43                                     9.5786308222243799e-01
44                                     9.4874518706897781e-01
45                                     3.9835709966067672e+00
46                                     9.7457341499026973e-01
47                                     9.6354456792802490e-01
48                                     9.9186963234188319e-01
49                                     3.8144055112668140e+00
50                                     4.1765474029995202e+00
51                                     1.9900704057672591e+00
52                                     1.9243764472849065e+00
53                                     8.9015142682236381e-01
54                                     2.8094161128211255e+00
55                                     9.5024095338393599e-01
56                                     9.4877531245094826e-01
   &FA [&Type "ArrayOfDoubles", &Dim (57,1)] "Mayer's free valence"
                                                         0

0                                      0.0000000000000000e+00
1                                      0.0000000000000000e+00
2                                      0.0000000000000000e+00
3                                      0.0000000000000000e+00
4                                      0.0000000000000000e+00
5                                      0.0000000000000000e+00
6                                      0.0000000000000000e+00
7                                      0.0000000000000000e+00
8                                      0.0000000000000000e+00
9                                      0.0000000000000000e+00
10                                     0.0000000000000000e+00
11                                     0.0000000000000000e+00
12                                     0.0000000000000000e+00
13                                     0.0000000000000000e+00
14                                     0.0000000000000000e+00
15                                     0.0000000000000000e+00
16                                     0.0000000000000000e+00
17                                     0.0000000000000000e+00
18                                     0.0000000000000000e+00
19                                     0.0000000000000000e+00
20                                     0.0000000000000000e+00
21                                     0.0000000000000000e+00
22                                     0.0000000000000000e+00
23                                     0.0000000000000000e+00
24                                     0.0000000000000000e+00
25                                     0.0000000000000000e+00
26                                     0.0000000000000000e+00
27                                     0.0000000000000000e+00
28                                     0.0000000000000000e+00
29                                     0.0000000000000000e+00
30                                     0.0000000000000000e+00
31                                     0.0000000000000000e+00
32                                     0.0000000000000000e+00
33                                     0.0000000000000000e+00
34                                     0.0000000000000000e+00
35                                     0.0000000000000000e+00
36                                     0.0000000000000000e+00
37                                     0.0000000000000000e+00
38                                     0.0000000000000000e+00
39                                     0.0000000000000000e+00
40                                     0.0000000000000000e+00
41                                     0.0000000000000000e+00
42                                     0.0000000000000000e+00
43                                     0.0000000000000000e+00
44                                     0.0000000000000000e+00
45                                     0.0000000000000000e+00
46                                     0.0000000000000000e+00
47                                     0.0000000000000000e+00
48                                     0.0000000000000000e+00
49                                     0.0000000000000000e+00
50                                     0.0000000000000000e+00
51                                     0.0000000000000000e+00
52                                     0.0000000000000000e+00
53                                     0.0000000000000000e+00
54                                     0.0000000000000000e+00
55                                     0.0000000000000000e+00
56                                     0.0000000000000000e+00
$End
