$basis
*
c def2-TZVPP
# c     (11s6p2d1f) / [5s3p2d1f]     {62111/411/11/1}
*
   6  s
  13575.349682      0.22245814352E-03
  2035.2333680      0.17232738252E-02
  463.22562359      0.89255715314E-02
  131.20019598      0.35727984502E-01
  42.853015891      0.11076259931
  15.584185766      0.24295627626
   2  s
  6.2067138508      0.41440263448
  2.5764896527      0.23744968655
   1  s
 0.57696339419       1.0000000000
   1  s
 0.22972831358       1.0000000000
   1  s
 0.95164440028E-01   1.0000000000
   4  p
  34.697232244      0.53333657805E-02
  7.9582622826      0.35864109092E-01
  2.3780826883      0.14215873329
 0.81433208183      0.34270471845
   1  p
 0.28887547253      0.46445822433
   1  p
 0.10056823671      0.24955789874
   1  d
  1.0970000000       1.0000000000
   1  d
 0.31800000000       1.0000000000
   1  f
 0.76100000000       1.0000000000
*
h def2-TZVPP
# h     (5s2p1d) / [3s2p1d]     {311/11/1}
*
   3  s
  34.061341000      0.60251978000E-02
  5.1235746000      0.45021094000E-01
  1.1646626000      0.20189726000
   1  s
 0.32723041000       1.0000000000
   1  s
 0.10307241000       1.0000000000
   1  p
  1.4070000000       1.0000000000
   1  p
 0.38800000000       1.0000000000
   1  d
  1.0570000000       1.0000000000
*
br def2-TZVPP
# br    (17s13p8d1f) / [6s5p4d1f]     {842111/64111/5111/1}
*
   8  s
  565073.25256      0.23660314690E-03
  84701.723179      0.18348332508E-02
  19276.271900      0.95465849860E-02
  5456.4284576      0.38877142153E-01
  1776.9503500      0.12718314231
  639.19398276      0.30437662191
  248.78823961      0.44490940497
  98.678305494      0.24381643058
   4  s
  606.07824568     -0.26527158709E-01
  188.45598484     -0.12484584809
  31.497144506      0.56468683559
  13.736008320      0.55555268564
   2  s
  21.203212766     -0.24940920493
  3.7616420178      0.71213119743
   1  s
  1.7735933962       1.0000000000
   1  s
 0.45197413664       1.0000000000
   1  s
 0.16613377099       1.0000000000
   6  p
  3019.6955723      0.24971049798E-02
  715.35481126      0.20419267596E-01
  229.98328751      0.96897148309E-01
  86.167844615      0.28053901252
  34.667870802      0.44606390473
  14.113870307      0.24410073923
   4  p
  57.085653082     -0.21855950710E-01
  8.8193845840      0.32707075320
  3.9340302872      0.57855229520
  1.7998830384      0.33570987698
   1  p
 0.66899410512       1.0000000000
   1  p
 0.27136238231       1.0000000000
   1  p
 0.10083790243       1.0000000000
   5  d
  168.85370257      0.89663981988E-02
  49.977949919      0.62062059316E-01
  18.274913338      0.21474732384
  7.2455694631      0.40335336746
  2.8562315025      0.42208813080
   1  d
  1.0459621144      0.17874813267
   1  d
 0.56865655000       1.0000000000
   1  d
 0.22031490000       1.0000000000
   1  f
 0.57083312000       1.0000000000
*
cl def2-TZVPP
# cl    (14s9p3d1f) / [5s5p3d1f]     {73211/51111/111/1}
*
   7  s
  69507.990945      0.54314897497E-03
  10426.156880      0.41990463961E-02
  2373.2334061      0.21592141679E-01
  671.56420071      0.84598850094E-01
  218.41999790      0.24757249724
  77.572249714      0.47016930228
  28.888815277      0.37436370716
   3  s
  127.10527185      0.25182166603E-01
  39.339582961      0.10786112456
  7.6740679989     -0.27408821574
   2  s
  3.8745627630       1.3213875014
  1.8385832573      0.68636955368
   1  s
 0.50229057542       1.0000000000
   1  s
 0.17962723420       1.0000000000
   5  p
  666.50423284      0.23632663836E-02
  157.64241690      0.18879300374E-01
  50.262520978      0.87206341273E-01
  18.536078105      0.25285612970
  7.2940532777      0.43507154820
   1  p
  2.9433248995      0.35026513165
   1  p
  1.0404970818       1.0000000000
   1  p
 0.38456415080       1.0000000000
   1  p
 0.13069642732       1.0000000000
   1  d
  4.6100000000       1.0000000000
   1  d
  1.0110000000       1.0000000000
   1  d
 0.33900000000       1.0000000000
   1  f
 0.70600000000       1.0000000000
*
$end
