$coord  natoms=     6
   -0.00000000000000      0.00000000000000      0.00964748203523      c
    0.76942900317055      1.33269012630847     -1.33760747029231      h
    0.76942900317055     -1.33269012630847     -1.33760747029231      h
   -1.53885800634111      0.00000000000000     -1.33760747029231      h
    0.00000000000000      0.00000000000000      3.64699374088657      br
    0.00000000000000      0.00000000000000     -2.64381881204488      cl
$intdef
# definitions of internal coordinates
   1 k  1.0000000000000 stre    1    2           val=   2.04528
   2 k  1.0000000000000 stre    1    5           val=   3.63735
   3 d  1.0000000000000 stre    1    3           val=   2.04528
   4 d  1.0000000000000 stre    1    4           val=   2.04528
   5 d  1.0000000000000 stre    1    2           val=   2.04528
   6 k -0.4985397119995 bend    3    5    1      val=   2.50000
        0.1236562681788 bend    4    5    1
       -0.4859704547599 bend    4    3    1
        0.4859704547599 bend    2    5    1
       -0.1236562681788 bend    2    3    1
        0.4985397119995 bend    2    4    1
   7 d -0.1044367946075 bend    3    5    1      val=   6.57637
        0.6446400761494 bend    4    5    1
        0.2711680810019 bend    4    3    1
       -0.2711680810019 bend    2    5    1
       -0.6446400761494 bend    2    3    1
        0.1044367946075 bend    2    4    1
   8 d  0.4904601018346 bend    3    5    1      val=  24.93915
        0.2629606426107 bend    4    5    1
       -0.4362345572581 bend    4    3    1
        0.4362345572581 bend    2    5    1
       -0.2629606426107 bend    2    3    1
       -0.4904601018346 bend    2    4    1
   9 i  0.5773502691896 bend    3    5    1
       -0.2886751345948 bend    4    5    1
       -0.2886751345948 bend    4    3    1
       -0.2886751345948 bend    2    5    1
       -0.2886751345948 bend    2    3    1
        0.5773502691896 bend    2    4    1
  10 i -0.5000000000000 bend    4    5    1
        0.5000000000000 bend    4    3    1
        0.5000000000000 bend    2    5    1
       -0.5000000000000 bend    2    3    1
  11 f  1.0000000000000 stre    1    6           val=   2.65347
$redundant
     number_of_atoms             6
     degrees_of_freedom          9
     internal_coordinates        9
     frozen_coordinates          0
# definitions of redundant internals
   1 k  1.0000000000000 stre    1    4           val=   2.04528
   2 k  1.0000000000000 stre    1    3           val=   2.04528
   3 k  1.0000000000000 stre    1    2           val=   2.04528
   4 k  1.0000000000000 stre    1    5           val=   3.63735
   5 k -0.3970112910274 bend    3    4    1      val=   1.60478
       -0.3970112910274 bend    2    4    1
       -0.3970112910274 bend    2    3    1
        0.4191841697036 bend    5    4    1
        0.4191841697036 bend    5    3    1
        0.4191841697036 bend    5    2    1
   6 k  0.6366830358876 bend    3    4    1      val=   0.00000
       -0.6742966281618 bend    2    4    1
        0.0376135922742 bend    2    3    1
       -0.0150841936594 bend    5    4    1
        0.2704134412087 bend    5    3    1
       -0.2553292475493 bend    5    2    1
   7 k  0.4110215574076 bend    3    4    1      val=  -0.00000
        0.3458729045335 bend    2    4    1
       -0.7568944619411 bend    2    3    1
        0.3035376828789 bend    5    4    1
       -0.1387055465348 bend    5    3    1
       -0.1648321363441 bend    5    2    1
   8 k -0.2331660246762 bend    3    4    1      val=   0.00000
       -0.0522281160626 bend    2    4    1
        0.2853941407388 bend    2    3    1
        0.7116521498973 bend    5    4    1
       -0.1302348078514 bend    5    3    1
       -0.5814173420459 bend    5    2    1
   9 k -0.1949263008487 bend    3    4    1      val=  -0.00000
        0.2993908510934 bend    2    4    1
       -0.1044645502447 bend    2    3    1
       -0.2604903575709 bend    5    4    1
        0.7465540192543 bend    5    3    1
       -0.4860636616834 bend    5    2    1
         9 non zero eigenvalues  of BmBt
           1           3.280806228    1    0
         1
           2           3.111137837    2    0
         2
           3           3.111137837    3    0
         3
           4           1.000000000    4    0
         4
           5           0.728724683    5    0
         5
           6           0.728724683    6    0
         6
           7           0.691117489    7    0
         7
           8           0.432501654    8    0
         8
           9           0.432501654    9    0
         9
$user-defined bonds
$end
