$coord
   -9.95670816188332     13.39658480741055      9.06073558594402      Cu
   -2.22010684038882     13.62466177235807     13.13752560116025      S
   -3.22551752487464     15.02387011282692     16.12539993392760      C
   -4.62500780493959     13.85540530053812     17.12923170597281      H
   -4.05548594887308     16.91757749191899     15.88724087723180      H
   -1.58289740317485     15.23165189125833     17.39077907869596      H
  -13.62489168594370     13.33582845624735      7.13475527742736      S
  -13.46950057078374     16.38998437053742      5.53975954699504      C
  -15.21248819011233     16.69642137565145      4.43946376644556      H
  -11.87601693179425     16.52055273280808      4.20734313303545      H
  -13.29881765532650     17.98291100952938      6.86834881074385      H
   -5.87371175468366     13.50996777212062     11.18646801183218      Cu
$end
