$coord  natoms=    10
   -2.48552682102025      0.67002556938767     -3.28007803740770      p
   -3.30027682024596      0.87347824381483      0.66525543109784      p
    0.00000000000000      0.00000000000000      3.04629773941951      p
   -5.68811889284904      1.68510211461360      1.59939002654171      h
    0.66250424623527     -2.48754215348495     -3.28007803740770      p
    1.82302257478498      1.81751658409728     -3.28007803740770      p
    0.89368406132632     -3.29486268776135      0.66525543109784      p
    2.40659275891964      2.42138444394651      0.66525543109784      p
    1.38471820719826     -5.76860651826028      1.59939002654171      h
    4.30340068565078      4.08350440364668      1.59939002654171      h
$redundant
     number_of_atoms            10
     degrees_of_freedom          8
     internal_coordinates       12
     frozen_coordinates          0
# definitions of redundant internals
   1 k  1.0000000000000 stre    2    4           val=   2.68945
   2 k -0.7071029521516 bend    1    4    2      val=   1.18046
        0.7071106102008 bend    3    4    2
   3 k  1.0000000000000 outp    4    3    1    2 val=   3.85143
   4 k  1.0000000000000 tors    3    2    1    5 val=   0.36208
        1.0000000000000 tors    3    2    1    6
   5 k  1.0000000000000 tors    7    3    2    1 val=  -0.18162
        1.0000000000000 tors    8    3    2    1
   6 k  1.0000000000000 stre    1    2           val=   4.03372
   7 k  1.0000000000000 stre    1    5           val=   4.45874
   8 k  0.7104477917084 bend    5    2    1      val= 100.38464
        0.7037499095962 bend    6    2    1
   9 k -0.7037499095962 bend    5    2    1      val=   0.58824
        0.7104477917084 bend    6    2    1
  10 k  1.0000000000000 stre    2    3           val=   4.16223
  11 k  1.0000000000000 bend    3    1    2      val= 112.87886
  12 k  1.0000000000000 bend    7    2    3      val=  90.52267
         8 non zero eigenvalues  of BmBt
           1           2.000825835    1    0
         1
           2           0.876414245    2    0
         2
           3           0.846815332    3    0
         3
           4           3.271594221    0    0
         0.000000000         0.000000000         0.000000000        -0.000902674
         0.001506381         0.295130609        -0.920096216         0.142881043
         0.000548779        -0.130428968        -0.159344702         0.059161224
           5           1.320144938    0    0
         0.000000000         0.000000000         0.000000000        -0.007888054
         0.004531919         0.853107668         0.175815834        -0.032733455
        -0.003083294         0.461094406         0.113129980        -0.121350365
           6           1.091692156    0    0
         0.000000000         0.000000000         0.000000000        -0.016425291
         0.008137820         0.425062809         0.275291183        -0.106728972
        -0.005686380        -0.780766252        -0.139848694         0.320348798
           7           0.580815523    0    0
         0.000000000         0.000000000         0.000000000        -0.860652891
         0.431684809        -0.017340815        -0.001770012         0.014017710
        -0.268008015         0.018552532        -0.013214260         0.008796822
           8           0.305823178    0    0
         0.000000000         0.000000000         0.000000000         0.020692085
        -0.010340485        -0.029981246         0.147989938         0.344481367
         0.009848853         0.332179656        -0.670644767         0.545704019
$user-defined bonds
$end
