*************************************************
******************* ORCA 6.0.0 ******************
*************************************************
$Calculation_Status
   &GeometryIndex 1
   &ListStatus       OUT
   &VERSION [&Type "String"] "6.0.0"
   &PROGNAME [&Type "String"] "ProgMP2"
   &STATUS [&Type "String"] "Running"
$End
$Geometry
   &GeometryIndex 1
   &ListStatus       OUT
   &NATOMS [&Type "Integer"] 57
   &NCORELESSECP [&Type "Integer"] 0
   &NGHOSTATOMS [&Type "Integer"] 0
   &CartesianCoordinates [&Type "Coordinates", &Dim(57,4), &Units "Bohr"] 
              Cu     0.154987818284    0.005046249079    0.111576632693
              Cu     5.220876820972    1.510846173002   -0.631478800974
              S     -3.084480875969   -3.738365161937    0.344952141054
              Cu    -0.627519427881   -3.973740000548    4.156057321640
              S      2.718185890169   -3.833565785112    7.308400192488
              Cu     4.110872476894   -1.243556278839    3.469470684306
              Cu     1.446925545905    3.998220873490   -3.785458174654
              S     -2.649879769964    3.576154320931   -1.873750746343
              S      5.961282858599    4.082032117255   -4.659624697219
              C      3.594945052738   -4.933358379864   10.446957960944
              H      2.172688042808   -4.230160471558   11.778490734745
              H      3.489088972542   -7.000828903613   10.444294860611
              H      7.633722361130   -4.826298419398    9.852814586913
              C      6.249180979702   -4.065123257879   11.194366637653
              C      6.498300350174   -1.208870945246   11.192408490205
              O      4.786535363337    0.218562285348   10.563889939551
              O      8.820123805018   -0.372297375832   11.889274168122
              H      8.932114911344    1.477358729246   11.841013690158
              N      6.852722009040   -4.952763847142   13.744700727694
              H      6.715686110928   -6.873069474561   13.808310237839
              H      8.687921784783   -4.533973537348   14.155483776530
              C     -5.666910743631   -5.328704760469   -1.276982251694
              H     -5.592670129365   -4.773057309316   -3.270979762263
              H     -5.316435722993   -7.366522009750   -1.176408445481
              H     -8.265191858982   -5.302453163117    1.873325102539
              C     -8.232990685665   -4.692585893821   -0.107364011732
              C     -8.789299900012   -1.880739779397   -0.172809005312
              O     -7.297473145916   -0.305688991254   -0.982999420310
              O    -11.072634707423   -1.254550548639    0.812386649042
              H    -11.365371768979    0.575397581801    0.771232773443
              N    -10.251919243514   -5.974379087785   -1.499235145725
              H     -9.941638264998   -7.875371075387   -1.480423398273
              H    -11.932160486058   -5.698115808288   -0.597817256749
              C     -5.778718716597    5.003756568629   -1.907125983831
              H     -5.935328520837    6.132224561267   -3.636956952819
              H     -7.169510612878    3.474746797783   -2.023203532215
              H     -6.123786911402    5.433792247473    2.139130014001
              C     -6.255525765432    6.618087514107    0.443195472748
              C     -4.351417056297    8.745668954390    0.703980445788
              O     -2.581729671217    9.057370649801   -0.756769079845
              O     -4.745897362186   10.242409574691    2.748606100540
              H     -3.469775304380   11.580142868749    2.883071389074
              N     -8.771351969053    7.762482052461    0.311471445510
              H    -10.101375870235    6.378729695944    0.148178624797
              H     -9.151084158664    8.676435624939    1.964522737742
              C      8.320271067880    5.273923482014   -6.860389302598
              H      9.687856014187    6.386323685135   -5.772934000340
              H      9.321513611379    3.646002926313   -7.656024274014
              H      5.801154378629    5.680414522494  -10.048650029888
              C      7.130424371680    6.850357661180   -8.971441272483
              C      5.691218818125    9.113342527530   -7.957622535422
              O      5.438375254757    9.554119530662   -5.698302653070
              O      4.646472144745   10.578366101562   -9.784792912065
              H      3.704960837785   12.007056311839   -9.071701378489
              N      9.099403580644    7.805149353028  -10.664918542373
              H     10.097220804663    6.326551074932  -11.391903153513
              H      8.282590285928    8.689770118355  -12.169029039794
$End
$SCF_Energy
   &GeometryIndex 1
   &ListStatus       OUT
   &SCF_ENERGY [&Type "Double"]      -1.1070809047839761e+04
$End
$Solvation_Details
   &GeometryIndex 1
   &ListStatus       OUT
   &SOLVENT [&Type "String"] "WATER"
   &EPSILON [&Type "Double"]       8.0150999999999996e+01
   &REFRAC [&Type "Double"]       1.3328000000000000e+00
   &RSOLV [&Type "Double"]       1.3000000000000000e+00
   &SURFACETYPE [&Type "String"] "GAUSSIAN VDW"
   &NPOINTS [&Type "Integer"] 5275
   &SURFACEAREA [&Type "Double"]       2.2130488096620002e+03
   &CPCMDIELENERGY [&Type "Double"]      -1.9487195500000001e-01
$End
$Mulliken_Population_Analysis
   &GeometryIndex 1
   &ListStatus       OUT
   &NATOMS [&Type "Integer"] 57
   &ATNO [&Type "ArrayOfIntegers", &Dim (57,1)] 
                                                         0

0                                                       29
1                                                       29
2                                                       16
3                                                       29
4                                                       16
5                                                       29
6                                                       29
7                                                       16
8                                                       16
9                                                        6
10                                                       1
11                                                       1
12                                                       1
13                                                       6
14                                                       6
15                                                       8
16                                                       8
17                                                       1
18                                                       7
19                                                       1
20                                                       1
21                                                       6
22                                                       1
23                                                       1
24                                                       1
25                                                       6
26                                                       6
27                                                       8
28                                                       8
29                                                       1
30                                                       7
31                                                       1
32                                                       1
33                                                       6
34                                                       1
35                                                       1
36                                                       1
37                                                       6
38                                                       6
39                                                       8
40                                                       8
41                                                       1
42                                                       7
43                                                       1
44                                                       1
45                                                       6
46                                                       1
47                                                       1
48                                                       1
49                                                       6
50                                                       6
51                                                       8
52                                                       8
53                                                       1
54                                                       7
55                                                       1
56                                                       1
   &ATOMICCHARGES [&Type "ArrayOfDoubles", &Dim (57,1)] 
                                                         0

0                                      1.8040868331817350e-01
1                                      1.5762757470789168e-01
2                                     -7.3174849566931144e-01
3                                      4.9339431181673987e-01
4                                     -6.6760809934050158e-01
5                                      9.7958582810722561e-02
6                                      5.0307401880242963e-01
7                                     -7.1549620939474678e-01
8                                     -6.7393003094419512e-01
9                                     -1.2912325346512787e-01
10                                     1.0796854640408027e-01
11                                     1.3084349722669553e-01
12                                     1.1020265554606112e-01
13                                     1.6395707543604932e-01
14                                     4.8406110346988562e-01
15                                    -5.2465965967361328e-01
16                                    -5.2865754218290029e-01
17                                     4.0838444795925111e-01
18                                    -6.6368719195859782e-01
19                                     2.6492075113382052e-01
20                                     2.6573931937589934e-01
21                                    -1.2333539086288070e-01
22                                     1.1069482891269300e-01
23                                     1.2903293299142571e-01
24                                     1.0659639044815150e-01
25                                     1.8180687401187257e-01
26                                     4.7187135648898604e-01
27                                    -5.0506263517151950e-01
28                                    -5.3307009035988528e-01
29                                     4.0864448378726137e-01
30                                    -6.6769975876887067e-01
31                                     2.6358250066273980e-01
32                                     2.6381219893839358e-01
33                                    -1.1232598204504818e-01
34                                     1.0898758951658116e-01
35                                     1.3480883355785078e-01
36                                     1.0455197742439071e-01
37                                     1.5914824465301969e-01
38                                     4.6285822221372008e-01
39                                    -5.2342426236278605e-01
40                                    -5.3008482805913637e-01
41                                     4.0716439750348865e-01
42                                    -6.6993276307232019e-01
43                                     2.6228342499308599e-01
44                                     2.6283626520395009e-01
45                                    -1.2219307881916297e-01
46                                     1.0802985241625507e-01
47                                     1.3106044243402648e-01
48                                     1.1047086724314092e-01
49                                     1.5740797926612249e-01
50                                     4.8626522736935307e-01
51                                    -5.2553135844382659e-01
52                                    -5.2854757513188666e-01
53                                     4.0837538359731673e-01
54                                    -6.6233048838057940e-01
55                                     2.6489738139962182e-01
56                                     2.6472047106549890e-01
$End
$Loewdin_Population_Analysis
   &GeometryIndex 1
   &ListStatus       OUT
   &NATOMS [&Type "Integer"] 57
   &ATNO [&Type "ArrayOfIntegers", &Dim (57,1)] 
                                                         0

0                                                       29
1                                                       29
2                                                       16
3                                                       29
4                                                       16
5                                                       29
6                                                       29
7                                                       16
8                                                       16
9                                                        6
10                                                       1
11                                                       1
12                                                       1
13                                                       6
14                                                       6
15                                                       8
16                                                       8
17                                                       1
18                                                       7
19                                                       1
20                                                       1
21                                                       6
22                                                       1
23                                                       1
24                                                       1
25                                                       6
26                                                       6
27                                                       8
28                                                       8
29                                                       1
30                                                       7
31                                                       1
32                                                       1
33                                                       6
34                                                       1
35                                                       1
36                                                       1
37                                                       6
38                                                       6
39                                                       8
40                                                       8
41                                                       1
42                                                       7
43                                                       1
44                                                       1
45                                                       6
46                                                       1
47                                                       1
48                                                       1
49                                                       6
50                                                       6
51                                                       8
52                                                       8
53                                                       1
54                                                       7
55                                                       1
56                                                       1
   &ATOMICCHARGES [&Type "ArrayOfDoubles", &Dim (57,1)] 
                                                         0

0                                     -3.0949154809658097e-01
1                                     -1.0884287414041083e-01
2                                      2.8189252825551314e-01
3                                     -2.0591962517541518e-01
4                                      2.8564232868420802e-01
5                                     -1.0573207026589770e-01
6                                     -1.9367376332180797e-01
7                                      2.9358365193123070e-01
8                                      2.8510744457569714e-01
9                                     -4.3381421266587594e-01
10                                     1.2097663333980047e-01
11                                     1.2283295659342663e-01
12                                     1.4666549650270899e-01
13                                    -3.0783682859498818e-01
14                                    -3.6335812684860347e-01
15                                    -1.3791227983585230e-02
16                                     4.0269171869648623e-02
17                                     2.2862437313478090e-01
18                                    -1.6752576969354926e-01
19                                     1.6521329328303413e-01
20                                     1.6260791997148261e-01
21                                    -4.3866053011176476e-01
22                                     1.2175016845149922e-01
23                                     1.2168236180221081e-01
24                                     1.4507988049590548e-01
25                                    -3.0886068510929565e-01
26                                    -3.6357886016342267e-01
27                                     1.0056350081796950e-02
28                                     3.8294019997051620e-02
29                                     2.2781185886243172e-01
30                                    -1.6988610106109459e-01
31                                     1.6428201855137547e-01
32                                     1.6150280919552151e-01
33                                    -4.4488582893463491e-01
34                                     1.1587522475008516e-01
35                                     1.2134165498031702e-01
36                                     1.4413031122587405e-01
37                                    -3.1159558872753568e-01
38                                    -3.6509841550465527e-01
39                                    -1.5069465705751739e-02
40                                     3.8250663170803278e-02
41                                     2.2752677487839046e-01
42                                    -1.6995962167871514e-01
43                                     1.6353429669638697e-01
44                                     1.6104061549961379e-01
45                                    -4.3332059063330064e-01
46                                     1.2130739295427972e-01
47                                     1.2306881689730786e-01
48                                     1.4683436204913436e-01
49                                    -3.0842654264328306e-01
50                                    -3.6297072250527940e-01
51                                    -1.2959655286815419e-02
52                                     4.0403968130857670e-02
53                                     2.2859658080080825e-01
54                                    -1.6793186134419802e-01
55                                     1.6514204240522445e-01
56                                     1.6226254617793701e-01
$End
$Mayer_Population_Analysis
   &GeometryIndex 1
   &ListStatus       OUT
   &NATOMS [&Type "Integer"] 57 "Total number of atoms"
   &BONDTHRESH [&Type "Double"]       1.0000000000000001e-01  "The threshold for printing"
   &NBONDORDERSPRINT [&Type "Integer"] 59 "The number of bond orders larger than threshold"
   &BONDORDERS [&Type "ArrayOfDoubles", &Dim (59,1)] "The bond orders"
                                                         0

0                                      4.1292560381254795e-01
1                                      1.4839304778600679e-01
2                                      4.6672147581359252e-01
3                                      1.7596886423245059e-01
4                                      4.8111369091764716e-01
5                                      2.9116878682160419e-01
6                                      4.5678611843789801e-01
7                                      9.3368861750812571e-01
8                                      4.3674474200114899e-01
9                                      2.5099689642917705e-01
10                                     9.3796539245191601e-01
11                                     4.6855708655750961e-01
12                                     4.0145830448834580e-01
13                                     9.4137452525198928e-01
14                                     9.2485657775792784e-01
15                                     9.6631079056837454e-01
16                                     9.7960702923457332e-01
17                                     9.9744610346198903e-01
18                                     9.6621906189006690e-01
19                                     9.6784280804253886e-01
20                                     9.3246556311781759e-01
21                                     1.9118303573405637e+00
22                                     1.1778311921190285e+00
23                                     8.1206055494230989e-01
24                                     9.1971445405654317e-01
25                                     9.1752732740222553e-01
26                                     9.6809624253591531e-01
27                                     9.8261462041042613e-01
28                                     9.8224005915183910e-01
29                                     9.6863296538243360e-01
30                                     9.6361274166026534e-01
31                                     9.2986584616601831e-01
32                                     1.8939890113528679e+00
33                                     1.1600046132028150e+00
34                                     8.1400417000452840e-01
35                                     9.2090153382213824e-01
36                                     9.1827889600966461e-01
37                                     9.7430226221695659e-01
38                                     9.7039174244794990e-01
39                                     9.8916416480674496e-01
40                                     9.6858586198420449e-01
41                                     9.5948011912151654e-01
42                                     9.1843628701454982e-01
43                                     1.9133980175262635e+00
44                                     1.1745676826230529e+00
45                                     8.1304628201639473e-01
46                                     9.2307333356908738e-01
47                                     9.1912905442705106e-01
48                                     9.6471842283142373e-01
49                                     9.7889354231132841e-01
50                                     9.9646719484176816e-01
51                                     9.6630233414273137e-01
52                                     9.6846973721983243e-01
53                                     9.3065098258982293e-01
54                                     1.9111998440209841e+00
55                                     1.1781729678481205e+00
56                                     8.1211242218136692e-01
57                                     9.2004044138686181e-01
58                                     9.1798572412767376e-01
   &COMPONENTS [&Type "ArrayOfIntegers", &Dim (59,4)] "The indices and atomic numbers of the bonding atoms"
                                                         0                           1                           2                           3

0                                                        0                          29                           1                          29
1                                                        0                          29                           2                          16
2                                                        0                          29                           5                          29
3                                                        0                          29                           7                          16
4                                                        1                          29                           5                          29
5                                                        1                          29                           8                          16
6                                                        2                          16                           3                          29
7                                                        2                          16                          21                           6
8                                                        3                          29                           4                          16
9                                                        4                          16                           5                          29
10                                                       4                          16                           9                           6
11                                                       6                          29                           7                          16
12                                                       6                          29                           8                          16
13                                                       7                          16                          33                           6
14                                                       8                          16                          45                           6
15                                                       9                           6                          10                           1
16                                                       9                           6                          11                           1
17                                                       9                           6                          13                           6
18                                                      12                           1                          13                           6
19                                                      13                           6                          14                           6
20                                                      13                           6                          18                           7
21                                                      14                           6                          15                           8
22                                                      14                           6                          16                           8
23                                                      16                           8                          17                           1
24                                                      18                           7                          19                           1
25                                                      18                           7                          20                           1
26                                                      21                           6                          22                           1
27                                                      21                           6                          23                           1
28                                                      21                           6                          25                           6
29                                                      24                           1                          25                           6
30                                                      25                           6                          26                           6
31                                                      25                           6                          30                           7
32                                                      26                           6                          27                           8
33                                                      26                           6                          28                           8
34                                                      28                           8                          29                           1
35                                                      30                           7                          31                           1
36                                                      30                           7                          32                           1
37                                                      33                           6                          34                           1
38                                                      33                           6                          35                           1
39                                                      33                           6                          37                           6
40                                                      36                           1                          37                           6
41                                                      37                           6                          38                           6
42                                                      37                           6                          42                           7
43                                                      38                           6                          39                           8
44                                                      38                           6                          40                           8
45                                                      40                           8                          41                           1
46                                                      42                           7                          43                           1
47                                                      42                           7                          44                           1
48                                                      45                           6                          46                           1
49                                                      45                           6                          47                           1
50                                                      45                           6                          49                           6
51                                                      48                           1                          49                           6
52                                                      49                           6                          50                           6
53                                                      49                           6                          54                           7
54                                                      50                           6                          51                           8
55                                                      50                           6                          52                           8
56                                                      52                           8                          53                           1
57                                                      54                           7                          55                           1
58                                                      54                           7                          56                           1
   &ATNO [&Type "ArrayOfIntegers", &Dim (57,1)] "Atomic number of the elements"
                                                         0

0                                                       29
1                                                       29
2                                                       16
3                                                       29
4                                                       16
5                                                       29
6                                                       29
7                                                       16
8                                                       16
9                                                        6
10                                                       1
11                                                       1
12                                                       1
13                                                       6
14                                                       6
15                                                       8
16                                                       8
17                                                       1
18                                                       7
19                                                       1
20                                                       1
21                                                       6
22                                                       1
23                                                       1
24                                                       1
25                                                       6
26                                                       6
27                                                       8
28                                                       8
29                                                       1
30                                                       7
31                                                       1
32                                                       1
33                                                       6
34                                                       1
35                                                       1
36                                                       1
37                                                       6
38                                                       6
39                                                       8
40                                                       8
41                                                       1
42                                                       7
43                                                       1
44                                                       1
45                                                       6
46                                                       1
47                                                       1
48                                                       1
49                                                       6
50                                                       6
51                                                       8
52                                                       8
53                                                       1
54                                                       7
55                                                       1
56                                                       1
   &NA [&Type "ArrayOfDoubles", &Dim (57,1)] "Mulliken gross atomic population"
                                                         0

0                                      2.8819591316681837e+01
1                                      2.8842372425292108e+01
2                                      1.6731748495669315e+01
3                                      2.8506605688183281e+01
4                                      1.6667608099340498e+01
5                                      2.8902041417189299e+01
6                                      2.8496925981197563e+01
7                                      1.6715496209394740e+01
8                                      1.6673930030944163e+01
9                                      6.1291232534651279e+00
10                                     8.9203145359591973e-01
11                                     8.6915650277330470e-01
12                                     8.8979734445393843e-01
13                                     5.8360429245639525e+00
14                                     5.5159388965301153e+00
15                                     8.5246596596736115e+00
16                                     8.5286575421828932e+00
17                                     5.9161555204074878e-01
18                                     7.6636871919585969e+00
19                                     7.3507924886617970e-01
20                                     7.3426068062410066e-01
21                                     6.1233353908628807e+00
22                                     8.8930517108730767e-01
23                                     8.7096706700857374e-01
24                                     8.9340360955184817e-01
25                                     5.8181931259881283e+00
26                                     5.5281286435110149e+00
27                                     8.5050626351715195e+00
28                                     8.5330700903598782e+00
29                                     5.9135551621273830e-01
30                                     7.6676997587688716e+00
31                                     7.3641749933726020e-01
32                                     7.3618780106160620e-01
33                                     6.1123259820450473e+00
34                                     8.9101241048341906e-01
35                                     8.6519116644214999e-01
36                                     8.9544802257560940e-01
37                                     5.8408517553469812e+00
38                                     5.5371417777862773e+00
39                                     8.5234242623627843e+00
40                                     8.5300848280591346e+00
41                                     5.9283560249651102e-01
42                                     7.6699327630723220e+00
43                                     7.3771657500691379e-01
44                                     7.3716373479605024e-01
45                                     6.1221930788191612e+00
46                                     8.9197014758374471e-01
47                                     8.6893955756597363e-01
48                                     8.8952913275686019e-01
49                                     5.8425920207338713e+00
50                                     5.5137347726306452e+00
51                                     8.5255313584438195e+00
52                                     8.5285475751318902e+00
53                                     5.9162461640268338e-01
54                                     7.6623304883805785e+00
55                                     7.3510261860037807e-01
56                                     7.3527952893450133e-01
   &ZA [&Type "ArrayOfDoubles", &Dim (57,1)] "Total nuclear charge"
                                                         0

0                                      2.9000000000000000e+01
1                                      2.9000000000000000e+01
2                                      1.6000000000000000e+01
3                                      2.9000000000000000e+01
4                                      1.6000000000000000e+01
5                                      2.9000000000000000e+01
6                                      2.9000000000000000e+01
7                                      1.6000000000000000e+01
8                                      1.6000000000000000e+01
9                                      6.0000000000000000e+00
10                                     1.0000000000000000e+00
11                                     1.0000000000000000e+00
12                                     1.0000000000000000e+00
13                                     6.0000000000000000e+00
14                                     6.0000000000000000e+00
15                                     8.0000000000000000e+00
16                                     8.0000000000000000e+00
17                                     1.0000000000000000e+00
18                                     7.0000000000000000e+00
19                                     1.0000000000000000e+00
20                                     1.0000000000000000e+00
21                                     6.0000000000000000e+00
22                                     1.0000000000000000e+00
23                                     1.0000000000000000e+00
24                                     1.0000000000000000e+00
25                                     6.0000000000000000e+00
26                                     6.0000000000000000e+00
27                                     8.0000000000000000e+00
28                                     8.0000000000000000e+00
29                                     1.0000000000000000e+00
30                                     7.0000000000000000e+00
31                                     1.0000000000000000e+00
32                                     1.0000000000000000e+00
33                                     6.0000000000000000e+00
34                                     1.0000000000000000e+00
35                                     1.0000000000000000e+00
36                                     1.0000000000000000e+00
37                                     6.0000000000000000e+00
38                                     6.0000000000000000e+00
39                                     8.0000000000000000e+00
40                                     8.0000000000000000e+00
41                                     1.0000000000000000e+00
42                                     7.0000000000000000e+00
43                                     1.0000000000000000e+00
44                                     1.0000000000000000e+00
45                                     6.0000000000000000e+00
46                                     1.0000000000000000e+00
47                                     1.0000000000000000e+00
48                                     1.0000000000000000e+00
49                                     6.0000000000000000e+00
50                                     6.0000000000000000e+00
51                                     8.0000000000000000e+00
52                                     8.0000000000000000e+00
53                                     1.0000000000000000e+00
54                                     7.0000000000000000e+00
55                                     1.0000000000000000e+00
56                                     1.0000000000000000e+00
   &QA [&Type "ArrayOfDoubles", &Dim (57,1)] "Mulliken gross atomic charge"
                                                         0

0                                      1.8040868331816284e-01
1                                      1.5762757470789168e-01
2                                     -7.3174849566931499e-01
3                                      4.9339431181671856e-01
4                                     -6.6760809934049803e-01
5                                      9.7958582810701245e-02
6                                      5.0307401880243674e-01
7                                     -7.1549620939473968e-01
8                                     -6.7393003094416315e-01
9                                     -1.2912325346512787e-01
10                                     1.0796854640408027e-01
11                                     1.3084349722669530e-01
12                                     1.1020265554606157e-01
13                                     1.6395707543604754e-01
14                                     4.8406110346988473e-01
15                                    -5.2465965967361150e-01
16                                    -5.2865754218289318e-01
17                                     4.0838444795925122e-01
18                                    -6.6368719195859693e-01
19                                     2.6492075113382030e-01
20                                     2.6573931937589934e-01
21                                    -1.2333539086288070e-01
22                                     1.1069482891269233e-01
23                                     1.2903293299142626e-01
24                                     1.0659639044815183e-01
25                                     1.8180687401187168e-01
26                                     4.7187135648898515e-01
27                                    -5.0506263517151950e-01
28                                    -5.3307009035987818e-01
29                                     4.0864448378726170e-01
30                                    -6.6769975876887155e-01
31                                     2.6358250066273980e-01
32                                     2.6381219893839380e-01
33                                    -1.1232598204504729e-01
34                                     1.0898758951658094e-01
35                                     1.3480883355785001e-01
36                                     1.0455197742439060e-01
37                                     1.5914824465301880e-01
38                                     4.6285822221372275e-01
39                                    -5.2342426236278428e-01
40                                    -5.3008482805913459e-01
41                                     4.0716439750348898e-01
42                                    -6.6993276307232197e-01
43                                     2.6228342499308621e-01
44                                     2.6283626520394976e-01
45                                    -1.2219307881916119e-01
46                                     1.0802985241625529e-01
47                                     1.3106044243402637e-01
48                                     1.1047086724313981e-01
49                                     1.5740797926612871e-01
50                                     4.8626522736935485e-01
51                                    -5.2553135844381949e-01
52                                    -5.2854757513189021e-01
53                                     4.0837538359731662e-01
54                                    -6.6233048838057851e-01
55                                     2.6489738139962193e-01
56                                     2.6472047106549867e-01
   &VA [&Type "ArrayOfDoubles", &Dim (57,1)] "Mayer's total valence"
                                                         0

0                                      1.2473707451413460e+00
1                                      1.2296621938259626e+00
2                                      1.5371199579019770e+00
3                                      9.5643801271799234e-01
4                                      1.6453036211194823e+00
5                                      1.2529548269769570e+00
6                                      9.4784859692327217e-01
7                                      1.5916671150465014e+00
8                                      1.6494288844720542e+00
9                                      3.9302314709876915e+00
10                                     9.8568502845260542e-01
11                                     9.7138250455603103e-01
12                                     9.8958242166412858e-01
13                                     3.7861408308472133e+00
14                                     4.1460393477155151e+00
15                                     1.8957856563578672e+00
16                                     1.9504517965523853e+00
17                                     8.5410687528092977e-01
18                                     2.7965170424270331e+00
19                                     9.3074323700605777e-01
20                                     9.3467407977698458e-01
21                                     3.9108916511120340e+00
22                                     9.8570546479610321e-01
23                                     9.7100870682398233e-01
24                                     9.9412684643212457e-01
25                                     3.7517883233282388e+00
26                                     4.1155464864952842e+00
27                                     1.8719512027236931e+00
28                                     1.9402622225939432e+00
29                                     8.5352055565948848e-01
30                                     2.7932337070148314e+00
31                                     9.3167047286300797e-01
32                                     9.3570666395505520e-01
33                                     3.8762382937693660e+00
34                                     9.8173739433997298e-01
35                                     9.8667292863247402e-01
36                                     9.9494179191925103e-01
37                                     3.7442980236863006e+00
38                                     4.1727808528073567e+00
39                                     1.8851539023329815e+00
40                                     1.9447195880729444e+00
41                                     8.5517712121165790e-01
42                                     2.7932172731199576e+00
43                                     9.3424858291890966e-01
44                                     9.3573040239334038e-01
45                                     3.9127592557294033e+00
46                                     9.8592729203354712e-01
47                                     9.7180967002681662e-01
48                                     9.8951622060319400e-01
49                                     3.7927789654376780e+00
50                                     4.1429410513144127e+00
51                                     1.8959335553133214e+00
52                                     1.9505629073390709e+00
53                                     8.5409380345221619e-01
54                                     2.7951331363887748e+00
55                                     9.3041556759354926e-01
56                                     9.3521643108685415e-01
   &BVA [&Type "ArrayOfDoubles", &Dim (57,1)] "Mayer's bonded valence"
                                                         0

0                                      1.2473707451413674e+00
1                                      1.2296621938260088e+00
2                                      1.5371199579020214e+00
3                                      9.5643801271812379e-01
4                                      1.6453036211196377e+00
5                                      1.2529548269771311e+00
6                                      9.4784859692327217e-01
7                                      1.5916671150465369e+00
8                                      1.6494288844721154e+00
9                                      3.9302314709877257e+00
10                                     9.8568502845260064e-01
11                                     9.7138250455604969e-01
12                                     9.8958242166414623e-01
13                                     3.7861408308472830e+00
14                                     4.1460393477155142e+00
15                                     1.8957856563579067e+00
16                                     1.9504517965523789e+00
17                                     8.5410687528092688e-01
18                                     2.7965170424270696e+00
19                                     9.3074323700605799e-01
20                                     9.3467407977698580e-01
21                                     3.9108916511120349e+00
22                                     9.8570546479610477e-01
23                                     9.7100870682398244e-01
24                                     9.9412684643212512e-01
25                                     3.7517883233282929e+00
26                                     4.1155464864952487e+00
27                                     1.8719512027236505e+00
28                                     1.9402622225940114e+00
29                                     8.5352055565948504e-01
30                                     2.7932337070148172e+00
31                                     9.3167047286300897e-01
32                                     9.3570666395504931e-01
33                                     3.8762382937693101e+00
34                                     9.8173739433996277e-01
35                                     9.8667292863245792e-01
36                                     9.9494179191924914e-01
37                                     3.7442980236862815e+00
38                                     4.1727808528073913e+00
39                                     1.8851539023329096e+00
40                                     1.9447195880729566e+00
41                                     8.5517712121165756e-01
42                                     2.7932172731199367e+00
43                                     9.3424858291890145e-01
44                                     9.3573040239333771e-01
45                                     3.9127592557293389e+00
46                                     9.8592729203352703e-01
47                                     9.7180967002679486e-01
48                                     9.8951622060315980e-01
49                                     3.7927789654375661e+00
50                                     4.1429410513143159e+00
51                                     1.8959335553133307e+00
52                                     1.9505629073390160e+00
53                                     8.5409380345221209e-01
54                                     2.7951331363887295e+00
55                                     9.3041556759354460e-01
56                                     9.3521643108684804e-01
   &FA [&Type "ArrayOfDoubles", &Dim (57,1)] "Mayer's free valence"
                                                         0

0                                      0.0000000000000000e+00
1                                      0.0000000000000000e+00
2                                      0.0000000000000000e+00
3                                      0.0000000000000000e+00
4                                      0.0000000000000000e+00
5                                      0.0000000000000000e+00
6                                      0.0000000000000000e+00
7                                      0.0000000000000000e+00
8                                      0.0000000000000000e+00
9                                      0.0000000000000000e+00
10                                     0.0000000000000000e+00
11                                     0.0000000000000000e+00
12                                     0.0000000000000000e+00
13                                     0.0000000000000000e+00
14                                     0.0000000000000000e+00
15                                     0.0000000000000000e+00
16                                     0.0000000000000000e+00
17                                     0.0000000000000000e+00
18                                     0.0000000000000000e+00
19                                     0.0000000000000000e+00
20                                     0.0000000000000000e+00
21                                     0.0000000000000000e+00
22                                     0.0000000000000000e+00
23                                     0.0000000000000000e+00
24                                     0.0000000000000000e+00
25                                     0.0000000000000000e+00
26                                     0.0000000000000000e+00
27                                     0.0000000000000000e+00
28                                     0.0000000000000000e+00
29                                     0.0000000000000000e+00
30                                     0.0000000000000000e+00
31                                     0.0000000000000000e+00
32                                     0.0000000000000000e+00
33                                     0.0000000000000000e+00
34                                     0.0000000000000000e+00
35                                     0.0000000000000000e+00
36                                     0.0000000000000000e+00
37                                     0.0000000000000000e+00
38                                     0.0000000000000000e+00
39                                     0.0000000000000000e+00
40                                     0.0000000000000000e+00
41                                     0.0000000000000000e+00
42                                     0.0000000000000000e+00
43                                     0.0000000000000000e+00
44                                     0.0000000000000000e+00
45                                     0.0000000000000000e+00
46                                     0.0000000000000000e+00
47                                     0.0000000000000000e+00
48                                     0.0000000000000000e+00
49                                     0.0000000000000000e+00
50                                     0.0000000000000000e+00
51                                     0.0000000000000000e+00
52                                     0.0000000000000000e+00
53                                     0.0000000000000000e+00
54                                     0.0000000000000000e+00
55                                     0.0000000000000000e+00
56                                     0.0000000000000000e+00
$End
