$hessian
        0.2109066810  -0.1175879922  -0.0016495549   0.0076974381   0.0415972060
        0.0215986002  -0.0060791446  -0.0088585116  -0.0066508627  -0.0096820147
       -0.0068204112   0.0028672035  -0.0167732804  -0.0118297736   0.0062068730
       -0.1807615219   0.1065084290  -0.0220272279  -0.0035708238  -0.0018674620
       -0.0006089580  -0.0017364344  -0.0011401305   0.0002541257  -0.0000147801
        0.0000107118  -0.0000029687   0.0000138808  -0.0000120657   0.0000127697
       -0.1175879922   0.3466855989   0.0028571128   0.0415972060  -0.0403348781
       -0.0374098730  -0.0088585116   0.0041497835   0.0115196321  -0.0068204112
       -0.0018064823  -0.0049661421   0.0118297736  -0.2354242691   0.0218513122
        0.0828488818  -0.0714360276   0.0055503464  -0.0000810453   0.0000000000
        0.0000581429  -0.0029265472  -0.0018343894   0.0005564445   0.0000044817
        0.0000146625  -0.0000130312  -0.0000058356  -0.0000139984  -0.0000039447
       -0.0016495549   0.0028571128   0.3459616922  -0.0016162074   0.0027993533
       -0.2264108983   0.0009864245  -0.0017085373  -0.0028326418   0.0002269316
       -0.0003930571   0.0012211589   0.0062068730  -0.0218513122  -0.0627771029
        0.0158203549  -0.0163009657  -0.0627771029  -0.0021211926   0.0218502568
        0.0038038256  -0.0178622812   0.0127621351   0.0038038256  -0.0000041176
       -0.0000123679   0.0000036217   0.0000127697  -0.0000026179   0.0000036217
        0.0076974381   0.0415972060  -0.0016162074   0.0221058760  -0.2307825510
       -0.0077442099  -0.0259731876   0.0829284979  -0.0299053640  -0.0012242463
        0.1006606364   0.0287034683  -0.0035708238   0.0000810453  -0.0021211926
       -0.0000489775  -0.0001658768   0.0199834738   0.0055435438  -0.0019916202
       -0.0007060120  -0.0043234399   0.0076883259  -0.0066014903  -0.0002571570
        0.0001493783  -0.0000014857   0.0000509741  -0.0001650419   0.0000090199
        0.0415972060  -0.0403348781   0.0027993533  -0.2307825510   0.2885906119
        0.0134133651   0.0829284979  -0.1217307688   0.0517976099   0.1006606364
       -0.1174571373  -0.0497158654   0.0018674620   0.0000000000  -0.0218502568
       -0.0019522936  -0.0035218462  -0.0090881217   0.0019916202  -0.0076124345
        0.0080303607   0.0037050855   0.0022545492   0.0046266046   0.0000128577
        0.0000600174  -0.0000095575  -0.0000285212  -0.0002481136  -0.0000034921
        0.0215986002  -0.0374098730  -0.2264108983  -0.0077442099   0.0134133651
        0.3568407398  -0.0496247349   0.0859525622  -0.1185237741   0.0292458059
       -0.0506552217  -0.0406100731  -0.0006089580  -0.0000581429   0.0038038256
        0.0003548322   0.0004983016   0.0038038256  -0.0007060120  -0.0080303607
        0.0105697677   0.0073075023  -0.0034037560   0.0105697677   0.0001681542
       -0.0001074992  -0.0000215905   0.0000090199  -0.0001993754  -0.0000215905
       -0.0060791446  -0.0088585116   0.0009864245  -0.0259731876   0.0829284979
       -0.0496247349   0.2467198316   0.0000000000   0.0000000000  -0.0106263884
       -0.0055479377  -0.0013682694  -0.0060791446   0.0088585116   0.0009864245
        0.0092642475   0.0000000000  -0.0019728489  -0.0259731876  -0.0829284979
       -0.0496247349  -0.1696095594   0.0000000000   0.0992494699  -0.0106263884
        0.0055479377  -0.0013682694  -0.0010170784   0.0000000000   0.0027365388
       -0.0088585116   0.0041497835  -0.0017085373   0.0829284979  -0.1217307688
        0.0859525622   0.0000000000   0.2467198316   0.0000000000  -0.0055479377
       -0.0042201817   0.0023699121   0.0088585116   0.0041497835   0.0017085373
        0.0000000000  -0.0111936087   0.0000000000  -0.0829284979  -0.1217307688
       -0.0859525622   0.0000000000   0.0219056029   0.0000000000   0.0055479377
       -0.0042201817  -0.0023699121   0.0000000000  -0.0138294917   0.0000000000
       -0.0066508627   0.0115196321  -0.0028326418  -0.0299053640   0.0517976099
       -0.1185237741   0.0000000000   0.0000000000   0.3522898825   0.0007296649
       -0.0012638167   0.0039264551  -0.0066508627  -0.0115196321  -0.0028326418
        0.0133017254   0.0000000000  -0.0028326418  -0.0299053640  -0.0517976099
       -0.1185237741   0.0598107281   0.0000000000  -0.1185237741   0.0007296649
        0.0012638167   0.0039264551  -0.0014593298   0.0000000000   0.0039264551
       -0.0096820147  -0.0068204112   0.0002269316  -0.0012242463   0.1006606364
        0.0292458059  -0.0106263884  -0.0055479377   0.0007296649   0.0218953161
       -0.0880220703  -0.0301806128  -0.0000147801  -0.0000044817  -0.0000041176
        0.0000007229  -0.0000196624  -0.0000086521  -0.0002571570  -0.0000128577
        0.0001681542  -0.0000895264  -0.0002461599  -0.0001771741   0.0000102471
        0.0000000000   0.0000000000  -0.0000121733   0.0000129444   0.0000000000
       -0.0068204112  -0.0018064823  -0.0003930571   0.1006606364  -0.1174571373
       -0.0506552217  -0.0055479377  -0.0042201817  -0.0012638167  -0.0880220703
        0.1235344480   0.0522743547  -0.0000107118   0.0000146625   0.0000123679
       -0.0000134323  -0.0000008405   0.0000097499  -0.0001493783   0.0000600174
        0.0001074992  -0.0001096392  -0.0001076131  -0.0000918762   0.0000000000
       -0.0000196467   0.0000000000   0.0000129444   0.0000027737   0.0000000000
        0.0028672035  -0.0049661421   0.0012211589   0.0287034683  -0.0497158654
       -0.0406100731  -0.0013682694   0.0023699121   0.0039264551  -0.0301806128
        0.0522743547   0.0354779024  -0.0000029687   0.0000130312   0.0000036217
       -0.0000098010   0.0000090866   0.0000036217  -0.0000014857   0.0000095575
       -0.0000215905  -0.0000075342   0.0000060654  -0.0000215905   0.0000000000
        0.0000000000   0.0000102471   0.0000000000   0.0000000000   0.0000102471
       -0.0167732804   0.0118297736   0.0062068730  -0.0035708238   0.0018674620
       -0.0006089580  -0.0060791446   0.0088585116  -0.0066508627  -0.0000147801
       -0.0000107118  -0.0000029687   0.2109066810   0.1175879922  -0.0016495549
       -0.1807615219  -0.1065084290  -0.0220272279   0.0076974381  -0.0415972060
        0.0215986002  -0.0017364344   0.0011401305   0.0002541257  -0.0096820147
        0.0068204112   0.0028672035   0.0000138808   0.0000120657   0.0000127697
       -0.0118297736  -0.2354242691  -0.0218513122   0.0000810453   0.0000000000
       -0.0000581429   0.0088585116   0.0041497835  -0.0115196321  -0.0000044817
        0.0000146625   0.0000130312   0.1175879922   0.3466855989  -0.0028571128
       -0.0828488818  -0.0714360276  -0.0055503464  -0.0415972060  -0.0403348781
        0.0374098730   0.0029265472  -0.0018343894  -0.0005564445   0.0068204112
       -0.0018064823   0.0049661421   0.0000058356  -0.0000139984   0.0000039447
        0.0062068730   0.0218513122  -0.0627771029  -0.0021211926  -0.0218502568
        0.0038038256   0.0009864245   0.0017085373  -0.0028326418  -0.0000041176
        0.0000123679   0.0000036217  -0.0016495549  -0.0028571128   0.3459616922
        0.0158203549   0.0163009657  -0.0627771029  -0.0016162074  -0.0027993533
       -0.2264108983  -0.0178622812  -0.0127621351   0.0038038256   0.0002269316
        0.0003930571   0.0012211589   0.0000127697   0.0000026179   0.0000036217
       -0.1807615219   0.0828488818   0.0158203549  -0.0000489775  -0.0019522936
        0.0003548322   0.0092642475   0.0000000000   0.0133017254   0.0000007229
       -0.0000134323  -0.0000098010  -0.1807615219  -0.0828488818   0.0158203549
        0.4145750579   0.0000000000   0.0032991097  -0.0000489775   0.0019522936
        0.0003548322  -0.0643510362   0.0000000000  -0.0431972005   0.0000007229
        0.0000134323  -0.0000098010   0.0021312840   0.0000000000  -0.0057344070
        0.1065084290  -0.0714360276  -0.0163009657  -0.0001658768  -0.0035218462
        0.0004983016   0.0000000000  -0.0111936087   0.0000000000  -0.0000196624
       -0.0000008405   0.0000090866  -0.1065084290  -0.0714360276   0.0163009657
        0.0000000000   0.1430172221   0.0000000000   0.0001658768  -0.0035218462
       -0.0004983016   0.0000000000   0.0317135962   0.0000000000   0.0000196624
       -0.0000008405  -0.0000090866   0.0000000000  -0.0136197809   0.0000000000
       -0.0220272279   0.0055503464  -0.0627771029   0.0199834738  -0.0090881217
        0.0038038256  -0.0019728489   0.0000000000  -0.0028326418  -0.0000086521
        0.0000097499   0.0000036217  -0.0220272279  -0.0055503464  -0.0627771029
        0.0032991097   0.0000000000   0.3459616922   0.0199834738   0.0090881217
        0.0038038256   0.0032324147   0.0000000000  -0.2264108983  -0.0000086521
       -0.0000097499   0.0000036217  -0.0004538632   0.0000000000   0.0012211589
       -0.0035708238  -0.0000810453  -0.0021211926   0.0055435438   0.0019916202
       -0.0007060120  -0.0259731876  -0.0829284979  -0.0299053640  -0.0002571570
       -0.0001493783  -0.0000014857   0.0076974381  -0.0415972060  -0.0016162074
       -0.0000489775   0.0001658768   0.0199834738   0.0221058760   0.2307825510
       -0.0077442099  -0.0043234399  -0.0076883259  -0.0066014903  -0.0012242463
       -0.1006606364   0.0287034683   0.0000509741   0.0001650419   0.0000090199
       -0.0018674620   0.0000000000   0.0218502568  -0.0019916202  -0.0076124345
       -0.0080303607  -0.0829284979  -0.1217307688  -0.0517976099  -0.0000128577
        0.0000600174   0.0000095575  -0.0415972060  -0.0403348781  -0.0027993533
        0.0019522936  -0.0035218462   0.0090881217   0.2307825510   0.2885906119
       -0.0134133651  -0.0037050855   0.0022545492  -0.0046266046  -0.1006606364
       -0.1174571373   0.0497158654   0.0000285212  -0.0002481136   0.0000034921
       -0.0006089580   0.0000581429   0.0038038256  -0.0007060120   0.0080303607
        0.0105697677  -0.0496247349  -0.0859525622  -0.1185237741   0.0001681542
        0.0001074992  -0.0000215905   0.0215986002   0.0374098730  -0.2264108983
        0.0003548322  -0.0004983016   0.0038038256  -0.0077442099  -0.0134133651
        0.3568407398   0.0073075023   0.0034037560   0.0105697677   0.0292458059
        0.0506552217  -0.0406100731   0.0000090199   0.0001993754  -0.0000215905
       -0.0017364344  -0.0029265472  -0.0178622812  -0.0043234399   0.0037050855
        0.0073075023  -0.1696095594   0.0000000000   0.0598107281  -0.0000895264
       -0.0001096392  -0.0000075342  -0.0017364344   0.0029265472  -0.0178622812
       -0.0643510362   0.0000000000   0.0032324147  -0.0043234399  -0.0037050855
        0.0073075023   0.4218329798   0.0000000000   0.0154884199  -0.0000895264
        0.0001096392  -0.0000075342  -0.1755735829   0.0000000000  -0.0574069366
       -0.0011401305  -0.0018343894   0.0127621351   0.0076883259   0.0022545492
       -0.0034037560   0.0000000000   0.0219056029   0.0000000000  -0.0002461599
       -0.0001076131   0.0000060654   0.0011401305  -0.0018343894  -0.0127621351
        0.0000000000   0.0317135962   0.0000000000  -0.0076883259   0.0022545492
        0.0034037560   0.0000000000  -0.1111364919   0.0000000000   0.0002461599
       -0.0001076131  -0.0000060654   0.0000000000   0.0568921993   0.0000000000
        0.0002541257   0.0005564445   0.0038038256  -0.0066014903   0.0046266046
        0.0105697677   0.0992494699   0.0000000000  -0.1185237741  -0.0001771741
       -0.0000918762  -0.0000215905   0.0002541257  -0.0005564445   0.0038038256
       -0.0431972005   0.0000000000  -0.2264108983  -0.0066014903  -0.0046266046
        0.0105697677   0.0154884199   0.0000000000   0.3568407398  -0.0001771741
        0.0000918762  -0.0000215905  -0.0584916118   0.0000000000  -0.0406100731
       -0.0000147801   0.0000044817  -0.0000041176  -0.0002571570   0.0000128577
        0.0001681542  -0.0106263884   0.0055479377   0.0007296649   0.0000102471
        0.0000000000   0.0000000000  -0.0096820147   0.0068204112   0.0002269316
        0.0000007229   0.0000196624  -0.0000086521  -0.0012242463  -0.1006606364
        0.0292458059  -0.0000895264   0.0002461599  -0.0001771741   0.0218953161
        0.0880220703  -0.0301806128  -0.0000121733  -0.0000129444   0.0000000000
        0.0000107118   0.0000146625  -0.0000123679   0.0001493783   0.0000600174
       -0.0001074992   0.0055479377  -0.0042201817   0.0012638167   0.0000000000
       -0.0000196467   0.0000000000   0.0068204112  -0.0018064823   0.0003930571
        0.0000134323  -0.0000008405  -0.0000097499  -0.1006606364  -0.1174571373
        0.0506552217   0.0001096392  -0.0001076131   0.0000918762   0.0880220703
        0.1235344480  -0.0522743547  -0.0000129444   0.0000027737   0.0000000000
       -0.0000029687  -0.0000130312   0.0000036217  -0.0000014857  -0.0000095575
       -0.0000215905  -0.0013682694  -0.0023699121   0.0039264551   0.0000000000
        0.0000000000   0.0000102471   0.0028672035   0.0049661421   0.0012211589
       -0.0000098010  -0.0000090866   0.0000036217   0.0287034683   0.0497158654
       -0.0406100731  -0.0000075342  -0.0000060654  -0.0000215905  -0.0301806128
       -0.0522743547   0.0354779024   0.0000000000   0.0000000000   0.0000102471
        0.0000138808  -0.0000058356   0.0000127697   0.0000509741  -0.0000285212
        0.0000090199  -0.0010170784   0.0000000000  -0.0014593298  -0.0000121733
        0.0000129444   0.0000000000   0.0000138808   0.0000058356   0.0000127697
        0.0021312840   0.0000000000  -0.0004538632   0.0000509741   0.0000285212
        0.0000090199  -0.1755735829   0.0000000000  -0.0584916118  -0.0000121733
       -0.0000129444   0.0000000000   0.1743540140   0.0000000000   0.0603612256
       -0.0000120657  -0.0000139984  -0.0000026179  -0.0001650419  -0.0002481136
       -0.0001993754   0.0000000000  -0.0138294917   0.0000000000   0.0000129444
        0.0000027737   0.0000000000   0.0000120657  -0.0000139984   0.0000026179
        0.0000000000  -0.0136197809   0.0000000000   0.0001650419  -0.0002481136
        0.0001993754   0.0000000000   0.0568921993   0.0000000000  -0.0000129444
        0.0000027737   0.0000000000   0.0000000000  -0.0289242499   0.0000000000
        0.0000127697  -0.0000039447   0.0000036217   0.0000090199  -0.0000034921
       -0.0000215905   0.0027365388   0.0000000000   0.0039264551   0.0000000000
        0.0000000000   0.0000102471   0.0000127697   0.0000039447   0.0000036217
       -0.0057344070   0.0000000000   0.0012211589   0.0000090199   0.0000034921
       -0.0000215905  -0.0574069366   0.0000000000  -0.0406100731   0.0000000000
        0.0000000000   0.0000102471   0.0603612256   0.0000000000   0.0354779024
$hessian (projected)
        0.2109066810  -0.1175879922  -0.0016495549   0.0076974381   0.0415972060
        0.0215986002  -0.0060791446  -0.0088585116  -0.0066508627  -0.0096820147
       -0.0068204112   0.0028672035  -0.0167732804  -0.0118297736   0.0062068730
       -0.1807615219   0.1065084290  -0.0220272279  -0.0035708238  -0.0018674620
       -0.0006089580  -0.0017364344  -0.0011401305   0.0002541257  -0.0000147801
        0.0000107118  -0.0000029687   0.0000138808  -0.0000120657   0.0000127697
       -0.1175879922   0.3466855989   0.0028571128   0.0415972060  -0.0403348781
       -0.0374098730  -0.0088585116   0.0041497835   0.0115196321  -0.0068204112
       -0.0018064823  -0.0049661421   0.0118297736  -0.2354242691   0.0218513122
        0.0828488818  -0.0714360276   0.0055503464  -0.0000810453   0.0000000000
        0.0000581429  -0.0029265472  -0.0018343894   0.0005564445   0.0000044817
        0.0000146625  -0.0000130312  -0.0000058356  -0.0000139984  -0.0000039447
       -0.0016495549   0.0028571128   0.3459616922  -0.0016162074   0.0027993533
       -0.2264108983   0.0009864245  -0.0017085373  -0.0028326418   0.0002269316
       -0.0003930571   0.0012211589   0.0062068730  -0.0218513122  -0.0627771029
        0.0158203549  -0.0163009657  -0.0627771029  -0.0021211926   0.0218502568
        0.0038038256  -0.0178622812   0.0127621351   0.0038038256  -0.0000041176
       -0.0000123679   0.0000036217   0.0000127697  -0.0000026179   0.0000036217
        0.0076974381   0.0415972060  -0.0016162074   0.0221058760  -0.2307825510
       -0.0077442099  -0.0259731876   0.0829284979  -0.0299053640  -0.0012242463
        0.1006606364   0.0287034683  -0.0035708238   0.0000810453  -0.0021211926
       -0.0000489775  -0.0001658768   0.0199834738   0.0055435438  -0.0019916202
       -0.0007060120  -0.0043234399   0.0076883259  -0.0066014903  -0.0002571570
        0.0001493783  -0.0000014857   0.0000509741  -0.0001650419   0.0000090199
        0.0415972060  -0.0403348781   0.0027993533  -0.2307825510   0.2885906119
        0.0134133651   0.0829284979  -0.1217307688   0.0517976099   0.1006606364
       -0.1174571373  -0.0497158654   0.0018674620   0.0000000000  -0.0218502568
       -0.0019522936  -0.0035218462  -0.0090881217   0.0019916202  -0.0076124345
        0.0080303607   0.0037050855   0.0022545492   0.0046266046   0.0000128577
        0.0000600174  -0.0000095575  -0.0000285212  -0.0002481136  -0.0000034921
        0.0215986002  -0.0374098730  -0.2264108983  -0.0077442099   0.0134133651
        0.3568407398  -0.0496247349   0.0859525622  -0.1185237741   0.0292458059
       -0.0506552217  -0.0406100731  -0.0006089580  -0.0000581429   0.0038038256
        0.0003548322   0.0004983016   0.0038038256  -0.0007060120  -0.0080303607
        0.0105697677   0.0073075023  -0.0034037560   0.0105697677   0.0001681542
       -0.0001074992  -0.0000215905   0.0000090199  -0.0001993754  -0.0000215905
       -0.0060791446  -0.0088585116   0.0009864245  -0.0259731876   0.0829284979
       -0.0496247349   0.2467198316   0.0000000000   0.0000000000  -0.0106263884
       -0.0055479377  -0.0013682694  -0.0060791446   0.0088585116   0.0009864245
        0.0092642475   0.0000000000  -0.0019728489  -0.0259731876  -0.0829284979
       -0.0496247349  -0.1696095594   0.0000000000   0.0992494699  -0.0106263884
        0.0055479377  -0.0013682694  -0.0010170784   0.0000000000   0.0027365388
       -0.0088585116   0.0041497835  -0.0017085373   0.0829284979  -0.1217307688
        0.0859525622   0.0000000000   0.2467198316   0.0000000000  -0.0055479377
       -0.0042201817   0.0023699121   0.0088585116   0.0041497835   0.0017085373
        0.0000000000  -0.0111936087   0.0000000000  -0.0829284979  -0.1217307688
       -0.0859525622   0.0000000000   0.0219056029   0.0000000000   0.0055479377
       -0.0042201817  -0.0023699121   0.0000000000  -0.0138294917   0.0000000000
       -0.0066508627   0.0115196321  -0.0028326418  -0.0299053640   0.0517976099
       -0.1185237741   0.0000000000   0.0000000000   0.3522898825   0.0007296649
       -0.0012638167   0.0039264551  -0.0066508627  -0.0115196321  -0.0028326418
        0.0133017254   0.0000000000  -0.0028326418  -0.0299053640  -0.0517976099
       -0.1185237741   0.0598107281   0.0000000000  -0.1185237741   0.0007296649
        0.0012638167   0.0039264551  -0.0014593298   0.0000000000   0.0039264551
       -0.0096820147  -0.0068204112   0.0002269316  -0.0012242463   0.1006606364
        0.0292458059  -0.0106263884  -0.0055479377   0.0007296649   0.0218953161
       -0.0880220703  -0.0301806128  -0.0000147801  -0.0000044817  -0.0000041176
        0.0000007229  -0.0000196624  -0.0000086521  -0.0002571570  -0.0000128577
        0.0001681542  -0.0000895264  -0.0002461599  -0.0001771741   0.0000102471
        0.0000000000   0.0000000000  -0.0000121733   0.0000129444   0.0000000000
       -0.0068204112  -0.0018064823  -0.0003930571   0.1006606364  -0.1174571373
       -0.0506552217  -0.0055479377  -0.0042201817  -0.0012638167  -0.0880220703
        0.1235344480   0.0522743547  -0.0000107118   0.0000146625   0.0000123679
       -0.0000134323  -0.0000008405   0.0000097499  -0.0001493783   0.0000600174
        0.0001074992  -0.0001096392  -0.0001076131  -0.0000918762   0.0000000000
       -0.0000196467   0.0000000000   0.0000129444   0.0000027737   0.0000000000
        0.0028672035  -0.0049661421   0.0012211589   0.0287034683  -0.0497158654
       -0.0406100731  -0.0013682694   0.0023699121   0.0039264551  -0.0301806128
        0.0522743547   0.0354779024  -0.0000029687   0.0000130312   0.0000036217
       -0.0000098010   0.0000090866   0.0000036217  -0.0000014857   0.0000095575
       -0.0000215905  -0.0000075342   0.0000060654  -0.0000215905   0.0000000000
        0.0000000000   0.0000102471   0.0000000000   0.0000000000   0.0000102471
       -0.0167732804   0.0118297736   0.0062068730  -0.0035708238   0.0018674620
       -0.0006089580  -0.0060791446   0.0088585116  -0.0066508627  -0.0000147801
       -0.0000107118  -0.0000029687   0.2109066810   0.1175879922  -0.0016495549
       -0.1807615219  -0.1065084290  -0.0220272279   0.0076974381  -0.0415972060
        0.0215986002  -0.0017364344   0.0011401305   0.0002541257  -0.0096820147
        0.0068204112   0.0028672035   0.0000138808   0.0000120657   0.0000127697
       -0.0118297736  -0.2354242691  -0.0218513122   0.0000810453   0.0000000000
       -0.0000581429   0.0088585116   0.0041497835  -0.0115196321  -0.0000044817
        0.0000146625   0.0000130312   0.1175879922   0.3466855989  -0.0028571128
       -0.0828488818  -0.0714360276  -0.0055503464  -0.0415972060  -0.0403348781
        0.0374098730   0.0029265472  -0.0018343894  -0.0005564445   0.0068204112
       -0.0018064823   0.0049661421   0.0000058356  -0.0000139984   0.0000039447
        0.0062068730   0.0218513122  -0.0627771029  -0.0021211926  -0.0218502568
        0.0038038256   0.0009864245   0.0017085373  -0.0028326418  -0.0000041176
        0.0000123679   0.0000036217  -0.0016495549  -0.0028571128   0.3459616922
        0.0158203549   0.0163009657  -0.0627771029  -0.0016162074  -0.0027993533
       -0.2264108983  -0.0178622812  -0.0127621351   0.0038038256   0.0002269316
        0.0003930571   0.0012211589   0.0000127697   0.0000026179   0.0000036217
       -0.1807615219   0.0828488818   0.0158203549  -0.0000489775  -0.0019522936
        0.0003548322   0.0092642475   0.0000000000   0.0133017254   0.0000007229
       -0.0000134323  -0.0000098010  -0.1807615219  -0.0828488818   0.0158203549
        0.4145750579   0.0000000000   0.0032991097  -0.0000489775   0.0019522936
        0.0003548322  -0.0643510362   0.0000000000  -0.0431972005   0.0000007229
        0.0000134323  -0.0000098010   0.0021312840   0.0000000000  -0.0057344070
        0.1065084290  -0.0714360276  -0.0163009657  -0.0001658768  -0.0035218462
        0.0004983016   0.0000000000  -0.0111936087   0.0000000000  -0.0000196624
       -0.0000008405   0.0000090866  -0.1065084290  -0.0714360276   0.0163009657
        0.0000000000   0.1430172221   0.0000000000   0.0001658768  -0.0035218462
       -0.0004983016   0.0000000000   0.0317135962   0.0000000000   0.0000196624
       -0.0000008405  -0.0000090866   0.0000000000  -0.0136197809   0.0000000000
       -0.0220272279   0.0055503464  -0.0627771029   0.0199834738  -0.0090881217
        0.0038038256  -0.0019728489   0.0000000000  -0.0028326418  -0.0000086521
        0.0000097499   0.0000036217  -0.0220272279  -0.0055503464  -0.0627771029
        0.0032991097   0.0000000000   0.3459616922   0.0199834738   0.0090881217
        0.0038038256   0.0032324147   0.0000000000  -0.2264108983  -0.0000086521
       -0.0000097499   0.0000036217  -0.0004538632   0.0000000000   0.0012211589
       -0.0035708238  -0.0000810453  -0.0021211926   0.0055435438   0.0019916202
       -0.0007060120  -0.0259731876  -0.0829284979  -0.0299053640  -0.0002571570
       -0.0001493783  -0.0000014857   0.0076974381  -0.0415972060  -0.0016162074
       -0.0000489775   0.0001658768   0.0199834738   0.0221058760   0.2307825510
       -0.0077442099  -0.0043234399  -0.0076883259  -0.0066014903  -0.0012242463
       -0.1006606364   0.0287034683   0.0000509741   0.0001650419   0.0000090199
       -0.0018674620   0.0000000000   0.0218502568  -0.0019916202  -0.0076124345
       -0.0080303607  -0.0829284979  -0.1217307688  -0.0517976099  -0.0000128577
        0.0000600174   0.0000095575  -0.0415972060  -0.0403348781  -0.0027993533
        0.0019522936  -0.0035218462   0.0090881217   0.2307825510   0.2885906119
       -0.0134133651  -0.0037050855   0.0022545492  -0.0046266046  -0.1006606364
       -0.1174571373   0.0497158654   0.0000285212  -0.0002481136   0.0000034921
       -0.0006089580   0.0000581429   0.0038038256  -0.0007060120   0.0080303607
        0.0105697677  -0.0496247349  -0.0859525622  -0.1185237741   0.0001681542
        0.0001074992  -0.0000215905   0.0215986002   0.0374098730  -0.2264108983
        0.0003548322  -0.0004983016   0.0038038256  -0.0077442099  -0.0134133651
        0.3568407398   0.0073075023   0.0034037560   0.0105697677   0.0292458059
        0.0506552217  -0.0406100731   0.0000090199   0.0001993754  -0.0000215905
       -0.0017364344  -0.0029265472  -0.0178622812  -0.0043234399   0.0037050855
        0.0073075023  -0.1696095594   0.0000000000   0.0598107281  -0.0000895264
       -0.0001096392  -0.0000075342  -0.0017364344   0.0029265472  -0.0178622812
       -0.0643510362   0.0000000000   0.0032324147  -0.0043234399  -0.0037050855
        0.0073075023   0.4218329798   0.0000000000   0.0154884199  -0.0000895264
        0.0001096392  -0.0000075342  -0.1755735829   0.0000000000  -0.0574069366
       -0.0011401305  -0.0018343894   0.0127621351   0.0076883259   0.0022545492
       -0.0034037560   0.0000000000   0.0219056029   0.0000000000  -0.0002461599
       -0.0001076131   0.0000060654   0.0011401305  -0.0018343894  -0.0127621351
        0.0000000000   0.0317135962   0.0000000000  -0.0076883259   0.0022545492
        0.0034037560   0.0000000000  -0.1111364919   0.0000000000   0.0002461599
       -0.0001076131  -0.0000060654   0.0000000000   0.0568921993   0.0000000000
        0.0002541257   0.0005564445   0.0038038256  -0.0066014903   0.0046266046
        0.0105697677   0.0992494699   0.0000000000  -0.1185237741  -0.0001771741
       -0.0000918762  -0.0000215905   0.0002541257  -0.0005564445   0.0038038256
       -0.0431972005   0.0000000000  -0.2264108983  -0.0066014903  -0.0046266046
        0.0105697677   0.0154884199   0.0000000000   0.3568407398  -0.0001771741
        0.0000918762  -0.0000215905  -0.0584916118   0.0000000000  -0.0406100731
       -0.0000147801   0.0000044817  -0.0000041176  -0.0002571570   0.0000128577
        0.0001681542  -0.0106263884   0.0055479377   0.0007296649   0.0000102471
        0.0000000000   0.0000000000  -0.0096820147   0.0068204112   0.0002269316
        0.0000007229   0.0000196624  -0.0000086521  -0.0012242463  -0.1006606364
        0.0292458059  -0.0000895264   0.0002461599  -0.0001771741   0.0218953161
        0.0880220703  -0.0301806128  -0.0000121733  -0.0000129444   0.0000000000
        0.0000107118   0.0000146625  -0.0000123679   0.0001493783   0.0000600174
       -0.0001074992   0.0055479377  -0.0042201817   0.0012638167   0.0000000000
       -0.0000196467   0.0000000000   0.0068204112  -0.0018064823   0.0003930571
        0.0000134323  -0.0000008405  -0.0000097499  -0.1006606364  -0.1174571373
        0.0506552217   0.0001096392  -0.0001076131   0.0000918762   0.0880220703
        0.1235344480  -0.0522743547  -0.0000129444   0.0000027737   0.0000000000
       -0.0000029687  -0.0000130312   0.0000036217  -0.0000014857  -0.0000095575
       -0.0000215905  -0.0013682694  -0.0023699121   0.0039264551   0.0000000000
        0.0000000000   0.0000102471   0.0028672035   0.0049661421   0.0012211589
       -0.0000098010  -0.0000090866   0.0000036217   0.0287034683   0.0497158654
       -0.0406100731  -0.0000075342  -0.0000060654  -0.0000215905  -0.0301806128
       -0.0522743547   0.0354779024   0.0000000000   0.0000000000   0.0000102471
        0.0000138808  -0.0000058356   0.0000127697   0.0000509741  -0.0000285212
        0.0000090199  -0.0010170784   0.0000000000  -0.0014593298  -0.0000121733
        0.0000129444   0.0000000000   0.0000138808   0.0000058356   0.0000127697
        0.0021312840   0.0000000000  -0.0004538632   0.0000509741   0.0000285212
        0.0000090199  -0.1755735829   0.0000000000  -0.0584916118  -0.0000121733
       -0.0000129444   0.0000000000   0.1743540140   0.0000000000   0.0603612256
       -0.0000120657  -0.0000139984  -0.0000026179  -0.0001650419  -0.0002481136
       -0.0001993754   0.0000000000  -0.0138294917   0.0000000000   0.0000129444
        0.0000027737   0.0000000000   0.0000120657  -0.0000139984   0.0000026179
        0.0000000000  -0.0136197809   0.0000000000   0.0001650419  -0.0002481136
        0.0001993754   0.0000000000   0.0568921993   0.0000000000  -0.0000129444
        0.0000027737   0.0000000000   0.0000000000  -0.0289242499   0.0000000000
        0.0000127697  -0.0000039447   0.0000036217   0.0000090199  -0.0000034921
       -0.0000215905   0.0027365388   0.0000000000   0.0039264551   0.0000000000
        0.0000000000   0.0000102471   0.0000127697   0.0000039447   0.0000036217
       -0.0057344070   0.0000000000   0.0012211589   0.0000090199   0.0000034921
       -0.0000215905  -0.0574069366   0.0000000000  -0.0406100731   0.0000000000
        0.0000000000   0.0000102471   0.0603612256   0.0000000000   0.0354779024
$end
