$dipgrad
  0.376994317067252       0.146417309973125       6.341624884955044E-002
  0.207316674527349       0.897325072714200       0.258078016877324     
  8.039532716792364E-002  0.225022859574150       0.424559651321200     
 -0.801981561875800       0.233848135542875      -0.268995609099525     
 -0.539364143173473      -0.713349782274976      -0.424919645554100     
 -0.463835321058650      -1.149479650450091E-002 -0.438390045898125     
   1.59406928406923       0.158207943441800       0.745877936546425     
  0.233690480186524        1.08263011352235       0.334138831715050     
  0.757829976315076       0.290409513099250       0.755019033872200     
  -1.26363699470318      -2.385220006489996E-002 -0.556671791327400     
  0.251177767264026      -0.539577559425776       5.608392381019955E-002
 -0.498640541125024      -9.427628114325071E-002 -0.510831665720001     
   1.34487774657630      -6.920339216932470E-002  0.575737219094500     
 -0.631516345342200        1.29177479813520      -5.009919694712539E-002
  0.422617895030999       0.253867609507100       0.496011666301400     
 -0.245421305829150       2.225774638687450E-002 -3.794624466762486E-002
  0.291449975852049      -0.805022540894100      -9.831773219274309E-003
  2.658041006045053E-002 -0.143442886417375      -0.195285978551000     
  0.783650861886549      -0.398485505782975       0.297109590294425     
 -3.343844013187658E-002  0.266193688538575       4.290345055012468E-002
  0.388661595148099      -0.150522678681275       0.203875684319426     
  -1.19708778270762      -0.259317124072700      -0.528037789117649     
 -0.190046506140225      -0.740137968756600      -0.205660500037950     
 -0.508158708670126      -0.245082654853500      -0.673525494420325     
 -0.921851315475251       0.392542596575525      -0.148849514005475     
  0.651213069755574      -0.769469034231500       0.244100851363399     
  7.120672507574533E-003  4.144206554569929E-002 -0.411274965033774     
  0.234755586283200      -1.905541502374986E-003 -2.202896335064986E-002
 -3.305217242539848E-002  0.300572935633876      -7.417252225249138E-003
 -6.163023379770038E-002  4.261450609150064E-002  0.261033280418125     
  0.392774189365925      -5.187772896532494E-002  2.585944493630032E-002
 -7.684706450850065E-003  0.159749196322976      -4.369275565067499E-002
 -1.993240371973570E-003 -4.471188962767547E-002  0.298240100750601     
  8.454476856627480E-002  7.233150698925384E-003 -4.184970390184950E-002
  1.453273698672319E-002  5.292309577412557E-002 -2.085322340804940E-002
 -3.744155117742398E-002 -2.429812055709912E-002  0.137871458631750     
  0.105844000788400       1.912132583025139E-003 -2.116020540342545E-002
 -5.831785814225388E-003  8.274377967922519E-002 -1.895487550430008E-002
 -2.225849827595106E-002 -1.527327170334991E-002  0.129205001463499     
  0.258733596030549      -0.111083252764674      -4.951755077572506E-002
 -0.105698957935376       0.306701357878301      -5.424856545147461E-002
 -4.816329139800013E-002 -5.715750412222498E-002  0.256504114327925     
 -0.860378700436977       0.436863209980225      -0.279390098780550     
 -0.393627527808174      -0.601480842898775      -0.319103303299925     
 -0.471568170114549       0.144128280910251      -0.423921363528175     
   1.54096879514328      -0.374540487025875       0.630605743595525     
 -5.514746579449836E-002   1.11566531968605       0.165417408848325     
  0.697606463305651      -1.680119163865013E-002  0.668558482904851     
  -1.08663229538422       0.316492794687525      -0.414706822010650     
  0.434038918141375      -0.840656382871574       0.105281568768301     
 -0.380876359377000       3.149835095867415E-002 -0.446346559515975     
   1.01789503295975      -5.099130901982440E-002  0.459345609296825     
 -0.501896979503151        1.57991572099763       2.877086641374982E-002
  0.355691127113573       0.282935229658525       0.468558126960376     
 -0.211232484693926      -0.160389605035350      -5.392371900882487E-002
  7.096203835487591E-002 -0.867381488471625      -0.121834495410550     
  2.532305005624735E-003 -0.254944863966550      -0.238550815547000     
  0.609419051263000      -0.619203059933100       0.180085364170550     
 -0.188758968273524       0.518009576339150       7.554103524699540E-003
  0.278974475543223      -0.232023209921250       0.133574377620100     
  -1.12759974667882       0.168903575371074      -0.401970583937425     
  0.113277323634977      -0.627447260035300      -3.433791692997179E-004
 -0.410157546915551       3.063744372057475E-002 -0.580152088178925     
 -0.505181982046849       0.224275753753875      -2.148364404199743E-003
  0.461651719302276       -1.24548016747212       8.111997615969924E-002
  1.578824502387333E-002  2.958531965246980E-004 -0.410406030184175     
  0.260328915204000       0.169019201734800       4.130811676560042E-002
  0.111803010181575       0.442767846621150       0.106109527872600     
  3.891207194157476E-002  0.116861383837650       0.304777876620500     
  0.305004360285750      -8.288896003577517E-002 -1.864978641747506E-002
 -7.331909077152421E-002  0.208532339015900      -6.565511787697598E-002
  2.870966213499582E-003 -9.438955257110027E-002  0.287354457173300     
  7.836742446187595E-002  7.163370288754134E-004 -4.881708436159982E-002
  1.408024372409944E-002  4.888921292049986E-002 -1.962831640099916E-002
 -4.652792294677521E-002 -2.705119339409978E-002  0.132803110221575     
  9.835142956035048E-002 -4.470293261400471E-003 -2.659124337042518E-002
 -1.326814063189907E-002  8.134367581335011E-002 -2.236092726462524E-002
 -2.876544288740179E-002 -1.659645981532565E-002  0.123277560215624     
  0.196078314532426      -7.290701290317503E-002 -7.477515674849999E-002
 -6.643765947442537E-002  0.366348923272425      -2.155963438467468E-002
 -7.343306625444912E-002 -2.394027360337558E-002  0.250130656646375     
$end
