$grad          cartesian gradients
  cycle =      1 MP2 energy =     -934.5209262056 |dE/dxyz| =  0.000082
    7.82819677873984     -3.69908368952534     -3.72823149362667      ag
    7.91488078967161      3.86297672992935     -1.74071317463344      n
    7.38439347723097      1.46891199748474     -2.63669525113480      c
    9.15975512652496     -0.37311608533665     -2.14628720428114      n
   11.28242873158124      0.13276482415382     -0.88070431383008      c
   11.79635153346558      2.61619040251711      0.02553275606177      c
   10.04996740294234      4.42498438449757     -0.45150703796551      c
    5.42785681369135      1.03485891759674     -3.80272546507718      o
   12.93600223059654     -1.72378487232830     -0.49835875618859      n
   12.50851723286194     -3.50551129021750     -1.03344214614935      h
   14.48261271881655     -1.42821722582847      0.57072988218013      h
   13.50770595182820      3.04926277505762      1.04812898253433      h
   10.26968888358283      6.36452560567972      0.15958949572830      h
    6.59747192971809      5.20265617308680     -2.11000742378187      h
    5.66194244204714    -10.77692139073945     -6.63220479176282      n
    6.94527649703856     -8.82495927918415     -5.44324751177775      c
    5.80141185671148     -6.48646966989865     -5.54071169852948      n
    3.59224004908103     -6.10697228099484     -6.70152489502100      c
    2.30946524627249     -8.14659286885356     -7.90801859751926      c
    3.42423330277788    -10.45017399603287     -7.82095595262814      c
    8.96152361872886     -9.17199043327184     -4.37971720287397      o
    2.61374937082500     -3.78877342227360     -6.72990325324936      n
    3.47434252645311     -2.33992649031213     -5.81262912818472      h
    0.90996734087100     -3.49218289335843     -7.52418569525210      h
    0.52445285343055     -7.87691967885143     -8.85807651729121      h
    2.59350845350398    -12.10902574021053     -8.68279839839350      h
    6.50551851878394    -12.49373621566789     -6.55873968871631      h
  -.79934151253624D-05  0.13279946291966D-04  0.14702912637166D-04
  -.42618400186711D-06  0.54289276008035D-06  0.75587027141832D-05
  -.13746905378254D-04  0.17196012835896D-05  -.31482007756267D-05
  0.10754340673103D-04  -.25832667956749D-04  -.36157475176157D-05
  -.16561524915915D-04  0.62517092347392D-05  0.17375772944916D-05
  -.26011603360132D-06  0.34795980141666D-06  0.21363653690543D-05
  0.59546301134361D-06  0.27417557824094D-06  -.86477934884144D-05
  0.45398263388563D-05  -.33171626334649D-07  0.64095346452575D-06
  0.29585027922607D-04  0.26296331085973D-05  -.34813658833066D-04
  -.67193297509371D-05  -.26226331524271D-05  0.92517476852905D-05
  -.82767540554585D-05  -.51846992097371D-05  0.14842111502489D-04
  -.81706835963757D-07  0.86728229664601D-06  -.90673004615738D-06
  -.14613529947249D-05  -.14184671126571D-06  0.28162930063580D-05
  -.31078804774154D-06  0.26004795827816D-06  -.53704244140640D-06
  0.62967596639041D-05  0.56053291324076D-05  -.16697516520559D-05
  -.50481475062369D-05  -.12627525381781D-04  0.39753998848369D-05
  0.11838679910170D-04  0.15489024807858D-04  -.14278123288580D-04
  0.40435235071357D-06  -.11705296482312D-04  0.12346788577311D-04
  0.34542402378435D-05  0.22451091387377D-05  -.45717632701781D-06
  -.38972404272641D-05  -.63602295163889D-06  0.60192442576934D-05
  0.10080300718585D-05  0.21416714766076D-05  0.26035697757720D-05
  -.90251118631812D-05  0.16239950547003D-04  -.21755635792431D-04
  0.60497984621932D-05  -.83407980850936D-05  0.93253435831109D-05
  -.10665497018891D-06  0.20204099160370D-05  0.41417030423041D-05
  0.11802546007189D-05  -.10479294175192D-05  -.19696293027671D-05
  0.32284911943847D-06  -.27738995722615D-06  -.31254309051931D-06
  -.21144999222678D-05  -.14646715147393D-05  0.13271425028383D-07
$end
