$coord  natoms=    12
    2.27353301545502     -1.31262489848446      0.00000000000000      c
    2.27353301545502      1.31262489848446      0.00000000000000      c
   -0.00000000000000      2.62524979696891      0.00000000000000      c
   -2.27353301545502      1.31262489848446      0.00000000000000      c
   -2.27353301545502     -1.31262489848446      0.00000000000000      c
   -0.00000000000000     -2.62524979696891      0.00000000000000      c
    4.03777188872899     -2.33120868688398      0.00000000000000      h
    4.03777188872899      2.33120868688398      0.00000000000000      h
   -0.00000000000000      4.66241737376797      0.00000000000000      h
   -4.03777188872899      2.33120868688398      0.00000000000000      h
   -4.03777188872899     -2.33120868688398      0.00000000000000      h
   -0.00000000000000     -4.66241737376797      0.00000000000000      h
$intdef
# definitions of internal coordinates
   1 k  1.0000000000000 stre    7    1           val=   2.03717
   2 i  1.0000000000000 bend    7    2    1
       -1.0000000000000 bend    7    6    1
   3 i  1.0000000000000 outp    7    2    6    1
   4 d  1.0000000000000 stre    8    2           val=   2.03717
   5 i  1.0000000000000 bend    8    3    2
       -1.0000000000000 bend    8    1    2
   6 i  1.0000000000000 outp    8    3    1    2
   7 d  1.0000000000000 stre    9    3           val=   2.03717
   8 i  1.0000000000000 bend    9    2    3
       -1.0000000000000 bend    9    4    3
   9 i  1.0000000000000 outp    9    2    4    3
  10 d  1.0000000000000 stre   10    4           val=   2.03717
  11 i  1.0000000000000 bend   10    3    4
       -1.0000000000000 bend   10    5    4
  12 i  1.0000000000000 outp   10    3    5    4
  13 d  1.0000000000000 stre   11    5           val=   2.03717
  14 i  1.0000000000000 bend   11    6    5
       -1.0000000000000 bend   11    4    5
  15 i  1.0000000000000 outp   11    6    4    5
  16 d  1.0000000000000 stre   12    6           val=   2.03717
  17 i  1.0000000000000 bend   12    5    6
       -1.0000000000000 bend   12    1    6
  18 i  1.0000000000000 outp   12    5    1    6
  19 k  1.0000000000000 stre    1    2           val=   2.62525
  20 d  1.0000000000000 stre    2    3           val=   2.62525
  21 d  1.0000000000000 stre    3    4           val=   2.62525
  22 d  1.0000000000000 stre    4    5           val=   2.62525
  23 d  1.0000000000000 stre    5    6           val=   2.62525
  24 d  1.0000000000000 stre    6    1           val=   2.62525
  25 i -0.5000000000000 bend    1    3    2
       -0.5000000000000 bend    2    4    3
        1.0000000000000 bend    3    5    4
       -0.5000000000000 bend    4    6    5
       -0.5000000000000 bend    5    1    6
        1.0000000000000 bend    6    2    1
  26 i  0.8660254037844 bend    1    3    2
       -0.8660254037844 bend    2    4    3
        0.0000000000000 bend    3    5    4
        0.8660254037844 bend    4    6    5
       -0.8660254037844 bend    5    1    6
        0.0000000000000 bend    6    2    1
  27 i -1.0000000000000 bend    1    3    2
        1.0000000000000 bend    2    4    3
       -1.0000000000000 bend    3    5    4
        1.0000000000000 bend    4    6    5
       -1.0000000000000 bend    5    1    6
        1.0000000000000 bend    6    2    1
  28 i -0.5000000000000 tors    2    3    4    5
       -0.5000000000000 tors    3    4    5    6
        1.0000000000000 tors    4    5    6    1
       -0.5000000000000 tors    5    6    1    2
       -0.5000000000000 tors    6    1    2    3
        1.0000000000000 tors    1    2    3    4
  29 i  0.8660254037844 tors    2    3    4    5
       -0.8660254037844 tors    3    4    5    6
        0.0000000000000 tors    4    5    6    1
        0.8660254037844 tors    5    6    1    2
       -0.8660254037844 tors    6    1    2    3
        0.0000000000000 tors    1    2    3    4
  30 i -1.0000000000000 tors    2    3    4    5
        1.0000000000000 tors    3    4    5    6
       -1.0000000000000 tors    4    5    6    1
        1.0000000000000 tors    5    6    1    2
       -1.0000000000000 tors    6    1    2    3
        1.0000000000000 tors    1    2    3    4
$redundant
     number_of_atoms            12
     degrees_of_freedom          2
     internal_coordinates        2
     frozen_coordinates          0
# definitions of redundant internals
   1 k  1.0000000000000 stre    1    7           val=   2.03717
   2 k  1.0000000000000 stre    1    2           val=   2.62525
         2 non zero eigenvalues  of BmBt
           1           2.618033989    1    0
         1
           2           0.381966011    2    0
         2
$user-defined bonds
$end
