$grad          cartesian gradients
  cycle =      1 MP2 energy =     -394.1973476684 |dE/dxyz| =  0.000122
    7.93837706009424      3.89499732971487     -1.78297053831527      n
    7.35769359257026      1.42758065167497     -2.62125101546090      c
    9.07659236046849     -0.41794974288314     -2.01692695622272      n
   11.12951825857209      0.15977964647345     -0.74689871746371      c
   11.74032997072855      2.65414446077274      0.10882958960927      c
   10.04499696421779      4.48507530887894     -0.46871061240273      c
    5.40745991605646      1.08548621111794     -3.79618524360403      o
   12.78912094334349     -1.74167948311646     -0.28420047775816      n
   12.19266114228619     -3.50811426248599     -0.68631936276203      h
   14.15940068879529     -1.51524936070597      1.01329875278018      h
   13.44940796723999      3.07458065587067      1.14378866784770      h
   10.28157824268540      6.44662808446352      0.06910871245644      h
    6.64711339848460      5.22948914751203     -2.23830632025790      h
  0.28530711710495D-04  0.11218652244516D-04  0.31854581406865D-04
  -.18342883575606D-04  0.89849322535418D-05  0.61642022026742D-05
  0.41306752027737D-05  -.32154970579512D-04  -.31824223985844D-04
  -.21901893619614D-04  0.34541926169918D-04  0.25995459120853D-04
  0.29073162950866D-04  0.41721011529994D-05  -.16871581623334D-04
  -.31384254518096D-04  -.13819036670526D-05  -.22350070558730D-04
  0.83254354521500D-06  0.67849949583199D-05  -.11985810974835D-05
  0.52537408542719D-04  -.13469238998809D-04  0.27897174343150D-04
  -.24891421073647D-04  0.15016459796513D-04  -.49596036814092D-05
  0.12149522721216D-06  -.71142464261875D-05  -.10904261141143D-04
  -.89584525095887D-05  -.17412747621570D-04  0.59343131990630D-05
  -.56061597630830D-06  0.89797420432802D-06  0.15973902107724D-05
  -.91863570927941D-05  -.10084112242126D-04  -.11334768236893D-04
$end
