$hessian
 1  1   0.6761901540  -0.1378333895   0.3236294700  -0.1193641152   0.0368617843
 1  2  -0.0257955907   0.0302731816   0.0197338562   0.0133845520  -0.0220990243
 1  3  -0.0349971565  -0.0169768938  -0.0462689560   0.0345858600  -0.0257246906
 1  4  -0.2835783829  -0.0526109062  -0.1484372502  -0.0178251111  -0.0642338163
 1  5  -0.0354929825  -0.0012670905   0.0072356799   0.0026468349   0.0001478176
 1  6  -0.0006988697  -0.0008491201   0.0009036468  -0.0005071143   0.0002075346
 1  7   0.0017022580   0.0046765131  -0.0028219257  -0.0029924700  -0.0003050634
 1  8  -0.0040611613  -0.2168084091   0.1884083222  -0.0800734532
 2  1  -0.1378333895   0.6619099710   0.0488723169  -0.0123337528  -0.1884319278
 2  2  -0.0329436266   0.0331722443  -0.0511264679   0.0060855601  -0.0236527424
 2  3  -0.0190950333  -0.0152526692   0.0201919992   0.0312536885   0.0149261637
 2  4  -0.0139453623  -0.1514324113  -0.0294778305  -0.0340941857  -0.0236586866
 2  5  -0.0286537355   0.0101116288  -0.0018227230   0.0036843499  -0.0005594446
 2  6   0.0009104975   0.0000599012  -0.0002876743  -0.0009387272   0.0004513589
 2  7   0.0046900545  -0.0029223421   0.0004349435  -0.0330884591  -0.0032658908
 2  8  -0.0202358334   0.1871368497  -0.2521020371   0.0519392689
 3  1   0.3236294700   0.0488723169   0.2469599935  -0.0357740836  -0.0054384374
 3  2  -0.0798544339   0.0156795475  -0.0019794974   0.0224915201  -0.0144705108
 3  3  -0.0225762321  -0.0175156210  -0.0280267898   0.0234224521  -0.0005140516
 3  4  -0.1405122678  -0.0511453661  -0.1272701763  -0.0293435395  -0.0455664720
 3  5  -0.0045502685   0.0018978944   0.0040211278   0.0013895369  -0.0001821052
 3  6  -0.0002372025  -0.0002734049   0.0004444273  -0.0004636189   0.0001046905
 3  7  -0.0028272924   0.0002824397   0.0071178124  -0.0106434376  -0.0016290596
 3  8  -0.0025789576  -0.0801996185   0.0525284894  -0.0457564875
 4  1  -0.1193641152  -0.0123337528  -0.0357740836   0.8218553776  -0.0083300364
 4  2   0.3434495903  -0.1568629277   0.0753741806  -0.0360556944  -0.0623064591
 4  3   0.0191078101  -0.0209324676  -0.0025886862   0.0118893169   0.0037917978
 4  4   0.0117298390  -0.0278049136   0.0021593981  -0.5141604528  -0.0785436622
 4  5  -0.2622227742   0.0149716624  -0.0104553291  -0.0029705722  -0.0007042720
 4  6   0.0017677402   0.0013701367  -0.0007755290   0.0006250831  -0.0008172194
 4  7   0.0003831728   0.0016784781   0.0005714545  -0.0015630462   0.0003632797
 4  8  -0.0038089800   0.0098800162   0.0268578749   0.0115417932
 5  1   0.0368617843  -0.1884319278  -0.0054384374  -0.0083300364   0.4968434087
 5  2   0.0528079985   0.0899053212  -0.1957192242   0.0217911003   0.0347864276
 5  3   0.0375103194   0.0288380361   0.0147771305  -0.0432974680   0.0014806742
 5  4  -0.0768191847   0.0056050381  -0.0415935314  -0.0742071150  -0.1049955991
 5  5  -0.0450794583  -0.0186107204   0.0034381509  -0.0072063738  -0.0001812848
 5  6  -0.0007998227  -0.0006444025   0.0014415455   0.0029069893  -0.0015454705
 5  7  -0.0001210720  -0.0034739229  -0.0009245543   0.0049714570   0.0039476682
 5  8   0.0025974388  -0.0041988640  -0.0148170610  -0.0052521477
 6  1  -0.0257955907  -0.0329436266  -0.0798544339   0.3434495903   0.0528079985
 6  2   0.4061181148  -0.0339029438   0.0138516872  -0.0821833471  -0.0192240454
 6  3   0.0224341852  -0.0223150597   0.0046613540  -0.0009054602  -0.0030466925
 6  4  -0.0077508479  -0.0140426338  -0.0094398339  -0.2613096411  -0.0475328596
 6  5  -0.2265192382  -0.0000430949  -0.0058128157   0.0059291076   0.0001163590
 6  6   0.0001419161  -0.0008924809  -0.0023087178  -0.0005238037   0.0035549144
 6  7   0.0002136431   0.0002618306   0.0001205076  -0.0028565499  -0.0000694639
 6  8   0.0037070376   0.0051163999   0.0122299373   0.0047031709
 7  1   0.0302731816   0.0331722443   0.0156795475  -0.1568629277   0.0899053212
 7  2  -0.0339029438   0.6085905554  -0.0809252823   0.2914718361  -0.3161937511
 7  3  -0.0625473696  -0.1591677905  -0.0027177854  -0.0414761514  -0.0212603803
 7  4  -0.0367056854   0.0070093213  -0.0184402635  -0.0608883301   0.0413924589
 7  5  -0.0361933306  -0.0688267464   0.0138940333  -0.0348676140   0.0001355128
 7  6  -0.0046789899  -0.0006830507   0.0001948459   0.0047806464  -0.0013254038
 7  7   0.0020876726  -0.0019876392  -0.0014099978   0.0000013276   0.0002412216
 7  8   0.0014155611   0.0007541119   0.0004295114  -0.0014189543
 8  1   0.0197338562  -0.0511264679  -0.0019794974   0.0753741806  -0.1957192242
 8  2   0.0138516872  -0.0809252823   0.3641536003   0.0168214337  -0.0544219383
 8  3  -0.1386770459  -0.0452687612  -0.0332022638   0.0083920158  -0.0213510201
 8  4   0.0159848366  -0.0012618604   0.0089241919   0.0185684778   0.0139412362
 8  5   0.0097572688   0.0408464036   0.0152368957   0.0238199230  -0.0017232956
 8  6   0.0029816451   0.0005819912   0.0032988885  -0.0040003213   0.0005342688
 8  7  -0.0002873926  -0.0058652048  -0.0022282704  -0.0006405978   0.0003564221
 8  8   0.0002404033  -0.0025290628  -0.0072391812  -0.0035219923
 9  1   0.0133845520   0.0060855601   0.0224915201  -0.0360556944   0.0217911003
 9  2  -0.0821833471   0.2914718361   0.0168214337   0.2240622891  -0.1566091151
 9  3  -0.0497571524  -0.1530643598  -0.0197044323  -0.0257610807   0.0046273394
 9  4  -0.0172233447   0.0038023591  -0.0099828582  -0.0413419240   0.0226190315
 9  5  -0.0005690667  -0.0333317382   0.0088576465  -0.0057087004   0.0023233937
 9  6  -0.0016654629  -0.0034292117  -0.0013070020   0.0012822713   0.0010448227
 9  7  -0.0010582569  -0.0031368726   0.0025915229   0.0012291207   0.0007074718
 9  8  -0.0015207395  -0.0019516063  -0.0018792334   0.0018091914
10  1  -0.0220990243  -0.0236527424  -0.0144705108  -0.0623064591   0.0347864276
10  2  -0.0192240454  -0.3161937511  -0.0544219383  -0.1566091151   0.6553769063
10  3  -0.0733067926   0.2565167978  -0.1133771013  -0.0123501374  -0.0272062807
10  4   0.0406480527   0.0174265826   0.0245547739   0.0139289221  -0.0034424116
10  5   0.0025860737  -0.1862150185   0.1326609377  -0.0704542179   0.0113225849
10  6  -0.0091065660   0.0096148094  -0.0176026817   0.0146905811   0.0067932191
10  7  -0.0026834016  -0.0244284381  -0.0056220065  -0.0014347782   0.0043938225
10  8  -0.0056750022   0.0004393430  -0.0036010767  -0.0006152227
11  1  -0.0349971565  -0.0190950333  -0.0225762321   0.0191078101   0.0375103194
11  2   0.0224341852  -0.0625473696  -0.1386770459  -0.0497571524  -0.0733067926
11  3   0.7173833978   0.0675541960  -0.0482502900  -0.2490772510  -0.0615977210
11  4   0.0426202890  -0.0477978826   0.0138138233   0.0097040975  -0.0093445382
11  5   0.0018691738   0.1180793494  -0.2732161132   0.0290689508   0.0260063950
11  6  -0.0272380150   0.0008966346  -0.0044142561   0.0111404526  -0.0040884507
11  7   0.0030010302   0.0032550525   0.0027548467   0.0038049634  -0.0011263521
11  8  -0.0005157573   0.0017212366  -0.0036648033   0.0001004217
12  1  -0.0169768938  -0.0152526692  -0.0175156210  -0.0209324676   0.0288380361
12  2  -0.0223150597  -0.1591677905  -0.0452687612  -0.1530643598   0.2565167978
12  3   0.0675541960   0.3375198923  -0.0331665042  -0.0426552155  -0.0971455300
12  4   0.0295058077  -0.0013236290   0.0196531704   0.0049607221  -0.0051444310
12  5   0.0096927115  -0.0525342567   0.0130485311  -0.0762739065   0.0086779410
12  6  -0.0045222798   0.0029774968  -0.0118433479   0.0199113262  -0.0061606131
12  7   0.0002268783  -0.0123918901  -0.0044413472  -0.0057907525   0.0000197041
12  8   0.0071534329   0.0005289336  -0.0028677470  -0.0000546220
13  1  -0.0462689560   0.0201919992  -0.0280267898  -0.0025886862   0.0147771305
13  2   0.0046613540  -0.0027177854  -0.0332022638  -0.0197044323  -0.1133771013
13  3  -0.0482502900  -0.0331665042   0.6606398260  -0.1081245833   0.2945734707
13  4  -0.2478739206   0.1828315891  -0.0735511647  -0.0011375339  -0.0035451053
13  5  -0.0006257941   0.0105431449   0.0319180015   0.0068578995  -0.0023203554
13  6   0.0041380266  -0.0028461509   0.0004346777   0.0006441524   0.0010992238
13  7  -0.2641575434  -0.0521389202  -0.1453174170   0.0087995402  -0.0058090833
13  8   0.0002021832  -0.0003173738  -0.0036920127  -0.0040540788
14  1   0.0345858600   0.0312536885   0.0234224521   0.0118893169  -0.0432974680
14  2  -0.0009054602  -0.0414761514   0.0083920158  -0.0257610807  -0.0123501374
14  3  -0.2490772510  -0.0426552155  -0.1081245833   0.6690868195   0.0579277858
14  4   0.1537790550  -0.2977036215   0.0338775926  -0.0087043686   0.0079883321
14  5  -0.0030138491   0.0046646370  -0.0484976103  -0.0126440999   0.0030009416
14  6  -0.0002294784   0.0013490360  -0.0026311800  -0.0000609241   0.0001192489
14  7  -0.0488316937  -0.0685988400  -0.0353714887   0.0194014052  -0.0125105025
14  8   0.0071249296  -0.0051300288   0.0035254043  -0.0033648274
15  1  -0.0257246906   0.0149261637  -0.0005140516   0.0037917978   0.0014806742
15  2  -0.0030466925  -0.0212603803  -0.0213510201   0.0046273394  -0.0272062807
15  3  -0.0615977210  -0.0971455300   0.2945734707   0.0579277858   0.2680451704
15  4  -0.0782147052   0.0499193698  -0.0880245462  -0.0017108436  -0.0003126294
15  5  -0.0023729073   0.0017770396   0.0037955546   0.0102341805  -0.0034117805
15  6   0.0013747322   0.0036369396   0.0016063298   0.0004924606  -0.0003481471
15  7  -0.1448848318  -0.0370060271  -0.1063158710   0.0052833591  -0.0072136024
15  8   0.0081757666  -0.0043941884  -0.0025939417   0.0026331405
16  1  -0.2835783829  -0.0139453623  -0.1405122678   0.0117298390  -0.0768191847
16  2  -0.0077508479  -0.0367056854   0.0159848366  -0.0172233447   0.0406480527
16  3   0.0426202890   0.0295058077  -0.2478739206   0.1537790550  -0.0782147052
16  4   0.6114068884  -0.1080402012   0.2470574454  -0.0045070495   0.0145686157
16  5  -0.0021877933  -0.0022731713  -0.0096907663  -0.0060730058   0.0011857276
16  6  -0.0001713281   0.0004325256  -0.0014869925   0.0000460799  -0.0000568535
16  7  -0.0127215631   0.0194568323  -0.0018583141  -0.0588385018  -0.0291519030
16  8  -0.0156773669  -0.0168937474  -0.0087468440  -0.0074383703
17  1  -0.0526109062  -0.1514324113  -0.0511453661  -0.0278049136   0.0056050381
17  2  -0.0140426338   0.0070093213  -0.0012618604   0.0038023591   0.0174265826
17  3  -0.0477978826  -0.0013236290   0.1828315891  -0.2977036215   0.0499193698
17  4  -0.1080402012   0.8226406341   0.0812865773  -0.0017497217  -0.0066346805
17  5  -0.0033357756  -0.0053612225  -0.0005291084  -0.0021502423   0.0011260582
17  6  -0.0010990922  -0.0005396758   0.0001093374   0.0001423875  -0.0001187166
17  7  -0.0090745737   0.0090898554  -0.0025822786  -0.0242787957  -0.3430872694
17  8  -0.0751502562   0.0202494227   0.0118117615   0.0153365631
18  1  -0.1484372502  -0.0294778305  -0.1272701763   0.0021593981  -0.0415935314
18  2  -0.0094398339  -0.0184402635   0.0089241919  -0.0099828582   0.0245547739
18  3   0.0138138233   0.0196531704  -0.0735511647   0.0338775926  -0.0880245462
18  4   0.2470574454   0.0812865773   0.2879173479  -0.0055182905   0.0058650102
18  5   0.0028540712  -0.0044407472  -0.0066224653  -0.0010492518   0.0000485940
18  6  -0.0006937856   0.0017318785   0.0002343681   0.0002793753  -0.0007158579
18  7  -0.0074202423   0.0132362383  -0.0042813797  -0.0147590316  -0.0776845235
18  8  -0.0634953106  -0.0013341902  -0.0010399895  -0.0081044845
19  1  -0.0178251111  -0.0340941857  -0.0293435395  -0.5141604528  -0.0742071150
19  2  -0.2613096411  -0.0608883301   0.0185684778  -0.0413419240   0.0139289221
19  3   0.0097040975   0.0049607221  -0.0011375339  -0.0087043686  -0.0017108436
19  4  -0.0045070495  -0.0017497217  -0.0055182905   0.5957412845   0.0916136099
19  5   0.3369985193  -0.0063760071   0.0018455706  -0.0016107562   0.0000796935
19  6  -0.0008983803  -0.0005497293   0.0002157114   0.0003020768   0.0003207971
19  7  -0.0000098855  -0.0003107776   0.0002926613  -0.0015705048  -0.0003281990
19  8  -0.0007684180  -0.0033901181  -0.0013288805  -0.0004425985
20  1  -0.0642338163  -0.0236586866  -0.0455664720  -0.0785436622  -0.1049955991
20  2  -0.0475328596   0.0413924589   0.0139412362   0.0226190315  -0.0034424116
20  3  -0.0093445382  -0.0051444310  -0.0035451053   0.0079883321  -0.0003126294
20  4   0.0145686157  -0.0066346805   0.0058650102   0.0916136099   0.1186074558
20  5   0.0671034410   0.0037984026   0.0003058625   0.0018084272  -0.0001657899
20  6   0.0001114122  -0.0000223139  -0.0000728908  -0.0007446913   0.0002573416
20  7  -0.0000431231   0.0009917794   0.0003425858  -0.0019079782  -0.0006290932
20  8  -0.0011509149   0.0005032180   0.0042984436   0.0017883918
21  1  -0.0354929825  -0.0286537355  -0.0045502685  -0.2622227742  -0.0450794583
21  2  -0.2265192382  -0.0361933306   0.0097572688  -0.0005690667   0.0025860737
21  3   0.0018691738   0.0096927115  -0.0006257941  -0.0030138491  -0.0023729073
21  4  -0.0021877933  -0.0033357756   0.0028540712   0.3369985193   0.0671034410
21  5   0.2280055431  -0.0023006931   0.0010297549  -0.0014721477  -0.0001120562
21  6  -0.0004207757  -0.0000951326   0.0005978711   0.0003132296  -0.0005874449
21  7   0.0003132327   0.0001507676  -0.0003554152  -0.0010993189  -0.0002505526
21  8  -0.0009981038  -0.0000344800   0.0008120103  -0.0029957829
22  1  -0.0012670905   0.0101116288   0.0018978944   0.0149716624  -0.0186107204
22  2  -0.0000430949  -0.0688267464   0.0408464036  -0.0333317382  -0.1862150185
22  3   0.1180793494  -0.0525342567   0.0105431449   0.0046646370   0.0017770396
22  4  -0.0022731713  -0.0053612225  -0.0044407472  -0.0063760071   0.0037984026
22  5  -0.0023006931   0.5595171732  -0.0112726480   0.3883083642  -0.0862721561
22  6  -0.1109116382  -0.0536056066  -0.2361834192  -0.0302962864  -0.2485756397
22  7   0.0002981318   0.0004278304   0.0011955367   0.0008563058  -0.0006678270
22  8   0.0007088129   0.0005879435  -0.0000960419   0.0007300001
23  1   0.0072356799  -0.0018227230   0.0040211278  -0.0104553291   0.0034381509
23  2  -0.0058128157   0.0138940333   0.0152368957   0.0088576465   0.1326609377
23  3  -0.2732161132   0.0130485311   0.0319180015  -0.0484976103   0.0037955546
23  4  -0.0096907663  -0.0005291084  -0.0066224653   0.0018455706   0.0003058625
23  5   0.0010297549  -0.0112726480   0.7966317577   0.0883787535  -0.1233806240
23  6  -0.4134116816  -0.0664645826  -0.0327254451  -0.0804069935  -0.0412250391
23  7  -0.0000764005   0.0013792344   0.0007271980   0.0008591457  -0.0009884120
23  8   0.0004803333  -0.0008966624   0.0011870693  -0.0001421637
24  1   0.0026468349   0.0036843499   0.0013895369  -0.0029705722  -0.0072063738
24  2   0.0059291076  -0.0348676140   0.0238199230  -0.0057087004  -0.0704542179
24  3   0.0290689508  -0.0762739065   0.0068578995  -0.0126440999   0.0102341805
24  4  -0.0060730058  -0.0021502423  -0.0010492518  -0.0016107562   0.0018084272
24  5  -0.0014721477   0.3883083642   0.0883787535   0.3198772815  -0.0578255577
24  6  -0.0839573062  -0.0412905418  -0.2258463870  -0.0411830690  -0.2110558390
24  7   0.0007359684   0.0003363337  -0.0004654076   0.0008605177  -0.0003337330
24  8  -0.0002298265   0.0003068453   0.0005771348  -0.0004210579
25  1   0.0001478176  -0.0005594446  -0.0001821052  -0.0007042720  -0.0001812848
25  2   0.0001163590   0.0001355128  -0.0017232956   0.0023233937   0.0113225849
25  3   0.0260063950   0.0086779410  -0.0023203554   0.0030009416  -0.0034117805
25  4   0.0011857276   0.0011260582   0.0000485940   0.0000796935  -0.0001657899
25  5  -0.0001120562  -0.0862721561  -0.1233806240  -0.0578255577   0.0808365625
25  6   0.1164631367   0.0472366140  -0.0037166886  -0.0209977248   0.0028372607
25  7  -0.0000705645   0.0000288167   0.0003215754  -0.0004007537   0.0001952836
25  8   0.0001310056  -0.0000562928  -0.0002008785   0.0000287039
26  1  -0.0006988697   0.0009104975  -0.0002372025   0.0017677402  -0.0007998227
26  2   0.0001419161  -0.0046789899   0.0029816451  -0.0016654629  -0.0091065660
26  3  -0.0272380150  -0.0045222798   0.0041380266  -0.0002294784   0.0013747322
26  4  -0.0001713281  -0.0010990922  -0.0006937856  -0.0008983803   0.0001114122
26  5  -0.0004207757  -0.1109116382  -0.4134116816  -0.0839573062   0.1164631367
26  6   0.4337261249   0.0847191402   0.0039297069   0.0050825720   0.0048629619
26  7  -0.0001211936   0.0002223279   0.0000844003   0.0002336852  -0.0001886858
26  8   0.0002519875   0.0000359177   0.0000027452   0.0001279085
27  1  -0.0008491201   0.0000599012  -0.0002734049   0.0013701367  -0.0006444025
27  2  -0.0008924809  -0.0006830507   0.0005819912  -0.0034292117   0.0096148094
27  3   0.0008966346   0.0029774968  -0.0028461509   0.0013490360   0.0036369396
27  4   0.0004325256  -0.0005396758   0.0017318785  -0.0005497293  -0.0000223139
27  5  -0.0000951326  -0.0536056066  -0.0664645826  -0.0412905418   0.0472366140
27  6   0.0847191402   0.0428033776  -0.0006299055  -0.0204209278  -0.0042373384
27  7   0.0002975452   0.0002929552  -0.0003845547   0.0002143842   0.0001338434
27  8  -0.0004452985   0.0000832815  -0.0001959051   0.0000079292
28  1   0.0009036468  -0.0002876743   0.0004444273  -0.0007755290   0.0014415455
28  2  -0.0023087178   0.0001948459   0.0032988885  -0.0013070020  -0.0176026817
28  3  -0.0044142561  -0.0118433479   0.0004346777  -0.0026311800   0.0016063298
28  4  -0.0014869925   0.0001093374   0.0002343681   0.0002157114  -0.0000728908
28  5   0.0005978711  -0.2361834192  -0.0327254451  -0.2258463870  -0.0037166886
28  6   0.0039297069  -0.0006299055   0.2579709142   0.0310526883   0.2394329781
28  7   0.0005875225   0.0001395635  -0.0004549706   0.0000970607  -0.0000355344
28  8  -0.0001042084  -0.0000843366   0.0002328441  -0.0000551354
29  1  -0.0005071143  -0.0009387272  -0.0004636189   0.0006250831   0.0029069893
29  2  -0.0005238037   0.0047806464  -0.0040003213   0.0012822713   0.0146905811
29  3   0.0111404526   0.0199113262   0.0006441524  -0.0000609241   0.0004924606
29  4   0.0000460799   0.0001423875   0.0002793753   0.0003020768  -0.0007446913
29  5   0.0003132296  -0.0302962864  -0.0804069935  -0.0411830690  -0.0209977248
29  6   0.0050825720  -0.0204209278   0.0310526883   0.0684635063   0.0408081578
29  7  -0.0003042384  -0.0012810529  -0.0005147031  -0.0000843221   0.0000059947
29  8  -0.0000171337  -0.0000951920  -0.0000265155  -0.0000596444
30  1   0.0002075346   0.0004513589   0.0001046905  -0.0008172194  -0.0015454705
30  2   0.0035549144  -0.0013254038   0.0005342688   0.0010448227   0.0067932191
30  3  -0.0040884507  -0.0061606131   0.0010992238   0.0001192489  -0.0003481471
30  4  -0.0000568535  -0.0001187166  -0.0007158579   0.0003207971   0.0002573416
30  5  -0.0005874449  -0.2485756397  -0.0412250391  -0.2110558390   0.0028372607
30  6   0.0048629619  -0.0042373384   0.2394329781   0.0408081578   0.2181702817
30  7  -0.0001815640   0.0000311793   0.0006273918   0.0000192461  -0.0000500167
30  8   0.0000559578   0.0000635306   0.0000717063  -0.0000744574
31  1   0.0017022580   0.0046900545  -0.0028272924   0.0003831728  -0.0001210720
31  2   0.0002136431   0.0020876726  -0.0002873926  -0.0010582569  -0.0026834016
31  3   0.0030010302   0.0002268783  -0.2641575434  -0.0488316937  -0.1448848318
31  4  -0.0127215631  -0.0090745737  -0.0074202423  -0.0000098855  -0.0000431231
31  5   0.0003132327   0.0002981318  -0.0000764005   0.0007359684  -0.0000705645
31  6  -0.0001211936   0.0002975452   0.0005875225  -0.0003042384  -0.0001815640
31  7   0.2753105955   0.0521521364   0.1534252561  -0.0005465876  -0.0004592874
31  8   0.0022413754   0.0001073175  -0.0004455555  -0.0011123472
32  1   0.0046765131  -0.0029223421   0.0002824397   0.0016784781  -0.0034739229
32  2   0.0002618306  -0.0019876392  -0.0058652048  -0.0031368726  -0.0244284381
32  3   0.0032550525  -0.0123918901  -0.0521389202  -0.0685988400  -0.0370060271
32  4   0.0194568323   0.0090898554   0.0132362383  -0.0003107776   0.0009917794
32  5   0.0001507676   0.0004278304   0.0013792344   0.0003363337   0.0000288167
32  6   0.0002223279   0.0002929552   0.0001395635  -0.0012810529   0.0000311793
32  7   0.0521521364   0.0660107911   0.0369751014  -0.0009268885   0.0006486981
32  8   0.0005969196   0.0010268314   0.0006511984   0.0003384435
33  1  -0.0028219257   0.0004349435   0.0071178124   0.0005714545  -0.0009245543
33  2   0.0001205076  -0.0014099978  -0.0022282704   0.0025915229  -0.0056220065
33  3   0.0027548467  -0.0044413472  -0.1453174170  -0.0353714887  -0.1063158710
33  4  -0.0018583141  -0.0025822786  -0.0042813797   0.0002926613   0.0003425858
33  5  -0.0003554152   0.0011955367   0.0007271980  -0.0004654076   0.0003215754
33  6   0.0000844003  -0.0003845547  -0.0004549706  -0.0005147031   0.0006273918
33  7   0.1534252561   0.0369751014   0.1082314491   0.0021649220   0.0008911431
33  8  -0.0034377223  -0.0008392144  -0.0005023734   0.0013696260
34  1  -0.0029924700  -0.0330884591  -0.0106434376  -0.0015630462   0.0049714570
34  2  -0.0028565499   0.0000013276  -0.0006405978   0.0012291207  -0.0014347782
34  3   0.0038049634  -0.0057907525   0.0087995402   0.0194014052   0.0052833591
34  4  -0.0588385018  -0.0242787957  -0.0147590316  -0.0015705048  -0.0019079782
34  5  -0.0010993189   0.0008563058   0.0008591457   0.0008605177  -0.0004007537
34  6   0.0002336852   0.0002143842   0.0000970607  -0.0000843221   0.0000192461
34  7  -0.0005465876  -0.0009268885   0.0021649220   0.0575320379   0.0320474457
34  8   0.0239195483   0.0001729803  -0.0005434552   0.0015222584
35  1  -0.0003050634  -0.0032658908  -0.0016290596   0.0003632797   0.0039476682
35  2  -0.0000694639   0.0002412216   0.0003564221   0.0007074718   0.0043938225
35  3  -0.0011263521   0.0000197041  -0.0058090833  -0.0125105025  -0.0072136024
35  4  -0.0291519030  -0.3430872694  -0.0776845235  -0.0003281990  -0.0006290932
35  5  -0.0002505526  -0.0006678270  -0.0009884120  -0.0003337330   0.0001952836
35  6  -0.0001886858   0.0001338434  -0.0000355344   0.0000059947  -0.0000500167
35  7  -0.0004592874   0.0006486981   0.0008911431   0.0320474457   0.3564228073
35  8   0.0851012448  -0.0004217579   0.0004999450   0.0004259540
36  1  -0.0040611613  -0.0202358334  -0.0025789576  -0.0038089800   0.0025974388
36  2   0.0037070376   0.0014155611   0.0002404033  -0.0015207395  -0.0056750022
36  3  -0.0005157573   0.0071534329   0.0002021832   0.0071249296   0.0081757666
36  4  -0.0156773669  -0.0751502562  -0.0634953106  -0.0007684180  -0.0011509149
36  5  -0.0009981038   0.0007088129   0.0004803333  -0.0002298265   0.0001310056
36  6   0.0002519875  -0.0004452985  -0.0001042084  -0.0000171337   0.0000559578
36  7   0.0022413754   0.0005969196  -0.0034377223   0.0239195483   0.0851012448
36  8   0.0556232683   0.0015663365   0.0003672936  -0.0017696148
37  1  -0.2168084091   0.1871368497  -0.0801996185   0.0098800162  -0.0041988640
37  2   0.0051163999   0.0007541119  -0.0025290628  -0.0019516063   0.0004393430
37  3   0.0017212366   0.0005289336  -0.0003173738  -0.0051300288  -0.0043941884
37  4  -0.0168937474   0.0202494227  -0.0013341902  -0.0033901181   0.0005032180
37  5  -0.0000344800   0.0005879435  -0.0008966624   0.0003068453  -0.0000562928
37  6   0.0000359177   0.0000832815  -0.0000843366  -0.0000951920   0.0000635306
37  7   0.0001073175   0.0010268314  -0.0008392144   0.0001729803  -0.0004217579
37  8   0.0015663365   0.2261228316  -0.1970995613   0.0812063630
38  1   0.1884083222  -0.2521020371   0.0525284894   0.0268578749  -0.0148170610
38  2   0.0122299373   0.0004295114  -0.0072391812  -0.0018792334  -0.0036010767
38  3  -0.0036648033  -0.0028677470  -0.0036920127   0.0035254043  -0.0025939417
38  4  -0.0087468440   0.0118117615  -0.0010399895  -0.0013288805   0.0042984436
38  5   0.0008120103  -0.0000960419   0.0011870693   0.0005771348  -0.0002008785
38  6   0.0000027452  -0.0001959051   0.0002328441  -0.0000265155   0.0000717063
38  7  -0.0004455555   0.0006511984  -0.0005023734  -0.0005434552   0.0004999450
38  8   0.0003672936  -0.1970995613   0.2565498677  -0.0575407093
39  1  -0.0800734532   0.0519392689  -0.0457564875   0.0115417932  -0.0052521477
39  2   0.0047031709  -0.0014189543  -0.0035219923   0.0018091914  -0.0006152227
39  3   0.0001004217  -0.0000546220  -0.0040540788  -0.0033648274   0.0026331405
39  4  -0.0074383703   0.0153365631  -0.0081044845  -0.0004425985   0.0017883918
39  5  -0.0029957829   0.0007300001  -0.0001421637  -0.0004210579   0.0000287039
39  6   0.0001279085   0.0000079292  -0.0000551354  -0.0000596444  -0.0000744574
39  7  -0.0011123472   0.0003384435   0.0013696260   0.0015222584   0.0004259540
39  8  -0.0017696148   0.0812063630  -0.0575407093   0.0488451571
$hessian (projected)
 1  1   0.6759487706  -0.1382276627   0.3240172157  -0.1192037228   0.0370176215
 1  2  -0.0260091208   0.0304997437   0.0194357200   0.0134696704  -0.0216381450
 1  3  -0.0347679578  -0.0171868603  -0.0465791903   0.0344059311  -0.0255144083
 1  4  -0.2834161806  -0.0523777420  -0.1482523966  -0.0175312990  -0.0646421605
 1  5  -0.0354712115  -0.0009323869   0.0072574280   0.0026754616   0.0000166365
 1  6  -0.0007624332  -0.0010200606   0.0009488207  -0.0004118766   0.0001479243
 1  7   0.0016301598   0.0047277444  -0.0028104769  -0.0031211699  -0.0003201062
 1  8  -0.0040383764  -0.2166220369   0.1886654939  -0.0800073605
 2  1  -0.1382276627   0.6618397844   0.0493653713  -0.0123391846  -0.1881201721
 2  2  -0.0329336686   0.0334366786  -0.0512944076   0.0060561903  -0.0232794227
 2  3  -0.0188402201  -0.0155950692   0.0200800020   0.0312782211   0.0150010777
 2  4  -0.0139081665  -0.1512504569  -0.0292916930  -0.0341782105  -0.0238736659
 2  5  -0.0282935378   0.0104301230  -0.0014871041   0.0031904188  -0.0005653627
 2  6   0.0008638424  -0.0000347906  -0.0002047825  -0.0009078222   0.0003411622
 2  7   0.0046675694  -0.0029073904   0.0003780942  -0.0331390070  -0.0032576353
 2  8  -0.0201531264   0.1872274262  -0.2520429734   0.0519695710
 3  1   0.3240172157   0.0493653713   0.2476740914  -0.0360858072  -0.0055298917
 3  2  -0.0798547212   0.0155905928  -0.0018223403   0.0224900115  -0.0146207780
 3  3  -0.0230831112  -0.0179788941  -0.0276083957   0.0235552465  -0.0004911725
 3  4  -0.1402328393  -0.0516083945  -0.1273291816  -0.0297156913  -0.0451930837
 3  5  -0.0036234574   0.0020479215   0.0039637938   0.0007949204  -0.0003103581
 3  6  -0.0003718978  -0.0002766493   0.0004527693  -0.0004298591  -0.0000476713
 3  7  -0.0027846067   0.0002765286   0.0069624690  -0.0105471488  -0.0014964207
 3  8  -0.0025407630  -0.0802028743   0.0523740589  -0.0457789821
 4  1  -0.1192037228  -0.0123391846  -0.0360858072   0.8217127903  -0.0082880533
 4  2   0.3437843300  -0.1569941990   0.0752182162  -0.0361319136  -0.0624023443
 4  3   0.0190994098  -0.0207082770  -0.0024694516   0.0118104211   0.0034421552
 4  4   0.0117774667  -0.0276888400   0.0020861605  -0.5143783490  -0.0786301633
 4  5  -0.2624822601   0.0151036552  -0.0105635723  -0.0031228029  -0.0007563824
 4  6   0.0017435651   0.0013853190  -0.0010315621   0.0006454891  -0.0005784675
 4  7   0.0003337930   0.0017297092   0.0007235443  -0.0015396166   0.0003745428
 4  8  -0.0038506243   0.0098479226   0.0268884603   0.0115386436
 5  1   0.0370176215  -0.1881201721  -0.0055298917  -0.0082880533   0.4974304789
 5  2   0.0525660149   0.0897401692  -0.1958340095   0.0219551814   0.0346923446
 5  3   0.0375477174   0.0289102463   0.0146162612  -0.0433987205   0.0017144437
 5  4  -0.0763943645   0.0058107700  -0.0417097968  -0.0740576112  -0.1045637838
 5  5  -0.0454345817  -0.0191843363   0.0032864870  -0.0067225454  -0.0003385663
 5  6  -0.0009224773  -0.0006528854   0.0013730058   0.0029234434  -0.0015064120
 5  7  -0.0001645597  -0.0034703227  -0.0009278844   0.0049900984   0.0040113457
 5  8   0.0026432152  -0.0040020096  -0.0147007565  -0.0053051040
 6  1  -0.0260091208  -0.0329336686  -0.0798547212   0.3437843300   0.0525660149
 6  2   0.4048043171  -0.0335164992   0.0140284549  -0.0821377189  -0.0193398953
 6  3   0.0224109068  -0.0222135309   0.0038473635  -0.0006860240  -0.0018036198
 6  4  -0.0083983215  -0.0141851095  -0.0092592446  -0.2601746800  -0.0476935344
 6  5  -0.2277459477  -0.0005668710  -0.0054577692   0.0074789460   0.0001379992
 6  6   0.0001877819  -0.0008711123  -0.0019996045  -0.0005023746   0.0032471813
 6  7   0.0001668921   0.0002309073  -0.0000295398  -0.0029929959  -0.0001013923
 6  8   0.0037444556   0.0050614034   0.0121358067   0.0046405351
 7  1   0.0304997437   0.0334366786   0.0155905928  -0.1569941990   0.0897401692
 7  2  -0.0335164992   0.6087982118  -0.0807178920   0.2911695780  -0.3163010171
 7  3  -0.0625825958  -0.1588828745  -0.0024165876  -0.0412315301  -0.0214350444
 7  4  -0.0370931755   0.0069850556  -0.0181822162  -0.0609681266   0.0414323378
 7  5  -0.0365519859  -0.0682782491   0.0142367810  -0.0353008639   0.0002330377
 7  6  -0.0046196952  -0.0005967519  -0.0000762772   0.0047780361  -0.0010837629
 7  7   0.0020509336  -0.0019343438  -0.0012191592   0.0000523868   0.0002525905
 7  8   0.0014149688   0.0004933185   0.0002244082  -0.0014059814
 8  1   0.0194357200  -0.0512944076  -0.0018223403   0.0752182162  -0.1958340095
 8  2   0.0140284549  -0.0807178920   0.3638001840   0.0168222369  -0.0542460755
 8  3  -0.1387027590  -0.0454392871  -0.0331461925   0.0084411010  -0.0215337847
 8  4   0.0158530772  -0.0013363861   0.0088527597   0.0182781297   0.0132860874
 8  5   0.0101044940   0.0412235283   0.0155046043   0.0233742971  -0.0016813613
 8  6   0.0029405916   0.0005873333   0.0032803015  -0.0039936683   0.0005264126
 8  7  -0.0003016453  -0.0058487747  -0.0022530178  -0.0006366155   0.0003769664
 8  8   0.0002858915  -0.0025591908  -0.0073395297  -0.0035334502
 9  1   0.0134696704   0.0060561903   0.0224900115  -0.0361319136   0.0219551814
 9  2  -0.0821377189   0.2911695780   0.0168222369   0.2245762629  -0.1564092084
 9  3  -0.0496405077  -0.1533997062  -0.0194993246  -0.0259461028   0.0042258617
 9  4  -0.0166992571   0.0040549912  -0.0105574478  -0.0417985723   0.0228792728
 9  5   0.0006598528  -0.0337636950   0.0085666273  -0.0055554402   0.0023668361
 9  6  -0.0015760917  -0.0034915595  -0.0009661618   0.0012351235   0.0006801166
 9  7  -0.0009702337  -0.0031913063   0.0023331142   0.0012030499   0.0005812920
 9  8  -0.0016510971  -0.0019707680  -0.0017969069   0.0018277500
10  1  -0.0216381450  -0.0232794227  -0.0146207780  -0.0624023443   0.0346923446
10  2  -0.0193398953  -0.3163010171  -0.0542460755  -0.1564092084   0.6552502985
10  3  -0.0735544508   0.2565261992  -0.1130633951  -0.0122604100  -0.0273598920
10  4   0.0408047679   0.0173588898   0.0241905037   0.0138263298  -0.0030974697
10  5   0.0028182255  -0.1864369980   0.1325947221  -0.0702440851   0.0113468310
10  6  -0.0090722355   0.0096868369  -0.0176212896   0.0146629376   0.0067467056
10  7  -0.0026712776  -0.0244344415  -0.0056490543  -0.0013811830   0.0043880506
10  8  -0.0057216149   0.0002874225  -0.0037524390  -0.0006239430
11  1  -0.0347679578  -0.0188402201  -0.0230831112   0.0190994098   0.0375477174
11  2   0.0224109068  -0.0625825958  -0.1387027590  -0.0496405077  -0.0735544508
11  3   0.7172528677   0.0679274025  -0.0481537962  -0.2490812212  -0.0615751219
11  4   0.0425320310  -0.0478077604   0.0136189233   0.0097449940  -0.0091722785
11  5   0.0014264933   0.1176002291  -0.2732470616   0.0296114350   0.0261264876
11  6  -0.0271793333   0.0010450380  -0.0044648432   0.0110487504  -0.0040322342
11  7   0.0030032551   0.0032194609   0.0027829120   0.0038683591  -0.0011688128
11  8  -0.0005279270   0.0015488782  -0.0038693496   0.0000357912
12  1  -0.0171868603  -0.0155950692  -0.0179788941  -0.0207082770   0.0289102463
12  2  -0.0222135309  -0.1588828745  -0.0454392871  -0.1533997062   0.2565261992
12  3   0.0679274025   0.3380570152  -0.0335624957  -0.0427113441  -0.0968847009
12  4   0.0290681403  -0.0010566753   0.0201015224   0.0054915541  -0.0055512771
12  5   0.0083598962  -0.0522844304   0.0132131359  -0.0758455674   0.0087084132
12  6  -0.0044804018   0.0029763557  -0.0119793111   0.0199340511  -0.0059341637
12  7   0.0001597585  -0.0123480162  -0.0042730988  -0.0058634987  -0.0000341802
12  8   0.0071267256   0.0005136825  -0.0027685848  -0.0000918531
13  1  -0.0465791903   0.0200800020  -0.0276083957  -0.0024694516   0.0146162612
13  2   0.0038473635  -0.0024165876  -0.0331461925  -0.0194993246  -0.1130633951
13  3  -0.0481537962  -0.0335624957   0.6602292734  -0.1079401648   0.2950642111
13  4  -0.2480953154   0.1828781115  -0.0736200117  -0.0007257534  -0.0038743947
13  5  -0.0004973296   0.0105845927   0.0323044001   0.0073020385  -0.0023336847
13  6   0.0041614661  -0.0029407316   0.0007153567   0.0007093271   0.0007689359
13  7  -0.2641940156  -0.0521273647  -0.1454712288   0.0086605054  -0.0058362746
13  8   0.0002282931  -0.0003123345  -0.0036713805  -0.0040113244
14  1   0.0344059311   0.0312782211   0.0235552465   0.0118104211  -0.0433987205
14  2  -0.0006860240  -0.0412315301   0.0084411010  -0.0259461028  -0.0122604100
14  3  -0.2490812212  -0.0427113441  -0.1079401648   0.6690869590   0.0578345250
14  4   0.1533878011  -0.2977888910   0.0340993917  -0.0089332382   0.0079670512
14  5  -0.0028306881   0.0048563427  -0.0482527347  -0.0131895162   0.0032570813
14  6  -0.0000948205   0.0014056529  -0.0025538058  -0.0001651082   0.0000298234
14  7  -0.0488018078  -0.0686453724  -0.0353821767   0.0194173911  -0.0126155437
14  8   0.0071572423  -0.0054140118   0.0032690801  -0.0033360299
15  1  -0.0255144083   0.0150010777  -0.0004911725   0.0034421552   0.0017144437
15  2  -0.0018036198  -0.0214350444  -0.0215337847   0.0042258617  -0.0273598920
15  3  -0.0615751219  -0.0968847009   0.2950642111   0.0578345250   0.2673754475
15  4  -0.0780307653   0.0499685470  -0.0876753160  -0.0024176893  -0.0002878974
15  5  -0.0022240424   0.0025045708   0.0036632387   0.0090389277  -0.0035210677
15  6   0.0012603075   0.0036382409   0.0011350726   0.0005327873   0.0001082864
15  7  -0.1449039337  -0.0369269420  -0.1060854073   0.0054007594  -0.0071166205
15  8   0.0081586767  -0.0043639683  -0.0025345603   0.0026188179
16  1  -0.2834161806  -0.0139081665  -0.1402328393   0.0117774667  -0.0763943645
16  2  -0.0083983215  -0.0370931755   0.0158530772  -0.0166992571   0.0408047679
16  3   0.0425320310   0.0290681403  -0.2480953154   0.1533878011  -0.0780307653
16  4   0.6121753657  -0.1078694305   0.2466358165  -0.0044679034   0.0150742571
16  5  -0.0016178554  -0.0031046451  -0.0102643917  -0.0054862159   0.0009720132
16  6  -0.0002544808   0.0002800965  -0.0012548290   0.0000757756  -0.0003728088
16  7  -0.0127366420   0.0194261080  -0.0020446292  -0.0589156062  -0.0291810902
16  8  -0.0157018696  -0.0166453161  -0.0084771257  -0.0073994912
17  1  -0.0523777420  -0.1512504569  -0.0516083945  -0.0276888400   0.0058107700
17  2  -0.0141851095   0.0069850556  -0.0013363861   0.0040549912   0.0173588898
17  3  -0.0478077604  -0.0010566753   0.1828781115  -0.2977888910   0.0499685470
17  4  -0.1078694305   0.8227798163   0.0810038929  -0.0015891918  -0.0064142243
17  5  -0.0036339315  -0.0059179578  -0.0006396419  -0.0014597506   0.0012035393
17  6  -0.0010534616  -0.0004478666   0.0001492250   0.0000662089  -0.0001427697
17  7  -0.0090678554   0.0090510722  -0.0026047276  -0.0242469295  -0.3431452325
17  8  -0.0751720464   0.0201831258   0.0117281873   0.0152838404
18  1  -0.1482523966  -0.0292916930  -0.1273291816   0.0020861605  -0.0417097968
18  2  -0.0092592446  -0.0181822162   0.0088527597  -0.0105574478   0.0241905037
18  3   0.0136189233   0.0201015224  -0.0736200117   0.0340993917  -0.0876753160
18  4   0.2466358165   0.0810038929   0.2884668337  -0.0051616698   0.0056046444
18  5   0.0015706702  -0.0038758069  -0.0063744127  -0.0011572759  -0.0000950938
18  6  -0.0008539334   0.0018078706  -0.0002035978   0.0003668688  -0.0002958991
18  7  -0.0075084641   0.0133230671  -0.0040520018  -0.0146930060  -0.0775067947
18  8  -0.0634238443  -0.0013202178  -0.0011329174  -0.0081966859
19  1  -0.0175312990  -0.0341782105  -0.0297156913  -0.5143783490  -0.0740576112
19  2  -0.2601746800  -0.0609681266   0.0182781297  -0.0417985723   0.0138263298
19  3   0.0097449940   0.0054915541  -0.0007257534  -0.0089332382  -0.0024176893
19  4  -0.0044679034  -0.0015891918  -0.0051616698   0.5953006774   0.0915028280
19  5   0.3364553496  -0.0056620556   0.0016416561  -0.0025382777   0.0000272217
19  6  -0.0009475534  -0.0005274789  -0.0003862285   0.0003232504   0.0009264531
19  7  -0.0000906026  -0.0002122416   0.0006869771  -0.0014886914  -0.0003001274
19  8  -0.0008017267  -0.0034552194  -0.0012726841  -0.0004245480
20  1  -0.0646421605  -0.0238736659  -0.0451930837  -0.0786301633  -0.1045637838
20  2  -0.0476935344   0.0414323378   0.0132860874   0.0228792728  -0.0030974697
20  3  -0.0091722785  -0.0055512771  -0.0038743947   0.0079670512  -0.0002878974
20  4   0.0150742571  -0.0064142243   0.0056046444   0.0915028280   0.1178786373
20  5   0.0674738136   0.0039789640   0.0004530809   0.0017249276  -0.0004843610
20  6  -0.0001701285  -0.0001726733  -0.0001230416  -0.0005891072   0.0002582072
20  7  -0.0001251341   0.0010710931   0.0002691851  -0.0019635566  -0.0004656735
20  8  -0.0010636926   0.0009518945   0.0045929119   0.0017521078
21  1  -0.0354712115  -0.0282935378  -0.0036234574  -0.2624822601  -0.0454345817
21  2  -0.2277459477  -0.0365519859   0.0101044940   0.0006598528   0.0028182255
21  3   0.0014264933   0.0083598962  -0.0004973296  -0.0028306881  -0.0022240424
21  4  -0.0016178554  -0.0036339315   0.0015706702   0.3364553496   0.0674738136
21  5   0.2309045260  -0.0033660893   0.0009587887  -0.0007709034  -0.0000694773
21  6  -0.0003328865  -0.0001729910   0.0015796892   0.0002698749  -0.0017556282
21  7   0.0004925746   0.0000038219  -0.0011412261  -0.0011673166  -0.0003451504
21  8  -0.0010934624  -0.0001223132   0.0006334894  -0.0029672866
22  1  -0.0009323869   0.0104301230   0.0020479215   0.0151036552  -0.0191843363
22  2  -0.0005668710  -0.0682782491   0.0412235283  -0.0337636950  -0.1864369980
22  3   0.1176002291  -0.0522844304   0.0105845927   0.0048563427   0.0025045708
22  4  -0.0031046451  -0.0059179578  -0.0038758069  -0.0056620556   0.0039789640
22  5  -0.0033660893   0.5597153158  -0.0109744591   0.3885379424  -0.0860605603
22  6  -0.1107916837  -0.0534624611  -0.2362318544  -0.0303673249  -0.2485841215
22  7   0.0002656446   0.0003986361   0.0012941863   0.0008746867  -0.0007063726
22  8   0.0007840530   0.0001628543  -0.0005456888   0.0007348011
23  1   0.0072574280  -0.0014871041   0.0039637938  -0.0105635723   0.0032864870
23  2  -0.0054577692   0.0142367810   0.0155046043   0.0085666273   0.1325947221
23  3  -0.2732470616   0.0132131359   0.0323044001  -0.0482527347   0.0036632387
23  4  -0.0102643917  -0.0006396419  -0.0063744127   0.0016416561   0.0004530809
23  5   0.0009587887  -0.0109744591   0.7971192145   0.0878251207  -0.1230461793
23  6  -0.4132393112  -0.0663066714  -0.0327577164  -0.0805343101  -0.0412035904
23  7  -0.0000406318   0.0013425852   0.0007808017   0.0009374035  -0.0010692854
23  8   0.0005151675  -0.0013254402   0.0007634772  -0.0001442306
24  1   0.0026754616   0.0031904188   0.0007949204  -0.0031228029  -0.0067225454
24  2   0.0074789460  -0.0353008639   0.0233742971  -0.0055554402  -0.0702440851
24  3   0.0296114350  -0.0758455674   0.0073020385  -0.0131895162   0.0090389277
24  4  -0.0054862159  -0.0014597506  -0.0011572759  -0.0025382777   0.0017249276
24  5  -0.0007709034   0.3885379424   0.0878251207   0.3192603584  -0.0577799500
24  6  -0.0838711314  -0.0413496959  -0.2260331224  -0.0412332751  -0.2107678354
24  7   0.0007731296   0.0003631006  -0.0003198950   0.0008844613  -0.0004936842
24  8  -0.0004196354   0.0003322845   0.0008806031  -0.0003869041
25  1   0.0000166365  -0.0005653627  -0.0003103581  -0.0007563824  -0.0003385663
25  2   0.0001379992   0.0002330377  -0.0016813613   0.0023668361   0.0113468310
25  3   0.0261264876   0.0087084132  -0.0023336847   0.0032570813  -0.0035210677
25  4   0.0009720132   0.0012035393  -0.0000950938   0.0000272217  -0.0004843610
25  5  -0.0000694773  -0.0860605603  -0.1230461793  -0.0577799500   0.0808775916
25  6   0.1164928455   0.0472668170  -0.0037182435  -0.0209728999   0.0028497612
25  7  -0.0000746585   0.0000578319   0.0003189879  -0.0004116087   0.0002071196
25  8   0.0001110539  -0.0001181937  -0.0002561748   0.0000160784
26  1  -0.0007624332   0.0008638424  -0.0003718978   0.0017435651  -0.0009224773
26  2   0.0001877819  -0.0046196952   0.0029405916  -0.0015760917  -0.0090722355
26  3  -0.0271793333  -0.0044804018   0.0041614661  -0.0000948205   0.0012603075
26  4  -0.0002544808  -0.0010534616  -0.0008539334  -0.0009475534  -0.0001701285
26  5  -0.0003328865  -0.1107916837  -0.4132393112  -0.0838711314   0.1164928455
26  6   0.4337428190   0.0847464377   0.0039344755   0.0050931673   0.0048716218
26  7  -0.0001189152   0.0002378616   0.0000752038   0.0002321842  -0.0001854452
26  8   0.0002313644   0.0000024605  -0.0000333041   0.0001136255
27  1  -0.0010200606  -0.0000347906  -0.0002766493   0.0013853190  -0.0006528854
27  2  -0.0008711123  -0.0005967519   0.0005873333  -0.0034915595   0.0096868369
27  3   0.0010450380   0.0029763557  -0.0029407316   0.0014056529   0.0036382409
27  4   0.0002800965  -0.0004478666   0.0018078706  -0.0005274789  -0.0001726733
27  5  -0.0001729910  -0.0534624611  -0.0663066714  -0.0413496959   0.0472668170
27  6   0.0847464377   0.0427861214  -0.0006109951  -0.0204105615  -0.0042402202
27  7   0.0002896165   0.0003044185  -0.0003754300   0.0001833913   0.0001153152
27  8  -0.0004478468   0.0000664020  -0.0001787468   0.0000169163
28  1   0.0009488207  -0.0002047825   0.0004527693  -0.0010315621   0.0013730058
28  2  -0.0019996045  -0.0000762772   0.0032803015  -0.0009661618  -0.0176212896
28  3  -0.0044648432  -0.0119793111   0.0007153567  -0.0025538058   0.0011350726
28  4  -0.0012548290   0.0001492250  -0.0002035978  -0.0003862285  -0.0001230416
28  5   0.0015796892  -0.2362318544  -0.0327577164  -0.2260331224  -0.0037182435
28  6   0.0039344755  -0.0006109951   0.2580037363   0.0310497902   0.2393718611
28  7   0.0006286061   0.0001419856  -0.0005360792   0.0001370899  -0.0000282069
28  8  -0.0001606642  -0.0001133255   0.0002036128  -0.0000498562
29  1  -0.0004118766  -0.0009078222  -0.0004298591   0.0006454891   0.0029234434
29  2  -0.0005023746   0.0047780361  -0.0039936683   0.0012351235   0.0146629376
29  3   0.0110487504   0.0199340511   0.0007093271  -0.0001651082   0.0005327873
29  4   0.0000757756   0.0000662089   0.0003668688   0.0003232504  -0.0005891072
29  5   0.0002698749  -0.0303673249  -0.0805343101  -0.0412332751  -0.0209728999
29  6   0.0050931673  -0.0204105615   0.0310497902   0.0684332446   0.0408052884
29  7  -0.0002967318  -0.0013013341  -0.0005055582  -0.0000681084  -0.0000130120
29  8  -0.0000079553  -0.0001276644  -0.0000604524  -0.0000544103
30  1   0.0001479243   0.0003411622  -0.0000476713  -0.0005784675  -0.0015064120
30  2   0.0032471813  -0.0010837629   0.0005264126   0.0006801166   0.0067467056
30  3  -0.0040322342  -0.0059341637   0.0007689359   0.0000298234   0.0001082864
30  4  -0.0003728088  -0.0001427697  -0.0002958991   0.0009264531   0.0002582072
30  5  -0.0017556282  -0.2485841215  -0.0412035904  -0.2107678354   0.0028497612
30  6   0.0048716218  -0.0042402202   0.2393718611   0.0408052884   0.2182656322
30  7  -0.0002320460   0.0000315077   0.0007317322  -0.0000243080  -0.0000693049
30  8   0.0000981933   0.0000638734   0.0000902879  -0.0000897242
31  1   0.0016301598   0.0046675694  -0.0027846067   0.0003337930  -0.0001645597
31  2   0.0001668921   0.0020509336  -0.0003016453  -0.0009702337  -0.0026712776
31  3   0.0030032551   0.0001597585  -0.2641940156  -0.0488018078  -0.1449039337
31  4  -0.0127366420  -0.0090678554  -0.0075084641  -0.0000906026  -0.0001251341
31  5   0.0004925746   0.0002656446  -0.0000406318   0.0007731296  -0.0000746585
31  6  -0.0001189152   0.0002896165   0.0006286061  -0.0002967318  -0.0002320460
31  7   0.2753117613   0.0521532118   0.1533908258  -0.0005598315  -0.0004614699
31  8   0.0022345488   0.0001061294  -0.0004452855  -0.0011080618
32  1   0.0047277444  -0.0029073904   0.0002765286   0.0017297092  -0.0034703227
32  2   0.0002309073  -0.0019343438  -0.0058487747  -0.0031913063  -0.0244344415
32  3   0.0032194609  -0.0123480162  -0.0521273647  -0.0686453724  -0.0369269420
32  4   0.0194261080   0.0090510722   0.0133230671  -0.0002122416   0.0010710931
32  5   0.0000038219   0.0003986361   0.0013425852   0.0003631006   0.0000578319
32  6   0.0002378616   0.0003044185   0.0001419856  -0.0013013341   0.0000315077
32  7   0.0521532118   0.0659983441   0.0369875322  -0.0009224780   0.0006319727
32  8   0.0006062923   0.0009956428   0.0006208044   0.0003390883
33  1  -0.0028104769   0.0003780942   0.0069624690   0.0007235443  -0.0009278844
33  2  -0.0000295398  -0.0012191592  -0.0022530178   0.0023331142  -0.0056490543
33  3   0.0027829120  -0.0042730988  -0.1454712288  -0.0353821767  -0.1060854073
33  4  -0.0020446292  -0.0026047276  -0.0040520018   0.0006869771   0.0002691851
33  5  -0.0011412261   0.0012941863   0.0007808017  -0.0003198950   0.0003189879
33  6   0.0000752038  -0.0003754300  -0.0005360792  -0.0005055582   0.0007317322
33  7   0.1533908258   0.0369875322   0.1083145757   0.0021505354   0.0008990509
33  8  -0.0034139050  -0.0008344292  -0.0004994153   0.0013486127
34  1  -0.0031211699  -0.0331390070  -0.0105471488  -0.0015396166   0.0049900984
34  2  -0.0029929959   0.0000523868  -0.0006366155   0.0012030499  -0.0013811830
34  3   0.0038683591  -0.0058634987   0.0086605054   0.0194173911   0.0054007594
34  4  -0.0589156062  -0.0242469295  -0.0146930060  -0.0014886914  -0.0019635566
34  5  -0.0011673166   0.0008746867   0.0009374035   0.0008844613  -0.0004116087
34  6   0.0002321842   0.0001833913   0.0001370899  -0.0000681084  -0.0000243080
34  7  -0.0005598315  -0.0009224780   0.0021505354   0.0574978827   0.0320439318
34  8   0.0239334599   0.0001951557  -0.0005126731   0.0015326169
35  1  -0.0003201062  -0.0032576353  -0.0014964207   0.0003745428   0.0040113457
35  2  -0.0001013923   0.0002525905   0.0003769664   0.0005812920   0.0043880506
35  3  -0.0011688128  -0.0000341802  -0.0058362746  -0.0126155437  -0.0071166205
35  4  -0.0291810902  -0.3431452325  -0.0775067947  -0.0003001274  -0.0004656735
35  5  -0.0003451504  -0.0007063726  -0.0010692854  -0.0004936842   0.0002071196
35  6  -0.0001854452   0.0001153152  -0.0000282069  -0.0000130120  -0.0000693049
35  7  -0.0004614699   0.0006319727   0.0008990509   0.0320439318   0.3564064691
35  8   0.0851265515  -0.0004325875   0.0004938865   0.0004413382
36  1  -0.0040383764  -0.0201531264  -0.0025407630  -0.0038506243   0.0026432152
36  2   0.0037444556   0.0014149688   0.0002858915  -0.0016510971  -0.0057216149
36  3  -0.0005279270   0.0071267256   0.0002282931   0.0071572423   0.0081586767
36  4  -0.0157018696  -0.0751720464  -0.0634238443  -0.0008017267  -0.0010636926
36  5  -0.0010934624   0.0007840530   0.0005151675  -0.0004196354   0.0001110539
36  6   0.0002313644  -0.0004478468  -0.0001606642  -0.0000079553   0.0000981933
36  7   0.0022345488   0.0006062923  -0.0034139050   0.0239334599   0.0851265515
36  8   0.0556362940   0.0015684986   0.0003590230  -0.0017737912
37  1  -0.2166220369   0.1872274262  -0.0802028743   0.0098479226  -0.0040020096
37  2   0.0050614034   0.0004933185  -0.0025591908  -0.0019707680   0.0002874225
37  3   0.0015488782   0.0005136825  -0.0003123345  -0.0054140118  -0.0043639683
37  4  -0.0166453161   0.0201831258  -0.0013202178  -0.0034552194   0.0009518945
37  5  -0.0001223132   0.0001628543  -0.0013254402   0.0003322845  -0.0001181937
37  6   0.0000024605   0.0000664020  -0.0001133255  -0.0001276644   0.0000638734
37  7   0.0001061294   0.0009956428  -0.0008344292   0.0001951557  -0.0004325875
37  8   0.0015684986   0.2261736231  -0.1970485238   0.0812084265
38  1   0.1886654939  -0.2520429734   0.0523740589   0.0268884603  -0.0147007565
38  2   0.0121358067   0.0002244082  -0.0073395297  -0.0017969069  -0.0037524390
38  3  -0.0038693496  -0.0027685848  -0.0036713805   0.0032690801  -0.0025345603
38  4  -0.0084771257   0.0117281873  -0.0011329174  -0.0012726841   0.0045929119
38  5   0.0006334894  -0.0005456888   0.0007634772   0.0008806031  -0.0002561748
38  6  -0.0000333041  -0.0001787468   0.0002036128  -0.0000604524   0.0000902879
38  7  -0.0004452855   0.0006208044  -0.0004994153  -0.0005126731   0.0004938865
38  8   0.0003590230  -0.1970485238   0.2565780184  -0.0575621375
39  1  -0.0800073605   0.0519695710  -0.0457789821   0.0115386436  -0.0053051040
39  2   0.0046405351  -0.0014059814  -0.0035334502   0.0018277500  -0.0006239430
39  3   0.0000357912  -0.0000918531  -0.0040113244  -0.0033360299   0.0026188179
39  4  -0.0073994912   0.0152838404  -0.0081966859  -0.0004245480   0.0017521078
39  5  -0.0029672866   0.0007348011  -0.0001442306  -0.0003869041   0.0000160784
39  6   0.0001136255   0.0000169163  -0.0000498562  -0.0000544103  -0.0000897242
39  7  -0.0011080618   0.0003390883   0.0013486127   0.0015326169   0.0004413382
39  8  -0.0017737912   0.0812084265  -0.0575621375   0.0488325952
$end
