$jbas
*
n universal 
*
 7  s
     2542.9401785        0.0904668
     1029.5472946        0.1455675
      424.9053546        0.4594090
      178.4573708        1.1392859
       76.1362742        2.1795891
       32.9338653        2.7604305
       14.4155436        1.2837451
    1  s
        6.3718891       -0.1702642
    1  s
        2.8381742        0.0504472
    1  s
        1.2711793        0.6634588
    1  s
        0.5712407        0.4116559
    1  s
        0.2569887        0.0489167
    2  p
       17.8975990       -0.0330656
        6.5346319        0.0041582
    1  p
        2.3523645        0.0525824
    1  p
        0.8397377        0.0017058
    1  p
        0.2989335        0.0122960
    2  d
        7.6909870        0.0035820
        2.3044972        0.0180403
    1  d
        0.8403987        0.0194441
    1  d
        0.3303797        0.0002361
    2  f
        2.3331076        0.0067248
        0.8446137        0.0054427
    1  g
        1.4037700       -0.0023051 
*
c universal 
*
 7  s
     1861.0916331        0.0744171
      642.9939764        0.1653957
      235.1105725        0.5576484
       90.7028894        1.3108298
       36.7794552        2.1694681
       15.6046273        1.7668846
        6.8907294        0.2930769
    1  s
        3.1478850       -0.1708702
    1  s
        1.4777287        0.1641553
    1  s
        0.7076466        0.4149941
    1  s
        0.3430122        0.1624366
    1  s
        0.1669453        0.0207675
    2  p
       13.5472892       -0.0206477
        5.4669419       -0.0115282
    1  p
        2.1751721        0.0455914
    1  p
        0.8582194        0.0028360
    1  p
        0.3376720        0.0181875
    2  d
        5.9287253       -0.0225948
        1.9809209       -0.0476827
    1  d
        0.8055417       -0.0365372
    1  d
        0.3531244       -0.0145417
    2  f
        1.6755626        0.0088798
        0.5997536        0.0069903
    1  g
        1.0024600       -0.0022192 
*
h def2-SV(P) 
*
 3  s
       15.6752927        0.0186886
        3.6063578        0.0631670
        1.2080016        0.1204609
    1  s
        0.4726794        0.0592485
    1  s
        0.2018100        0.0051272
    2  p
        2.0281365        1.0
        0.5358730        1.0
    1  d
        2.2165124        0.0033116 
*
$end