$coord
5.61893645285104 4.85385169628992 -25.05206241154823 c
5.36744226219503 6.21920052614024 -22.5987894725702 c
3.21971893679881 7.27314338655246 -21.59934121959714 c
7.34619924743695 6.69708706683357 -20.79508139282917 c
3.74627612917433 8.37197173562192 -19.2946106581554 n
6.26239468083932 8.04963795829035 -18.74835353044696 c
9.93302524428536 6.10685465385084 -20.71827087091659 c
7.680588439721281 8.81549942144385 -16.65596043918167 c
11.34989597914577 6.86281146575062 -18.6455961663569 c
10.2323425860911 8.20397574696342 -16.63565081725895 c
6.28095975583602 2.90276411134566 -24.77293796925237 h
3.80239187769999 4.76976789734381 -26.04754132879967 h
1.31730258254966 7.32472821062775 -22.3672882040959 h
2.48005671476936 9.26145980099824 -18.18993792476845 h
10.81543238167767 5.06799507595968 -22.26478344284567 h
6.826344834216 9.85600962948462 -15.09525847433576 h
13.35969609553777 6.41587376189055 -18.56181362976024 h
11.39411885464674 8.77322595165953 -15.0317001262362 h
6.98682120661744 5.79035471298473 -26.30687124336972 h
$user-defined bonds 
 
$end