$grad          cartesian gradients
  cycle =      1    SCF energy =     -232.3413788150   |dE/dxyz| =  0.022753
    2.62524979696891      0.00000000000000      0.00000000000000      c
    1.31262489848445      2.27353301545501      0.00000000000000      c
   -1.31262489848445      2.27353301545501      0.00000000000000      c
   -2.62524979696891      0.00000000000000      0.00000000000000      c
   -1.31262489848445     -2.27353301545501      0.00000000000000      c
    1.31262489848445     -2.27353301545501      0.00000000000000      c
    4.66241737376797      0.00000000000000      0.00000000000000      h
    2.33120868688399      4.03777188872899      0.00000000000000      h
   -2.33120868688399      4.03777188872899      0.00000000000000      h
   -4.66241737376797      0.00000000000000      0.00000000000000      h
   -2.33120868688399     -4.03777188872899      0.00000000000000      h
    2.33120868688399     -4.03777188872899      0.00000000000000      h
  -.80255884625935D-03  0.19257969737785D-05  0.18013194527076D-05
  -.37346609452971D-03  -.69019138110914D-03  -.12045265787182D-06
  0.37744691055352D-03  -.68666362075420D-03  0.16758116527760D-05
  0.79820524304674D-03  0.16848103626184D-05  0.86296688329122D-07
  0.37467717536813D-03  0.69033847778592D-03  -.13574740891849D-05
  -.37265241667054D-03  0.68587940265083D-03  -.17382068805691D-05
  -.92142307691979D-02  -.63193887285649D-06  0.57951536877127D-06
  -.46468138494322D-02  -.80295807961540D-02  -.13965144338813D-05
  0.46474755625948D-02  -.80290616370016D-02  -.12884374061951D-05
  0.92122504934600D-02  0.31540160213506D-06  0.32620618920621D-06
  0.46457043205143D-02  0.80281268614743D-02  -.34808456122929D-06
  -.46460381267442D-02  0.80278577119870D-02  0.17798649949501D-05
  cycle =      2    SCF energy =     -232.3426044479   |dE/dxyz| =  0.004352
    2.64115730289234      0.00000003364709     -0.00005393011307      c
    1.32062849230248      2.28749994205173      0.00004325728900      c
   -1.32062856596867      2.28749463200322     -0.00004499806480      c
   -2.64114897587619     -0.00000360502265     -0.00006286781005      c
   -1.32062856807335     -2.28749907800911      0.00010382663101      c
    1.32062199268820     -2.28749177250896      0.00000027091633      c
    4.69870253678095     -0.00000393279537     -0.00018605692658      h
    2.34956502275490      4.06945260564524      0.00029726254736      h
   -2.34956828793902      4.06944516763818     -0.00003330739212      h
   -4.69868982448625     -0.00000217236745     -0.00026781914278      h
   -2.34956298996049     -4.06944832839364      0.00034995313867      h
    2.34955186488510     -4.06944349188829     -0.00014559107297      h
  -.61527893071581D-04  -.11474931682853D-04  -.30742729019849D-06
  -.20586611779144D-04  -.48836160796123D-04  -.27589234945035D-05
  0.76143934583106D-05  -.63590838115885D-04  -.19060088943814D-05
  0.64878762172330D-04  -.13712855269576D-04  0.79087359442766D-06
  0.25594228637904D-04  0.61217644589481D-04  0.22902192691494D-05
  -.29898872377879D-04  0.53227404161915D-04  0.16378063382607D-05
  -.17637220104171D-02  0.21406886005926D-05  -.65863965701533D-06
  -.89284963219328D-03  -.15335915095606D-02  0.42798414211687D-05
  0.89940882747198D-03  -.15316089528449D-02  0.63508053989794D-06
  0.17721113129225D-02  0.36543054997909D-05  -.52705529672870D-05
  0.89747510711122D-03  0.15414235263431D-02  0.40032920461552D-05
  -.89849771530122D-03  0.15411515017241D-02  -.27259876135469D-05
  cycle =      3    SCF energy =     -232.3426445624   |dE/dxyz| =  0.000211
    2.64472092518838      0.00001114892746      0.00019654206241      c
    1.32243013317054      2.29064250839245     -0.00022209975255      c
   -1.32241319933671      2.29065513812128      0.00005415044636      c
   -2.64471949349468      0.00001653350884      0.00024034224058      c
   -1.32243482283143     -2.29065286739033     -0.00038511480841      c
    1.32243591263338     -2.29064019190721      0.00011639103676      c
    4.70706902210082      0.00000023089285      0.00070468476898      h
    2.35384234613462      4.07674562142027     -0.00111704480263      h
   -2.35385085223491      4.07674839689537      0.00007455517163      h
   -4.70708582857688      0.00000774045580      0.00132355964438      h
   -2.35385638391624     -4.07677430884723     -0.00166889982183      h
    2.35386224116311     -4.07675995046956      0.00068293381432      h
  0.34411736298978D-04  0.68114213018639D-05  -.10360684103929D-04
  0.23686904372718D-04  0.27167315393650D-04  0.16261040675658D-04
  -.19141307850523D-04  0.30329099860033D-04  -.50243625798594D-05
  -.38236728301361D-04  0.71429523700872D-05  -.23268849747678D-05
  -.24690124529603D-04  -.32514527068192D-04  -.44365614627418D-06
  0.32479327219170D-04  -.25225085256819D-04  0.21525099372027D-05
  -.77270223825976D-04  -.41815375365507D-06  0.84841993327262D-05
  -.44186460178536D-04  -.66107667830106D-04  -.16991636691702D-04
  0.44478855668495D-04  -.63319834425507D-04  -.39649427967987D-05
  0.71226543073427D-04  0.59411460275521D-06  0.26157593817731D-04
  0.39142009565007D-04  0.57298476185519D-04  -.30931052580080D-04
  -.41902795598583D-04  0.58239471261073D-04  0.16944331632738D-04
  cycle =      4    SCF energy =     -232.3426444497   |dE/dxyz| =  0.000173
    2.64473631461347      0.00000948566076      0.00003282627176      c
    1.32243905354680      2.29065917613125      0.00001083515096      c
   -1.32242278211875      2.29067078582330      0.00001811056435      c
   -2.64473291389569      0.00001528428643     -0.00003163515563      c
   -1.32244252918178     -2.29066691224789     -0.00001216270558      c
    1.32244215131558     -2.29065595311075     -0.00001998415970      c
    4.70712410248320     -0.00000303915374      0.00008000246443      h
    2.35387774404289      4.07679404895195     -0.00008945810598      h
   -2.35388870825904      4.07679343864838      0.00006803098833      h
   -4.70713661119685      0.00000473866785     -0.00006935420347      h
   -2.35388876125860     -4.07681642640013      0.00010896160214      h
    2.35389293990877     -4.07680462725742     -0.00009617271160      h
  0.29534471667980D-04  0.11280198728876D-04  0.16674153905136D-05
  0.20712732752504D-04  0.20464031554701D-04  0.11654471623848D-05
  -.13073898905758D-04  0.28922375676727D-04  0.40308913917524D-05
  -.34267471486826D-04  0.11299133756096D-04  -.59893532117353D-05
  -.23558948374115D-04  -.30403564687975D-04  0.33073218544260D-05
  0.34149328731220D-04  -.20392669611638D-04  -.41760805358487D-05
  -.65676114214569D-04  -.13246078200157D-05  0.25345248330833D-05
  -.37950302137352D-04  -.55905989751054D-04  -.33056645929913D-05
  0.37045386606913D-04  -.53058911385712D-04  0.11638030886192D-05
  0.57372700276531D-04  -.44379274668528D-06  -.32076109089999D-05
  0.30890016744875D-04  0.43976634568760D-04  0.45871812116288D-05
  -.35180001386304D-04  0.45585014794181D-04  -.17780839721725D-05
$end
