$hessapprox internal
  0.437368668967D+00 -0.114321993799D-03  0.372838140231D+00 -0.763771046340D-03
 -0.112983712693D-03  0.510971383343D-01 -0.150453643717D-01 -0.117999636006D-03
 -0.778758423816D-03  0.436881622793D+00  0.878472213944D-03  0.542706772285D-05
  0.147004732358D-03  0.900265039497D-03  0.372742659113D+00  0.139177252742D-02
  0.261302710075D-03 -0.172962737369D-02  0.141695670327D-02 -0.304981654692D-03
  0.545602349272D-01 -0.147503738077D-01 -0.123132752602D-03 -0.670714336169D-03
 -0.149885369953D-01  0.874510094894D-03  0.117635271627D-02  0.437483860792D+00
  0.954818249018D-03  0.207385184293D-04  0.365135856022D-04  0.977268353030D-03
 -0.985517218545D-04 -0.408336788408D-04  0.938491822191D-03  0.372731544396D+00
  0.125591292512D-03 -0.949091499625D-04  0.771271119073D-03  0.132849871861D-03
  0.495068098134D-04 -0.182291509148D-02  0.204006607541D-03 -0.615396367925D-04
  0.511150905552D-01 -0.139903580669D-01 -0.132402399671D-03 -0.431512114374D-03
 -0.142088097525D-01  0.808385335498D-03  0.647763351267D-03 -0.139213346799D-01
  0.843934171991D-03  0.353106381458D-03  0.438984783967D+00  0.617363654000D-04
 -0.144878624161D-04  0.131760679783D-03  0.643268120681D-04  0.146988533360D-05
 -0.308245020551D-03  0.735743841285D-04 -0.170071232766D-04  0.118118367554D-03
  0.922377705399D-04  0.372846039366D+00  0.844846031521D-03  0.554739538387D-03
 -0.415497750908D-02  0.843048303287D-03 -0.440427332007D-03  0.989876759303D-02
  0.387110197248D-03  0.171431372057D-03 -0.410051792218D-02 -0.590340694208D-03
 -0.675214797386D-03  0.731047665772D-01 -0.136650308111D-01 -0.147663711815D-03
 -0.227432236820D-03 -0.138734919434D-01  0.782701199337D-03  0.182955461463D-03
 -0.135835418649D-01  0.792158791877D-03  0.509162433895D-03 -0.128500974362D-01
  0.114624794484D-03 -0.153376501301D-02  0.439679142578D+00  0.862160575392D-03
  0.783698478482D-05  0.124315017600D-03  0.883416428481D-03 -0.846530943127D-04
 -0.252048414757D-03  0.856208838046D-03 -0.953205457271D-04  0.294827750481D-04
  0.787227323504D-03 -0.166392059579D-05 -0.325359508874D-03  0.757865569525D-03
  0.372743345472D+00  0.771070048235D-03  0.668548630021D-03 -0.506596335052D-02
  0.762260287046D-03 -0.505646527681D-03  0.120549289441D-01  0.219444221845D-03
  0.237952807830D-03 -0.496968239164D-02 -0.941040191349D-03 -0.816269756326D-03
  0.275879138809D-01 -0.207267680758D-02 -0.366645811261D-03  0.838742578241D-01
 -0.140184048559D-01 -0.136584485022D-03 -0.393763837423D-03 -0.142364779901D-01
  0.809599611659D-03  0.559124930602D-03 -0.139461762109D-01  0.840074377166D-03
  0.387461536584D-03 -0.132072454769D-01  0.975516913040D-04 -0.785650162769D-03
 -0.128625497523D-01  0.787527057041D-03 -0.117721954122D-02  0.438948246294D+00
  0.119322435824D-02 -0.258297239793D-05  0.280020831104D-03  0.122344853938D-02
 -0.109615747008D-03 -0.604287431680D-03  0.119599826472D-02 -0.139962401093D-03
  0.143612122042D-03  0.112206810717D-02  0.143591637739D-04 -0.102644826550D-02
  0.110353964700D-02 -0.111604697620D-03 -0.120588537254D-02  0.112724182166D-02
  0.372693915542D+00  0.415574278247D-03  0.351834049673D-03 -0.266200054653D-02
  0.411350180792D-03 -0.267892440042D-03  0.633547477259D-02  0.125211778613D-03
  0.122983442135D-03 -0.261349091144D-02 -0.486683253940D-03 -0.429393137996D-03
  0.145044613435D-01 -0.108267240297D-02 -0.194762849594D-03  0.176079124209D-01
 -0.610976642381D-03 -0.636843542666D-03  0.596424035099D-01 -0.121818103028D-01
 -0.481104316860D-04 -0.620281551851D-03 -0.123521440137D-01  0.561927818101D-03
  0.119975611595D-02 -0.121821776678D-01  0.647441117462D-03 -0.522107212658D-04
 -0.117261409038D-01  0.776196709502D-05  0.127641976083D-02 -0.115682350468D-01
  0.555617041305D-03  0.139408656618D-02 -0.117690412125D-01  0.744817828513D-03
  0.735213366304D-03  0.616011687382D+00 -0.118989317853D-01 -0.542972224834D-04
 -0.511379377490D-03 -0.120619455117D-01  0.539766558815D-03  0.955512406767D-03
 -0.118940471287D-01  0.611753438984D-03  0.232285786157D-04 -0.114460450922D-01
  0.180100149989D-04  0.802693294431D-03 -0.112832059267D-01  0.531828262876D-03
  0.828587491394D-03 -0.114857335580D-01  0.722714952742D-03  0.437245607509D-03
 -0.104041304088D-01  0.616350021643D+00 -0.110000982750D-01 -0.790537802646D-04
 -0.102943132428D-03 -0.111377797410D-01  0.464005008762D-03  0.362402930196D-04
 -0.109748377336D-01  0.485144888889D-03  0.312723707598D-03 -0.105497444930D-01
  0.577456049403D-04 -0.998828964660D-03 -0.103650231084D-01  0.449685421085D-03
 -0.132429029473D-02 -0.105776708060D-01  0.650334119928D-03 -0.697048884922D-03
 -0.991462712020D-02 -0.974518371390D-02  0.617341272158D+00 -0.983829547094D-02
 -0.101908475537D-03  0.345907899801D-03 -0.994424148329D-02  0.363082462700D-03
 -0.966038072842D-03 -0.979406634118D-02  0.329621253741D-03  0.614122484326D-03
 -0.941180746016D-02  0.975393952186D-04 -0.291498266540D-02 -0.921328415432D-02
  0.342475373589D-03 -0.360786360185D-02 -0.942770514646D-02  0.545128432291D-03
 -0.190063085347D-02 -0.925505225349D-02 -0.909181209304D-02 -0.860277181152D-02
  0.618580986070D+00 -0.981400344676D-02 -0.103939193128D-03  0.362245482322D-03
 -0.991964965661D-02  0.363973494669D-03 -0.100459756796D-02 -0.976797598004D-02
  0.328076127337D-03  0.629538221347D-03 -0.938268467342D-02  0.100078387020D-03
 -0.300165570173D-02 -0.918074782684D-02  0.342943080453D-03 -0.371292303457D-02
 -0.939771524549D-02  0.547979607497D-03 -0.195586116964D-02 -0.923370771986D-02
 -0.906893514274D-02 -0.857370210725D-02 -0.796885680461D-02  0.618652143767D+00
 -0.110982642587D-01 -0.775523610686D-04 -0.137450986470D-03 -0.112386051434D-01
  0.472801090350D-03  0.112827475275D-03 -0.110742512626D-01  0.498064385631D-03
  0.290536855276D-03 -0.106448367699D-01  0.549135915879D-04 -0.855256055686D-03
 -0.104605644202D-01  0.458922307840D-03 -0.115356946381D-02 -0.106736255541D-01
  0.659930191780D-03 -0.607043094960D-03 -0.997096676521D-02 -0.980064797051D-02
 -0.929711850454D-02 -0.865085199120D-02 -0.862225107951D-02  0.617234543454D+00
 -0.689304154086D-03 -0.149935027841D-04 -0.178663893336D-04 -0.704844795960D-03
  0.683716398415D-04  0.109220851919D-04 -0.677628786726D-03  0.657931857629D-04
  0.490436631970D-04 -0.611390213458D-03  0.125943478591D-04 -0.155765703313D-03
 -0.574641898961D-03  0.659747617102D-04 -0.209378052264D-03 -0.608656877317D-03
  0.976942504015D-04 -0.108711738430D-03 -0.480014203422D-03 -0.454778282159D-03
 -0.365607175900D-03 -0.256406012881D-03 -0.255084962544D-03 -0.374650168469D-03
  0.435675214540D+00  0.370924849506D-05 -0.529306688109D-05  0.431037092338D-04
  0.410211550789D-05  0.267185777569D-05 -0.101829142255D-03  0.804862632247D-05
 -0.355304956441D-05  0.407396275409D-04  0.163491048713D-04  0.659713763634D-05
 -0.228870127802D-03  0.249931770287D-04  0.155541086826D-05 -0.277367617481D-03
  0.182360758503D-04  0.788970594065D-05 -0.145857775022D-03 -0.710658506248D-05
 -0.290742060975D-05  0.131719568974D-04  0.299035299168D-04  0.307720920992D-04
  0.119403106903D-04  0.277568605978D-05  0.435722708088D+00  0.125024757825D-04
  0.800339293416D-05 -0.602140511335D-04  0.124576774917D-04 -0.627414007183D-05
  0.143403501818D-03  0.590340501245D-05  0.256904823845D-05 -0.593096782569D-04
 -0.813652518898D-05 -0.974995012106D-05  0.328816739825D-03 -0.217283144233D-04
 -0.461192456775D-05  0.399225722344D-03 -0.109510630301D-04 -0.147130531987D-04
  0.209900819552D-03  0.190948916655D-04  0.122753945141D-04 -0.136456199325D-04
 -0.411954632886D-04 -0.424535897106D-04 -0.115831081230D-04 -0.231139581759D-05
 -0.330820610853D-05  0.435725188993D+00 -0.116567949431D-02 -0.592029046293D-03
  0.437391276063D-02 -0.117067005523D-02  0.495915157317D-03 -0.104349295892D-01
 -0.677226593759D-03 -0.150686207680D-03  0.434735314222D-02  0.384019901792D-03
  0.718000282917D-03 -0.240342522834D-01  0.139627984128D-02  0.373448728283D-03
 -0.291930103736D-01  0.591564901209D-03  0.112750445652D-02 -0.153476971629D-01
 -0.152136317236D-02 -0.101019219276D-02  0.931185499916D-03  0.300259910986D-02
  0.309449820388D-02  0.775584335875D-03  0.143863937506D-03  0.242668790292D-03
 -0.347874017139D-03  0.454272660520D-01 -0.110662794374D-02 -0.575398454471D-03
  0.425688891579D-02 -0.111080477056D-02  0.479484887584D-03 -0.101543167877D-01
 -0.631884889850D-03 -0.149568305733D-03  0.422802511500D-02  0.397795489687D-03
  0.698082221105D-03 -0.233797527144D-01  0.138110398433D-02  0.360426007861D-03
 -0.283971124480D-01  0.599602580574D-03  0.109273714631D-02 -0.149293326797D-01
 -0.146235579212D-02 -0.966087010900D-03  0.918945404709D-03  0.292961495166D-02
  0.301898886326D-02  0.767945099777D-03  0.141989920844D-03  0.236005040853D-03
 -0.338397370162D-03  0.247236174660D-01  0.440636669481D-01 -0.190283401668D-03
  0.473647436449D-03 -0.375593494519D-02 -0.215664119588D-03 -0.286764487037D-03
  0.889781860127D-02 -0.581296135842D-03  0.257674751394D-03 -0.360054082292D-02
 -0.135343150393D-02 -0.585488351287D-03  0.201344068523D-01 -0.214026832469D-02
 -0.187356017044D-03  0.244158900266D-01 -0.152327980566D-02 -0.765822634124D-03
  0.128390070074D-01  0.539865654397D-03  0.154711117085D-03 -0.131875081675D-02
 -0.286352264553D-02 -0.293959777016D-02 -0.120436823386D-02 -0.210179867493D-03
 -0.200885506151D-03  0.291264887530D-03 -0.213323326258D-01 -0.207481609206D-01
  0.377404975903D-01
$end
