$dipgrad
   2.75674198634541       3.036821863761608E-002  3.026261619878774E-003
 -1.790403946324643E-002   2.77331508887049       7.355243326300816E-004
 -2.539200433531046E-002 -2.923106058403987E-002  0.274769114986504     
  -2.01418552179470      -1.748770277239996E-002 -2.398246002991200E-004
 -2.225789530440805E-002  0.150143632872764       2.149826977881660E-003
 -5.148615183538804E-003  1.662342400494712E-002 -9.214463229348127E-002
 -0.400670324197768       0.948378333106288       9.585126174150016E-004
  0.949658098721269       -1.46077779929220       1.293705323691005E-003
 -1.857239951786085E-002  2.244132243539876E-002 -9.095740689873233E-002
 -0.356367450287889      -0.967065719221548      -8.085986785880082E-004
 -0.906762041195297       -1.47520047993443      -3.637605333047958E-003
  1.146572341320597E-002 -2.604706353220691E-003 -9.001545245990311E-002
$end
