$grad          cartesian gradients
  cycle =      1 CC2 energy =      -56.0187676326 |dE/dxyz| =  0.105164
    0.00000000000000      0.00000000000000      0.12917062194577      n
    1.75612466223131      0.00000000000000     -0.59831613718919      h
   -0.87806233111566      1.52084856970468     -0.59831613718919      h
   -0.87806233111566     -1.52084856970468     -0.59831613718919      h
  0.39976749764089D-11  0.68879208529558D-13  0.15043459154054D-01
  -.59882501774619D-01  -.37684872488793D-13  -.50144863837142D-02
  0.29941250885320D-01  -.51859767775982D-01  -.50144863851500D-02
  0.29941250885301D-01  0.51859767775954D-01  -.50144863851699D-02
  cycle =      2 CC2 energy =      -56.0312720239 |dE/dxyz| =  0.072793
   -0.00000000000564     -0.00000000000009      0.10771349558744      n
    1.84153762437473      0.00000000000003     -0.59116376173797      h
   -0.92076881218455      1.59481836472910     -0.59116376173565      h
   -0.92076881218455     -1.59481836472904     -0.59116376173561      h
  0.37329281424931D-07  -.16002785400742D-07  0.40212253881155D-01
  -.32366572761117D-01  0.95950295352169D-09  -.13404117825278D-01
  0.16183265589837D-01  -.28030221958556D-01  -.13404127008877D-01
  0.16183269841990D-01  0.28030237001838D-01  -.13404009034700D-01
  cycle =      3 CC2 energy =      -56.0449656292 |dE/dxyz| =  0.050066
   -0.00000007305285      0.00000009272521     -0.00972973628206      n
    1.95048639161546     -0.00000002132058     -0.55201603626319      h
   -0.97524315097801      1.68917061265271     -0.55201598822137      h
   -0.97524316758461     -1.68917068405734     -0.55201602885517      h
  0.18469901331670D-06  -.29658452175872D-06  0.38106689034893D-01
  -.13789599985788D-01  -.27361043956290D-07  -.12702218670622D-01
  0.68946006537063D-02  -.11941792733064D-01  -.12702252548954D-01
  0.68948146330639D-02  0.11942116678624D-01  -.12702217813044D-01
  cycle =      4 CC2 energy =      -56.0545268400 |dE/dxyz| =  0.027606
   -0.00000079107660      0.00000126305232     -0.19293517644012      n
    2.07329803639157      0.00000008255649     -0.49094769655986      h
   -1.03664818654966      1.79552722017452     -0.49094724215104      h
   -1.03664905876532     -1.79552856578333     -0.49094767447077      h
  -.33394943041236D-06  0.52129219663848D-06  0.23505790701893D-01
  0.29096766481791D-02  -.13093285013006D-06  -.78352452834102D-02
  -.14546345678079D-02  0.25195122376154D-02  -.78353008756004D-02
  -.14547081309386D-02  -.25199025969604D-02  -.78352445428669D-02
  cycle =      5 CC2 energy =      -56.0563485320 |dE/dxyz| =  0.020723
    0.00000004449895     -0.00000002364600     -0.30552052111424      n
    2.12276349721158      0.00000049805496     -0.45341921023958      h
   -1.06138134635303      1.83836627094732     -0.45341886179834      h
   -1.06138219535750     -1.83836674535627     -0.45341919646964      h
  -.81015389029073D-06  -.44695612628387D-06  0.12188500623036D-01
  0.87827880284848D-02  -.60976352309060D-07  -.40628714195118D-02
  -.43911706805408D-02  0.76054777903940D-02  -.40628310336764D-02
  -.43908071940533D-02  -.76049698579166D-02  -.40627981699294D-02
  cycle =      6 CC2 energy =      -56.0569306688 |dE/dxyz| =  0.015703
    0.00000219246355      0.00000081931908     -0.34404144109832      n
    2.11964835206180      0.00000071108651     -0.44057880291367      h
   -1.05982441992609      1.83567018306489     -0.44057857213625      h
   -1.05982612459925     -1.83567171347048     -0.44057897347356      h
  0.60827673470211D-06  0.24280761615426D-06  0.76058232210547D-02
  0.75151452765627D-02  -.12808159113010D-06  -.25352594398493D-02
  -.37579151613217D-02  0.65083081422610D-02  -.25352699714172D-02
  -.37578383919744D-02  -.65084228682766D-02  -.25352938098762D-02
  cycle =      7 CC2 energy =      -56.0576418926 |dE/dxyz| =  0.002669
    0.00000012680561     -0.00000057302519     -0.40143941726487      n
    2.09067200539934      0.00000165662874     -0.42144615386285      h
   -1.04533479683743      1.81057720810352     -0.42144593085391      h
   -1.04533733536751     -1.81057829170708     -0.42144628764018      h
  0.97957325104840D-07  -.16634836639465D-06  0.13328074390860D-02
  0.12587970912854D-02  0.46099525767577D-07  -.44426704264740D-03
  -.62945647784940D-03  0.10902481902644D-02  -.44428517473489D-03
  -.62943857076325D-03  -.10901279414219D-02  -.44425522161436D-03
  cycle =      8 CC2 energy =      -56.0576653851 |dE/dxyz| =  0.000279
   -0.00000029388499     -0.00000035460011     -0.41366067582444      n
    2.08485345295030      0.00000168854309     -0.41737240295192      h
   -1.04242521957510      1.80553821683335     -0.41737217889798      h
   -1.04242793949020     -1.80553955077635     -0.41737253194772      h
  -.11354809289658D-07  -.65149608662664D-07  0.24140932697227D-03
  -.38220065228245D-05  0.25957954470281D-07  -.80459553636403D-04
  0.19229084867733D-05  -.32626159347515D-05  -.80510148127689D-04
  0.19104528464764D-05  0.33018075944469D-05  -.80439625125219D-04
  cycle =      9 CC2 energy =      -56.0576658752 |dE/dxyz| =  0.000018
   -0.00000032842370     -0.00000023607923     -0.41631762976266      n
    2.08485324703060      0.00000164731210     -0.41648675201310      h
   -1.04242510083899      1.80553795215452     -0.41648652762438      h
   -1.04242781776790     -1.80553936338742     -0.41648688022197      h
  -.26187383126122D-07  0.16034387972714D-07  0.14152100748930D-04
  -.49056801019187D-05  0.13980441786390D-07  -.47166945270640D-05
  0.24906874107611D-05  -.42388647907288D-05  -.47184965651927D-05
  0.24411800748636D-05  0.42088499596638D-05  -.47169097988602D-05
  cycle =     10 CC2 energy =      -56.0576659651 |dE/dxyz| =  0.000002
   -0.00000027469720     -0.00000027255657     -0.41648521437131      n
    2.08487621896671      0.00000160816936     -0.41643089085703      h
   -1.04243665809898      1.80555783132036     -0.41643066645181      h
   -1.04243928617052     -1.80555916693317     -0.41643101902318      h
  0.10789708001705D-08  -.59963383379124D-08  -.21248020392532D-05
  0.62510369991386D-07  0.16329967144714D-07  0.70829029230093D-06
  -.87320696229298D-08  0.88872224246472D-07  0.70822788016654D-06
  -.54857274500719D-07  -.99205858861140D-07  0.70828371634018D-06
$end
