$grad          cartesian gradients
  cycle =      1    SCF energy =     -232.0725369155   |dE/dxyz| =  0.042942
    2.27353301545502     -1.31262489848446      0.00000000000000      c
    2.27353301545502      1.31262489848446      0.00000000000000      c
    0.00000000000000      2.62524979696891      0.00000000000000      c
   -2.27353301545502      1.31262489848446      0.00000000000000      c
   -2.27353301545502     -1.31262489848446      0.00000000000000      c
    0.00000000000000     -2.62524979696891      0.00000000000000      c
    4.03777188872899     -2.33120868688398      0.00000000000000      h
    4.03777188872899      2.33120868688398      0.00000000000000      h
    0.00000000000000      4.66241737376797      0.00000000000000      h
   -4.03777188872899      2.33120868688398      0.00000000000000      h
   -4.03777188872899     -2.33120868688398      0.00000000000000      h
    0.00000000000000     -4.66241737376797      0.00000000000000      h
  0.60584550546849D-03  -.34978506566870D-03  0.00000000000000D+00
  0.60584550546849D-03  0.34978506566841D-03  0.00000000000000D+00
  0.00000000000000D+00  0.69957013133770D-03  0.00000000000000D+00
  -.60584550546849D-03  0.34978506567166D-03  0.00000000000000D+00
  -.60584550546790D-03  -.34978506567196D-03  0.00000000000000D+00
  0.00000000000000D+00  -.69957013133652D-03  0.00000000000000D+00
  -.15170369176078D-01  0.87586167275147D-02  0.00000000000000D+00
  -.15170369176078D-01  -.87586167275147D-02  0.00000000000000D+00
  0.00000000000000D+00  -.17517233455029D-01  0.00000000000000D+00
  0.15170369176078D-01  -.87586167275141D-02  0.00000000000000D+00
  0.15170369176078D-01  0.87586167275141D-02  0.00000000000000D+00
  0.00000000000000D+00  0.17517233455029D-01  0.00000000000000D+00
  cycle =      2    SCF energy =     -232.0764471515   |dE/dxyz| =  0.007387
    2.29677729503537     -1.32604498955729      0.00000000000000      c
    2.29677729503537      1.32604498955729      0.00000000000000      c
    0.00000000000000      2.65208997911458      0.00000000000000      c
   -2.29677729503537      1.32604498955729      0.00000000000000      c
   -2.29677729503537     -1.32604498955729      0.00000000000000      c
    0.00000000000000     -2.65208997911458      0.00000000000000      c
    4.09456608194350     -2.36399882962479      0.00000000000000      h
    4.09456608194350      2.36399882962479      0.00000000000000      h
    0.00000000000000      4.72799765924958      0.00000000000000      h
   -4.09456608194350      2.36399882962479      0.00000000000000      h
   -4.09456608194350     -2.36399882962479      0.00000000000000      h
    0.00000000000000     -4.72799765924958      0.00000000000000      h
  0.38962174256045D-03  -.22494821795060D-03  0.00000000000000D+00
  0.38962174256074D-03  0.22494821795090D-03  0.00000000000000D+00
  0.00000000000000D+00  0.44989643589810D-03  0.00000000000000D+00
  -.38962174256281D-03  0.22494821795149D-03  0.00000000000000D+00
  -.38962174256193D-03  -.22494821795090D-03  0.00000000000000D+00
  0.00000000000000D+00  -.44989643589832D-03  0.00000000000000D+00
  -.25825637337631D-02  0.14910438668875D-02  0.00000000000000D+00
  -.25825637337630D-02  -.14910438668876D-02  0.00000000000000D+00
  0.00000000000000D+00  -.29820877337752D-02  0.00000000000000D+00
  0.25825637337633D-02  -.14910438668869D-02  0.00000000000000D+00
  0.25825637337633D-02  0.14910438668869D-02  0.00000000000000D+00
  0.00000000000000D+00  0.29820877337752D-02  0.00000000000000D+00
  cycle =      3    SCF energy =     -232.0765626639   |dE/dxyz| =  0.000689
    2.30095867313815     -1.32845910933052      0.00000000000000      c
    2.30095867313815      1.32845910933052      0.00000000000000      c
    0.00000000000000      2.65691821866103      0.00000000000000      c
   -2.30095867313815      1.32845910933052      0.00000000000000      c
   -2.30095867313815     -1.32845910933052      0.00000000000000      c
    0.00000000000000     -2.65691821866103      0.00000000000000      c
    4.10557056250311     -2.37035226943817      0.00000000000000      h
    4.10557056250311      2.37035226943817      0.00000000000000      h
    0.00000000000000      4.74070453887634      0.00000000000000      h
   -4.10557056250311      2.37035226943817      0.00000000000000      h
   -4.10557056250311     -2.37035226943817      0.00000000000000      h
    0.00000000000000     -4.74070453887634      0.00000000000000      h
  0.14023456951510D-03  -.80964466457445D-04  0.00000000000000D+00
  0.14023456951495D-03  0.80964466457445D-04  0.00000000000000D+00
  0.00000000000000D+00  0.16192893291456D-03  0.00000000000000D+00
  -.14023456951480D-03  0.80964466461294D-04  0.00000000000000D+00
  -.14023456951495D-03  -.80964466461294D-04  0.00000000000000D+00
  0.00000000000000D+00  -.16192893291448D-03  0.00000000000000D+00
  -.19930513570865D-03  0.11506887375226D-03  0.00000000000000D+00
  -.19930513570863D-03  -.11506887375227D-03  0.00000000000000D+00
  0.00000000000000D+00  -.23013774750445D-03  0.00000000000000D+00
  0.19930513570898D-03  -.11506887375186D-03  0.00000000000000D+00
  0.19930513570889D-03  0.11506887375183D-03  0.00000000000000D+00
  0.00000000000000D+00  0.23013774750441D-03  0.00000000000000D+00
  cycle =      4    SCF energy =     -232.0765631216   |dE/dxyz| =  0.000095
    2.30110477787016     -1.32854346293688      0.00000000000000      c
    2.30110477787016      1.32854346293688      0.00000000000000      c
    0.00000000000000      2.65708692587374      0.00000000000000      c
   -2.30110477787016      1.32854346293688      0.00000000000000      c
   -2.30110477787016     -1.32854346293688      0.00000000000000      c
    0.00000000000000     -2.65708692587374      0.00000000000000      c
    4.10626008582239     -2.37075036591217      0.00000000000000      h
    4.10626008582239      2.37075036591217      0.00000000000000      h
    0.00000000000000      4.74150073182433      0.00000000000000      h
   -4.10626008582239      2.37075036591217      0.00000000000000      h
   -4.10626008582239     -2.37075036591217      0.00000000000000      h
    0.00000000000000     -4.74150073182433      0.00000000000000      h
  0.30735701577041D-04  -.17745265578739D-04  0.00000000000000D+00
  0.30735701576449D-04  0.17745265577851D-04  0.00000000000000D+00
  0.00000000000000D+00  0.35490531154481D-04  0.00000000000000D+00
  -.30735701578225D-04  0.17745265581108D-04  0.00000000000000D+00
  -.30735701578225D-04  -.17745265581108D-04  0.00000000000000D+00
  0.00000000000000D+00  -.35490531154481D-04  0.00000000000000D+00
  -.13325312694860D-04  0.76933728714035D-05  0.00000000000000D+00
  -.13325312694906D-04  -.76933728713942D-05  0.00000000000000D+00
  0.00000000000000D+00  -.15386745742807D-04  0.00000000000000D+00
  0.13325312694971D-04  -.76933728708021D-05  0.00000000000000D+00
  0.13325312694962D-04  0.76933728707651D-05  0.00000000000000D+00
  0.00000000000000D+00  0.15386745742807D-04  0.00000000000000D+00
$end
