$coord
   -0.98182055225780      0.29674495754077     -2.11691671817106  c
   -0.83926050936718     -0.41639876157911      0.32980027594645  c
    1.50097411021983     -0.01938252955882      1.84927318909171  c
    3.43698861970396      0.94669207882887      1.05041757080995  o
   -2.70625186983477      0.00997802723749     -3.25515555736664  h
    0.66779783857974      1.19796389931902     -3.02851603480248  h
   -2.45658217853089     -1.32178331062740      1.29411462609050  h
    1.37815454148717     -0.69381436116080      3.87698264840159  h
$user-defined bonds
$redundant
     number_of_atoms             8
     degrees_of_freedom         18
     internal_coordinates       18
     frozen_coordinates          0
# definitions of redundant internals
   1 k  0.7071067811865 tors   4    3    2    1 val=  89.82913
        0.7071067811865 tors   8    3    2    1
   2 k  1.0000000000000 stre   3    4           val=   2.30643
   3 k  1.0000000000000 stre   3    8           val=   2.14046
   4 k -0.8088607651912 bend   8    4    3      val=  -1.00414
        0.3079514965339 bend   2    4    3
        0.5009093114694 bend   2    8    3
   5 k  0.1114044243544 bend   8    4    3      val=  -4.54627
       -0.7561959283773 bend   2    4    3
        0.6447920379004 bend   2    8    3
   6 k  1.0000000000000 outp   8    4    2    3 val=   0.00084
   7 k  0.7071067811865 tors   6    1    2    3 val=  89.99386
        0.7071067811865 tors   5    1    2    3
   8 k  1.0000000000000 stre   1    6           val=   2.08913
   9 k  1.0000000000000 stre   1    5           val=   2.08602
  10 k -0.8164965809277 bend   5    6    1      val=   1.28153
        0.4082482904639 bend   2    6    1
        0.4082482904639 bend   2    5    1
  11 k  0.7071067811865 bend   2    6    1      val=  -1.20493
       -0.7071067811865 bend   2    5    1
  12 k  1.0000000000000 outp   6    2    5    1 val=  -0.00840
  13 k  1.0000000000000 stre   2    7           val=   2.08934
  14 k  0.7071067811865 bend   1    7    2      val=   2.14275
       -0.7071067811865 bend   3    7    2
  15 k  1.0000000000000 outp   7    3    1    2 val=  -0.00219
  16 k  1.0000000000000 stre   2    1           val=   2.55251
  17 k  1.0000000000000 stre   2    3           val=   2.81835
  18 k  1.0000000000000 bend   3    1    2      val= 121.58804
        18 non zero eigenvalues  of BmBt
           1           6.412153413    1    0
         1
           2           4.256415389    2    0
         2
           3           3.928724533    3    0
         3
           4           3.128133201    4    0
         4
           5           2.866890976    5    0
         5
           6           2.715952252    6    0
         6
           7           2.021505490    7    0
         7
           8           1.578935744    8    0
         8
           9           1.409299843    9    0
         9
          10           0.910099934   10    0
        10
          11           0.874506005   11    0
        11
          12           0.571110430   12    0
        12
          13           0.378429532   13    0
        13
          14           0.354881939   14    0
        14
          15           0.333173138   15    0
        15
          16           0.283875392   16    0
        16
          17           0.275585861   17    0
        17
          18           0.083033982   18    0
        18
$end
