$energy      SCF               SCFKIN            SCFPOT
     1 -191.7504734072      190.1426517238     -381.8931251311
     2 -191.7556947797      189.9045344676     -381.6602292473
     3 -191.7558941926      189.8155158431     -381.5714100357
     4 -191.7567061902      189.8285838964     -381.5852900866
     5 -191.7570948387      189.8530898344     -381.6101846731
     6 -191.7580910981      189.8892158578     -381.6473069559
     7 -191.7582313263      189.7482626978     -381.5064940241
     8 -191.7604795769      189.7112102183     -381.4716897952
     9 -191.7620787754      189.7439416090     -381.5060203844
    10 -191.7648933210      189.7851281954     -381.5500215164
    11 -191.7670191991      189.8246118704     -381.5916310696
    12 -191.7684535881      189.8651921868     -381.6336457749
    13 -191.7691298239      189.8797965591     -381.6489263831
    14 -191.7692931817      189.8899404829     -381.6592336646
    15 -191.7693016459      189.8704129020     -381.6397145479
    16 -191.7693659379      189.8629521515     -381.6323180894
    17 -191.7693662192      189.8600532777     -381.6294194969
    18 -191.7693664980      189.8600198198     -381.6293863178
    19 -191.7693665162      189.8600927626     -381.6294592788
$end
