$grad          cartesian gradients
  cycle =      1    SCF energy =     -191.7504734072   |dE/dxyz| =  0.068290
   -0.90419625000000     -0.02864000000000     -2.10468375000000      c
   -0.90419625000000     -0.02864000000000      0.42754625000000      c
    1.46880375000000     -0.02864000000000      1.79760625000000      c
    2.46710375000000      1.96795000000000      2.37396625000000      o
   -2.67166625000000     -0.02864000000000     -3.12513375000000      h
    0.86327375000000     -0.02864000000000     -3.12513375000000      h
   -2.67166625000000     -0.02864000000000      1.44800625000000      h
    2.35254375000000     -1.79611000000000      2.30782625000000      h
  0.45661695761116D-02  0.62415181354352D-03  -.11498481485037D-01
  0.84205854033086D-02  0.91226214654607D-02  0.22553164839951D-01
  -.67605451128953D-02  -.37954594682457D-01  -.12358793873745D-01
  -.81532365553706D-02  -.21767760873254D-02  -.41004791388823D-02
  0.12472749724509D-01  -.15202329562947D-02  0.11718644379010D-01
  -.12842089004461D-01  0.60824856906116D-03  0.12149227857431D-01
  0.14879434994724D-01  0.43273308482039D-03  -.11675268196256D-01
  -.12621509550317D-01  0.30801647843326D-01  -.68022849324860D-02
  cycle =      2    SCF energy =     -191.7556947797   |dE/dxyz| =  0.031694
   -0.93225179388145     -0.03811803447778     -2.14511483254775      c
   -0.90419218832334     -0.02696841992490      0.40315085980743      c
    1.49988408555861      0.01539352368403      1.85568415143508      c
    2.52482196786751      2.00052674564817      2.44895999090590      o
   -2.73354836863976      0.02929899688983     -3.17699413288920      h
    0.84693578821382     -0.07796678468546     -3.21826921788605      h
   -2.70321079927747     -0.07958677998419      1.44878707461495      h
    2.40156130848208     -1.82257924714971      2.38379610655963      h
  0.10079488243050D-02  -.76777141615429D-03  -.87067685629583D-02
  0.38237440095678D-02  0.65355677959202D-02  0.12532526019883D-01
  -.79405024071742D-02  -.20139648487010D-01  -.65916112063993D-02
  0.15798247672872D-02  0.67233936415776D-02  0.35485046159878D-03
  0.15239087071155D-02  0.10486824005116D-02  0.37474859836124D-02
  -.15276355621560D-02  -.10347588604961D-02  0.43070999311890D-02
  0.22328406526152D-02  -.16004174416300D-02  -.44101943265496D-02
  -.74177760713284D-03  0.91773690129098D-02  -.12479121759971D-02
  cycle =      3    SCF energy =     -191.7558941926   |dE/dxyz| =  0.016439
   -0.94997854993207     -0.04661666723072     -2.17368367447050      c
   -0.88793375179598     -0.05394967313891      0.37615703603115      c
    1.53220866854965      0.01170760258257      1.87822752451449      c
    2.56735682153261      1.97192378922873      2.50808476206348      o
   -2.77011177778992     -0.14899690106893     -3.20280024821157      h
    0.81325803237532      0.09665842715385     -3.29754660572199      h
   -2.69086321949924      0.04756677064552      1.45124856994682      h
    2.38606377655965     -1.87829334817213      2.46031263584810      h
  -.55876119187587D-03  0.23751493695809D-04  -.38084494192239D-02
  0.11503013758108D-02  -.15245260714080D-02  0.54181723990894D-02
  -.26701619281145D-02  -.85434987483995D-02  -.48274332601806D-02
  0.15951615431676D-02  0.47395280668684D-02  0.15464714548015D-02
  -.24904745407641D-02  -.31347777734523D-02  -.71724976068374D-04
  0.25249632303539D-02  0.39658037171001D-02  0.12018090514723D-03
  -.29519480890988D-02  0.50631025026661D-02  -.94688549943271D-03
  0.33602944121664D-02  -.61942735493115D-03  0.25567344795333D-02
  cycle =      4    SCF energy =     -191.7567061902   |dE/dxyz| =  0.008111
   -0.95063407898674     -0.03690769060157     -2.17544703585355      c
   -0.88286920134992     -0.03360932094846      0.37030957643578      c
    1.53338285676520      0.03707158305383      1.88342227290989      c
    2.58095638795560      1.98435631570070      2.51255279980474      o
   -2.77146148026894     -0.08675319786027     -3.20326228902117      h
    0.80809518561624      0.03247412799355     -3.31012767003682      h
   -2.68078460944499     -0.03276378253721      1.45595382889316      h
    2.36331493971357     -1.86386803480060      2.46659851686796      h
  -.67912972461653D-03  -.22685789495785D-03  -.21927539115619D-02
  0.51922173473214D-03  0.33492713408290D-03  0.28977327790968D-02
  -.86308923477624D-03  -.28813921238264D-02  -.28239833240775D-02
  0.55708700959167D-03  0.14315250926675D-02  0.10393841294825D-02
  -.18469432415443D-02  -.99650901818076D-03  -.30745665605098D-04
  0.20015663331982D-02  0.12596179789320D-02  -.33609993474959D-04
  -.24750261998020D-02  0.18203187699245D-02  -.66556858793757D-03
  0.27403399069179D-02  -.76037060570400D-03  0.18034140717120D-02
  cycle =      5    SCF energy =     -191.7570948387   |dE/dxyz| =  0.003279
   -0.94844268939655     -0.01601788093326     -2.17441157329115      c
   -0.87787457789645     -0.02768379078311      0.36642234137875      c
    1.52728574201718      0.05432505473281      1.89229393535344      c
    2.63871256924152      1.98800878650593      2.43334369807525      o
   -2.76391165002318     -0.05250851600648     -3.20401150133422      h
    0.80009714731791      0.04913383300565     -3.31719120066838      h
   -2.66115430467814     -0.14413563553368      1.46196950328346      h
    2.28528776341773     -1.85112185098789      2.54158479720284      h
  -.44420090507441D-03  -.11272384367404D-02  -.30711034784292D-03
  -.33229779102903D-03  0.15288986405474D-02  -.31332856686828D-04
  0.12719266341357D-03  0.32978303542475D-03  0.42029405312188D-03
  -.72525460819872D-03  -.67696809615470D-03  0.42278127833170D-03
  -.33015107000911D-03  0.59884899128472D-03  0.23325278793816D-03
  0.44808203954891D-03  -.52831814067568D-03  0.13747964695951D-03
  -.61039744424216D-03  0.13545214833341D-03  -.65083648031171D-03
  0.18319830291938D-02  -.20170172367676D-03  -.21625546082563D-03
  cycle =      6    SCF energy =     -191.7580910981   |dE/dxyz| =  0.015987
   -0.94843737896336      0.04306392648062     -2.17452992485983      c
   -0.86717108823050     -0.03080566636808      0.35744292037196      c
    1.52000616090582      0.08104498473460      1.90412130179125      c
    2.80236812457670      1.95328360773506      2.20160261862632      o
   -2.75584813107483     -0.01107538255484     -3.20598195821395      h
    0.77833512040211      0.16766243898643     -3.33417534076557      h
   -2.60225620602330     -0.40926799085364      1.46063956908036      h
    2.07300339840738     -1.79390591816019      2.79088081396945      h
  0.14964560723044D-03  -.31388319875175D-02  0.39530108942556D-02
  -.36247376989677D-02  0.42498461459227D-02  -.60860113025638D-02
  0.44711977344869D-02  0.54699212880404D-02  0.47205005353194D-02
  -.43567908300187D-02  -.43861839640464D-02  0.54214815060102D-03
  0.19929873849751D-02  0.30834438416314D-02  0.59732371949568D-03
  -.19790297565853D-02  -.34018889946670D-02  0.59907661261516D-04
  0.25924424948540D-02  -.19344951334915D-02  -.56504715265907D-03
  0.71030497718071D-03  0.53042937981085D-05  -.32428434003281D-02
  cycle =      7    SCF energy =     -191.7582313263   |dE/dxyz| =  0.030028
   -0.94685636550887      0.04397624969896     -2.18007074948046      c
   -0.88786347492087     -0.07005665361504      0.38501678914583      c
    1.51889379294994      0.03245001228175      1.88973127160383      c
    2.82560117547330      1.93353910571802      2.12361178613302      o
   -2.76014816477590     -0.10040118126846     -3.23248808845929      h
    0.81460167286044      0.30216177941371     -3.29909645715819      h
   -2.68026376452972     -0.32888088710743      1.46754705934622      h
    2.11603512845170     -1.81278842512155      2.84574838886904      h
  0.10529784324365D-04  -.24094235889644D-02  -.95879301452745D-02
  0.27461202187403D-02  0.18064006428034D-02  0.11456015293543D-01
  -.91167711758333D-02  -.13009386652180D-01  -.39115816888776D-02
  0.76056318518717D-02  0.14412384128890D-01  0.37069753786524D-02
  -.45270213126908D-02  -.58125427840850D-03  -.22293588437143D-02
  0.41915363679015D-02  0.11793083882394D-02  -.22977784436133D-02
  -.50012561610950D-02  0.22761231182646D-02  0.18154021463025D-02
  0.40426306215946D-02  -.37310653358693D-02  0.10581376599535D-02
  cycle =      8    SCF energy =     -191.7604795769   |dE/dxyz| =  0.038007
   -0.95058192139157      0.10259007337798     -2.18167509978918      c
   -0.88588367888726     -0.08689033283207      0.38897032662592      c
    1.51438794212230      0.03700237952823      1.89214085589733      c
    2.99260158699202      1.83560087776457      1.88046717299952      o
   -2.75474719321371     -0.10110860382769     -3.24941950508759      h
    0.79844318842815      0.47571278091852     -3.29516435585502      h
   -2.64719687811126     -0.55163464580016      1.46315530558305      h
    1.93297695406136     -1.71127252912942      3.10152529962596      h
  0.42138589684278D-03  -.30767190984528D-02  -.11565278748275D-01
  0.25110275236042D-02  0.42780772426163D-02  0.13050352320210D-01
  -.12224220689588D-01  -.15745481669861D-01  -.21481955363472D-02
  0.12429401728711D-01  0.19134737961172D-01  0.25649536815783D-02
  -.56052057733043D-02  -.26691571594942D-03  -.34420675602719D-02
  0.48662694391786D-02  0.86680999385481D-03  -.37866781834701D-02
  -.59571907549839D-02  0.37045610247558D-03  0.34515595364321D-02
  0.35615125923433D-02  -.55911528741651D-02  0.18540783761365D-02
  cycle =      9    SCF energy =     -191.7620787754   |dE/dxyz| =  0.034765
   -0.94546729012714      0.12505310967708     -2.16701992989416      c
   -0.89372983886473     -0.10790092202286      0.39718185176637      c
    1.49962846422863      0.03235157215419      1.88571613781619      c
    3.04915558086837      1.76081356290082      1.73203018440781      o
   -2.73296926822670     -0.10720123177830     -3.24872682774075      h
    0.80084597963976      0.57302387521208     -3.24896304974083      h
   -2.64401106371031     -0.63475832704747      1.45007820677858      h
    1.86654743619216     -1.64138163909557      3.19970342660679      h
  0.92864760764370D-03  -.35064607391469D-02  -.10578300134606D-01
  0.34841617923535D-02  0.46050074491920D-02  0.12209885537465D-01
  -.13418156229396D-01  -.14627904110805D-01  -.52598334284798D-03
  0.11130191535255D-01  0.16369070252195D-01  0.88827543634355D-03
  -.45754986149012D-02  -.36022815362653D-03  -.25704375981226D-02
  0.38103134153925D-02  0.11650373624534D-02  -.28101792429640D-02
  -.48572370092403D-02  0.70132776639221D-03  0.26858959034542D-02
  0.34627618878095D-02  -.43545212597155D-02  0.71497315574642D-03
  cycle =     10    SCF energy =     -191.7648933210   |dE/dxyz| =  0.030340
   -0.94321346761614      0.17497944779300     -2.14511649832690      c
   -0.90213428378234     -0.14475809886493      0.40635717920602      c
    1.48209526513631      0.02843146653617      1.87280783764806      c
    3.16450385290116      1.58257851644162      1.47658926470325      o
   -2.70032302015196     -0.11453798974138     -3.25290736221276      h
    0.78802210675994      0.75799873466680     -3.17627387986557      h
   -2.61740551047901     -0.81650430450013      1.42060011565414      h
    1.72845505723207     -1.46818777233117      3.39794334319375      h
  0.18759398610994D-02  -.35004835054158D-02  -.86421864616884D-02
  0.44749739701273D-02  0.57675754954630D-02  0.11507893336215D-01
  -.14573902169460D-01  -.11579700447143D-01  0.46481995018376D-03
  0.98375228806525D-02  0.11924514572843D-01  -.13644262956400D-02
  -.32360349439495D-02  -.58994269910403D-03  -.16199696517551D-02
  0.23820947116200D-02  0.12813153594268D-02  -.18375588254915D-02
  -.34263023086452D-02  -.59071749562697D-04  0.17024160050300D-02
  0.27142579180225D-02  -.32523049435776D-02  -.23847971204946D-03
  cycle =     11    SCF energy =     -191.7670191991   |dE/dxyz| =  0.024469
   -0.94581256579942      0.21891611573686     -2.12682056506137      c
   -0.90260315239856     -0.20031185808041      0.40539447062522      c
    1.47361085861289      0.02128456670147      1.85810702341758      c
    3.25748686441345      1.38354184332257      1.27004759315522      o
   -2.67642973336972     -0.10416606979352     -3.25798323745735      h
    0.76450445171774      0.92379212745307     -3.10688149519076      h
   -2.58256275133592     -0.98447240018307      1.38437829188330      h
    1.61180602815957     -1.25858432515699      3.57375791862815      h
  0.27353104500742D-02  -.28666123704139D-02  -.62839534457186D-02
  0.45471761623986D-02  0.54624823006442D-02  0.11274342421531D-01
  -.13458918011981D-01  -.71689631966475D-02  -.94117744976688D-03
  0.73876444341150D-02  0.71224254255555D-02  -.21397107156526D-02
  -.19428893318996D-02  -.69769721768136D-03  -.76192810345763D-03
  0.11269595700553D-02  0.12376926544952D-02  -.94928400795967D-03
  -.20793452354820D-02  -.63161654512642D-03  0.47390478055290D-03
  0.17167026210539D-02  -.23894678475661D-02  -.67345923192816D-03
  cycle =     12    SCF energy =     -191.7684535881   |dE/dxyz| =  0.014772
   -0.95600278341289      0.25581436292424     -2.11504565832514      c
   -0.88851660044346     -0.27389647074148      0.38741225375226      c
    1.47755563202895      0.00955075719532      1.84610184885367      c
    3.33548075493291      1.18634972059742      1.13291527900910      o
   -2.67082303663036     -0.07262379556386     -3.25873656826742      h
    0.72849168092625      1.05833676836160     -3.05393735832095      h
   -2.53485808032581     -1.13588427152387      1.34321520229661      h
    1.50867243292445     -1.02764707124939      3.71807500100187      h
  0.26582265293145D-02  -.20390851237799D-02  -.29764724158822D-02
  0.30164518952186D-02  0.41166321807873D-02  0.87551694088619D-02
  -.79363020182115D-02  -.22381934616829D-02  -.32905907834889D-02
  0.26244422449788D-02  0.18868392577389D-02  -.84366790290380D-03
  -.42932901080081D-03  -.50367257798474D-03  0.16146592161040D-03
  -.16583028120834D-03  0.64873598251899D-03  0.38584027317226D-04
  -.43559804839066D-03  -.55834128734550D-03  -.83004789236149D-03
  0.69276545827061D-03  -.13220225124909D-02  -.10526434073156D-02
  cycle =     13    SCF energy =     -191.7691298239   |dE/dxyz| =  0.006694
   -0.97620445725251      0.26967315209120     -2.12704277644442      c
   -0.84517668834876     -0.36479031167009      0.33685241757203      c
    1.50418172577714     -0.01013101577132      1.85451453951675      c
    3.38244443472372      1.10728096960976      1.13481803968827      o
   -2.71051478303793     -0.00921221229588     -3.24786471456513      h
    0.68915364051309      1.09523862784044     -3.07532979359253      h
   -2.48643873676505     -1.20150957205915      1.31748863381384      h
    1.44255486439035     -0.88654963774497      3.80656365401119      h
  -.52676567928811D-03  -.13452965489875D-02  0.14374885591154D-02
  0.23379268768220D-04  0.66346076049245D-03  -.20600345183913D-02
  0.32438693133746D-02  0.14681761549377D-02  -.14830458779260D-02
  -.33284063978015D-02  -.13470717991559D-02  0.21323915267885D-02
  0.61878718550215D-03  0.12298081976636D-03  0.49840863485029D-03
  -.72554954828435D-03  -.35757225833934D-03  0.47140218830502D-03
  0.33086047764619D-03  0.11099700011107D-02  -.60238926427778D-03
  0.35758350952337D-03  -.34784866527102D-03  -.41894173666374D-03
  cycle =     14    SCF energy =     -191.7692931817   |dE/dxyz| =  0.005080
   -0.98414734578775      0.30519109793076     -2.10845352516222      c
   -0.83783791186582     -0.42105389806486      0.33032974829424      c
    1.49681671999306     -0.01578615790365      1.84393822496870      c
    3.45324314898528      0.88157069980382      1.02468184179841      o
   -2.69720199341487      0.00072453408381     -3.25197772543463      h
    0.65534822392442      1.23656266515467     -2.99957288200971      h
   -2.44205311824998     -1.35553125339632      1.27749182032323      h
    1.35583227641572     -0.63167768760822      3.88356249722199      h
  -.13829097736897D-03  -.29671808754220D-03  0.65523396134068D-03
  0.24699081554460D-03  0.41233991482506D-03  0.43752442608058D-03
  0.83769630561659D-03  0.16806403853132D-02  -.10107089242763D-02
  -.24250191804778D-02  -.19030789984517D-02  0.95810662025875D-03
  0.10442433748190D-02  -.45820834303829D-04  0.84851012970122D-03
  -.83096515510264D-03  -.43298385654357D-03  0.96811771373465D-03
  0.12969789601499D-02  0.38513477633997D-03  -.12480181550809D-02
  0.21107930412746D-04  0.28387915364726D-03  -.16672782019140D-02
  cycle =     15    SCF energy =     -191.7693016459   |dE/dxyz| =  0.004342
   -0.98001566612316      0.28315323898594     -2.12378476752174      c
   -0.83855178202108     -0.39464736381122      0.32973942287885      c
    1.50493363840301     -0.01732465067914      1.85295335431737      c
    3.41172179815180      1.02875718138577      1.09497785936986      o
   -2.71209402748325      0.00425625913030     -3.24980595390605      h
    0.67656114214462      1.14609051221606     -3.05681017433393      h
   -2.46887056890541     -1.26173784995220      1.30555784274285      h
    1.40631546583352     -0.78854732727550      3.84717241645280      h
  -.55173897732741D-03  -.76115909921941D-03  0.98881490305150D-03
  0.92140856666895D-04  0.39874074409720D-03  -.19312301103342D-02
  0.23302062120998D-02  0.47894784582886D-03  -.47908415017689D-03
  -.21000770831685D-02  -.59942251630885D-03  0.12362671609966D-02
  0.34959950422236D-03  0.97849753328862D-04  0.27411699798024D-03
  -.36854088779700D-03  -.20372460492718D-03  0.23338676387902D-03
  0.87872074914092D-04  0.63046068838229D-03  -.15209646928488D-03
  0.10932008403965D-03  -.57888166677553D-04  -.16627693983515D-03
  cycle =     16    SCF energy =     -191.7693659379   |dE/dxyz| =  0.000571
   -0.98194827576811      0.29661392965031     -2.11703537263787      c
   -0.83843941558189     -0.41480685223989      0.32956646535977      c
    1.50097636553377     -0.01900611003664      1.84944821681218      c
    3.43743962810753      0.94611904876834      1.05135383030529      o
   -2.70617577337719      0.00771084478822     -3.25424976289442      h
    0.66680670891194      1.19884561563941     -3.02861685325773      h
   -2.45579977911862     -1.32028312798263      1.29366251115983      h
    1.37714054129261     -0.69519334858712      3.87587096515297      h
  -.11596224416806D-03  -.10769080993737D-03  0.83793896041351D-04
  0.22760797614746D-03  0.17154612386595D-03  -.20270485651216D-03
  0.10564980492578D-03  0.89400763944703D-04  0.59115622576489D-04
  -.24867498423964D-03  -.11410267754602D-03  0.55800297197262D-04
  0.86081609816047D-04  -.28522363299380D-04  0.10396203582716D-03
  -.64371501002691D-04  0.42655831738875D-05  0.99408395399375D-04
  0.17703845856532D-04  0.12412588319577D-04  -.27459688800524D-04
  -.23202801522805D-04  0.20013740945762D-04  -.18900738177433D-03
  cycle =     17    SCF energy =     -191.7693662192   |dE/dxyz| =  0.000293
   -0.98187544025139      0.29693902769788     -2.11697924224928      c
   -0.83882377852726     -0.41624652744767      0.32962189831089      c
    1.50096505314127     -0.01952488404847      1.84935172214548      c
    3.43742262949372      0.94567453268662      1.05027344035471      o
   -2.70629568057917      0.00925356749798     -3.25485020486783      h
    0.66739075914298      1.19892871486490     -3.02842734110775      h
   -2.45615428306311     -1.32187151580808      1.29394656801297      h
    1.37737074064301     -0.69315291544316      3.87706315940083      h
  -.42977981268788D-04  -.13759596134283D-05  -.72269971827243D-05
  0.13523956714884D-03  0.64530723520285D-04  -.79548515752009D-04
  -.13589511209200D-03  -.79548674826846D-04  0.10054982548410D-03
  0.53503155831747D-04  0.64210285967481D-04  -.70632784570840D-04
  0.11788256345624D-04  -.26362031660815D-04  0.38649393496903D-04
  -.14292945679423D-04  0.20434595582888D-04  0.28416167308393D-04
  -.12974876210742D-04  -.18447774584304D-04  0.26211556880137D-04
  -.99579238550000D-05  0.23386075501536D-04  -.53736072134297D-04
  cycle =     18    SCF energy =     -191.7693664980   |dE/dxyz| =  0.000109
   -0.98182335008577      0.29675240134956     -2.11705619231138      c
   -0.83915294146431     -0.41612091158286      0.32979380986849      c
    1.50102132531436     -0.01939503617774      1.84937958821102      c
    3.43701013189618      0.94695516467476      1.05070232623064      o
   -2.70637421419528      0.00967060994807     -3.25511859595587      h
    0.66776492624982      1.19795250721589     -3.02886059701053      h
   -2.45653005142337     -1.32145550563052      1.29426919833097      h
    1.37808417370842     -0.69435922979716      3.87689046263667      h
  -.42443756765320D-05  0.15763993585591D-04  -.57666245535437D-04
  0.23029414373210D-04  0.60720091981242D-05  0.25861306847036D-04
  0.18102266281572D-04  0.29328509108528D-05  0.23777453986434D-04
  -.71943134014596D-05  0.35897039848798D-04  -.18661019959731D-04
  -.38306520297265D-04  -.22914644668318D-04  -.17256422380485D-05
  0.12279474251781D-04  0.29992863407283D-04  -.68176866564185D-05
  -.11352117989416D-04  -.22789597295708D-04  0.23310081563227D-04
  -.88899191976683D-05  0.10557769498515D-05  -.48071456510979D-05
$end
