$coord
   -1.28760081119715      2.23019002486034     -3.28002442737126  p
   -1.70763272740643      2.95770664453536      0.66480845133278  p
    0.00000000000000      0.00000000000000      3.04507416399577  p
   -2.96599757667955      5.13725849793512      1.60019125470657  h
   -1.28760081119715     -2.23019002486034     -3.28002442737126  p
    2.57520162239430      0.00000000000000     -3.28002442737126  p
   -1.70763272740643     -2.95770664453536      0.66480845133278  p
    3.41526545481287      0.00000000000000      0.66480845133278  p
   -2.96599757667955     -5.13725849793512      1.60019125470657  h
    5.93199515335909      0.00000000000000      1.60019125470657  h
$user-defined bonds
$redundant
     number_of_atoms            10
     degrees_of_freedom          6
     internal_coordinates        8
     frozen_coordinates          0
# definitions of redundant internals
   1 k  1.7320508075689 stre   2    4           val=   2.68493
   2 k -1.2247448713916 bend   1    4    2      val=   1.16348
        1.2247448713916 bend   3    4    2
   3 k  1.7320508075689 stre   1    2           val=   4.03329
   4 k  1.7320508075689 stre   1    5           val=   4.46038
   5 k  2.4494897427832 bend   5    2    1      val= 100.39178
   6 k  1.7320508075689 stre   2    3           val=   4.16290
   7 k  1.7320508075689 bend   3    1    2      val= 112.85280
   8 k  1.7320508075689 bend   7    2    3      val=  90.55001
         6 non zero eigenvalues  of BmBt
           1           2.000054921    1    0
         1
           2           0.889037568    2    0
         2
           3           3.272678374    0    0
         0.000000000         0.000000000         0.296193042        -0.920171306
         0.142238298        -0.129551145        -0.158433196         0.058635649
           4           1.319317105    0    0
         0.000000000         0.000000000        -0.847343638        -0.173751169
         0.032042351        -0.471283473        -0.114742517         0.124573757
           5           1.096434805    0    0
         0.000000000         0.000000000         0.435970560         0.276971009
        -0.107112561        -0.775628483        -0.137801264         0.318048579
           6           0.304219928    0    0
         0.000000000         0.000000000         0.030217633        -0.147270082
        -0.344729027        -0.331275532         0.670988316        -0.546435282
$end
