$coord
    2.37229187536423      8.30693372050474      2.50519064033229  o
   -2.20488518497247      3.50659560247736     -1.42919207646042  n
    3.99235306716680      3.49243639020539      1.49365533955602  n
    1.62184545455029      1.71117479657598     -2.86092486363383  n
   -1.76864341974932      7.08761138526139      1.56312024267506  n
   -5.56569665822546      4.71191298416331      1.31036539123161  n
    0.15023413099494      3.01828575527603     -1.14599272068932  c
    1.56213745719450      4.17337085403274      1.00089449377106  c
   -2.93724734527719      4.70978530653761      0.92742349736932  c
    0.80212607609210      6.74693672678734      1.80669008516596  c
    5.43242601398721      1.90849960362644     -0.26993812213850  c
    3.61962174920943      0.19299115222169     -1.69822410817838  c
    7.38545612688373      0.41447645436920      1.23963762200026  c
   -2.37883975715074      8.76981972910916      0.83892154178630  h
    2.87412706433289     -1.24678431474801     -0.39452654312118  h
   -6.02223736781128      5.00208196331371      3.15523121405605  h
   -6.35500088689907      3.09684577355995      0.63232048483583  h
    8.49632107029355     -0.78290634164082     -0.03421548201216  h
    8.69658256801065      1.75524350032518      2.15591687769685  h
    6.24130930157698     -1.20944237593875      3.01645124806242  o
    5.12275036376543     -0.17982153222640      4.03476647720869  h
    4.97306196379992      4.91334358743148      2.36664986873170  h
    0.53794471384939      0.77458213004911     -4.14430993741140  h
    4.68096919329563     -0.76790858855149     -3.19644268506064  h
    6.40082206682689      3.14336974923005     -1.64464209869433  h
$user-defined bonds
$redundant
     number_of_atoms            25
     degrees_of_freedom         69
     internal_coordinates       69
     frozen_coordinates          0
# definitions of redundant internals
   1 k  1.0000000000000 stre  10    1           val=   2.32097
   2 k  0.7071150808078 bend   8    1   10      val=  -3.03874
       -0.7070984814679 bend   5    1   10
   3 k  1.0000000000000 outp   1    5    8   10 val=  -1.79636
   4 k  1.0000000000000 stre   5   14           val=   1.93045
   5 k  0.7073473651735 bend   9   14    5      val=   2.56679
       -0.7068661153161 bend  10   14    5
   6 k  1.0000000000000 outp  14   10    9    5 val=  30.18470
   7 k  1.0000000000000 stre  12   24           val=   2.07230
   8 k  1.0000000000000 stre  12   15           val=   2.08047
   9 k  0.0689399674111 bend  15   24   12      val=   0.85318
       -0.4804419378409 bend   4   24   12
       -0.5328548864670 bend   4   15   12
        0.4969188979909 bend  11   24   12
        0.4832805645221 bend  11   15   12
  10 k  0.0216425883183 bend  15   24   12      val=   0.52182
        0.5542847306755 bend   4   24   12
       -0.5132976364809 bend   4   15   12
        0.4474752103106 bend  11   24   12
       -0.4781124431046 bend  11   15   12
  11 k -0.8920046077284 bend  15   24   12      val=   0.51760
        0.2082627859261 bend   4   24   12
        0.1696628376850 bend   4   15   12
        0.2558036778018 bend  11   24   12
        0.2583280699449 bend  11   15   12
  12 k -0.0127904207557 bend  15   24   12      val=   1.56532
       -0.4643024586507 bend   4   24   12
        0.4608707509412 bend   4   15   12
        0.5508954364315 bend  11   24   12
       -0.5180463310107 bend  11   15   12
  13 k  0.5000000000000 tors  17    6    9    2 val=  76.80133
        0.5000000000000 tors  17    6    9    5
        0.5000000000000 tors  16    6    9    2
        0.5000000000000 tors  16    6    9    5
  14 k  1.0000000000000 stre   6   17           val=   1.92125
  15 k  1.0000000000000 stre   6   16           val=   1.92254
  16 k  0.8371808570294 bend  16   17    6      val=   4.55254
       -0.3970626481273 bend   9   17    6
       -0.3761242694716 bend   9   16    6
  17 k  0.0188492597486 bend  16   17    6      val=   8.18430
       -0.6663505509205 bend   9   17    6
        0.7454003278071 bend   9   16    6
  18 k  0.5466012422510 bend  16   17    6      val= 111.40692
        0.6311245493166 bend   9   17    6
        0.5503715883106 bend   9   16    6
  19 k  1.0000000000000 stre  13   18           val=   2.07134
  20 k  1.0000000000000 stre  13   19           val=   2.08717
  21 k -0.0174739635886 bend  19   18   13      val=   0.22027
        0.4822850845138 bend  20   18   13
        0.5277873004755 bend  20   19   13
       -0.5089204912850 bend  11   18   13
       -0.4790994227287 bend  11   19   13
  22 k -0.0049138278050 bend  19   18   13      val=   0.13143
        0.5538566724181 bend  20   18   13
       -0.5029550020645 bend  20   19   13
        0.4566284545247 bend  11   18   13
       -0.4813993779918 bend  11   19   13
  23 k  0.8997109725110 bend  19   18   13      val=   1.06257
       -0.2143472301963 bend  20   18   13
       -0.2000336694167 bend  20   19   13
       -0.2099408204774 bend  11   18   13
       -0.2459406713974 bend  11   19   13
  24 k -0.0193280771768 bend  19   18   13      val=   2.44626
       -0.4628890406113 bend  20   18   13
        0.4756576119946 bend  20   19   13
        0.5411077177661 bend  11   18   13
       -0.5160546826066 bend  11   19   13
  25 k  1.0000000000000 tors  21   20   13   11 val= -53.92867
  26 k  1.0000000000000 stre  20   21           val=   1.82982
  27 k  1.0000000000000 bend  13   21   20      val= 106.89293
  28 k  1.0000000000000 stre   3   22           val=   1.93465
  29 k -0.7057890123986 bend   8   22    3      val=   2.47451
        0.7084220987359 bend  11   22    3
  30 k  0.7084220987359 bend   8   22    3      val= 114.03874
        0.7057890123986 bend  11   22    3
  31 k  1.0000000000000 stre   4   23           val=   1.92331
  32 k  0.7080903592399 bend   7   23    4      val=  -1.58222
       -0.7061218330795 bend  12   23    4
  33 k  0.7061218330795 bend   7   23    4      val= 113.11797
        0.7080903592399 bend  12   23    4
  34 k  1.0000000000000 stre  11   25           val=   2.08627
  35 k  0.8104118118418 bend   3   25   11      val=   1.30029
       -0.2701849037006 bend  13   25   11
       -0.5198392184509 bend  12   25   11
  36 k  0.1447483911531 bend   3   25   11      val=  -0.41364
       -0.7674596208158 bend  13   25   11
        0.6245427396710 bend  12   25   11
  37 k  1.0000000000000 stre   9    6           val=   2.65620
  38 k  0.7072074049948 bend   2    6    9      val=  -0.04664
       -0.7070061430572 bend   5    6    9
  39 k  1.0000000000000 outp   6    5    2    9 val=  41.00913
  40 k  0.7071067811865 tors  20   13   11    3 val=   1.45926
        0.7071067811865 tors  20   13   11   12
  41 k  1.0000000000000 stre  13   20           val=   2.66519
  42 k  1.0000000000000 bend  11   20   13      val= 111.94475
  43 k  1.0000000000000 stre  11   13           val=   2.88535
  44 k  0.7196633397855 bend   3   13   11      val=   0.04586
       -0.6943231793400 bend  12   13   11
  45 k  0.6943231793400 bend   3   13   11      val= 110.29360
        0.7196633397855 bend  12   13   11
  46 k  1.0000000000000 stre   7    2           val=   2.42182
  47 k  1.0000000000000 stre   2    9           val=   2.74548
  48 k  1.0000000000000 stre   9    5           val=   2.72467
  49 k  1.0000000000000 stre   5   10           val=   2.60466
  50 k  1.0000000000000 stre  10    8           val=   2.80181
  51 k -0.2886751345948 bend   8    2    7      val=   3.27479
       -0.2886751345948 bend   7    9    2
        0.5773502691896 bend   2    5    9
       -0.2886751345948 bend   9   10    5
       -0.2886751345948 bend   5    8   10
        0.5773502691896 bend  10    7    8
  52 k  0.5000000000000 bend   8    2    7      val=   3.35916
       -0.5000000000000 bend   7    9    2
        0.5000000000000 bend   9   10    5
       -0.5000000000000 bend   5    8   10
  53 k -0.4082482904639 bend   8    2    7      val=  -2.94128
        0.4082482904639 bend   7    9    2
       -0.4082482904639 bend   2    5    9
        0.4082482904639 bend   9   10    5
       -0.4082482904639 bend   5    8   10
        0.4082482904639 bend  10    7    8
  54 k -0.2886751345948 tors   7    2    9    5 val=  -1.56353
       -0.2886751345948 tors   2    9    5   10
        0.5773502691896 tors   9    5   10    8
       -0.2886751345948 tors   5   10    8    7
       -0.2886751345948 tors  10    8    7    2
        0.5773502691896 tors   8    7    2    9
  55 k  0.5000000000000 tors   7    2    9    5 val=  48.43439
       -0.5000000000000 tors   2    9    5   10
        0.5000000000000 tors   5   10    8    7
       -0.5000000000000 tors  10    8    7    2
  56 k -0.4082482904639 tors   7    2    9    5 val= -12.78563
        0.4082482904639 tors   2    9    5   10
       -0.4082482904639 tors   9    5   10    8
        0.4082482904639 tors   5   10    8    7
       -0.4082482904639 tors  10    8    7    2
        0.4082482904639 tors   8    7    2    9
  57 k  1.0000000000000 stre   7    4           val=   2.61059
  58 k  1.0000000000000 stre   4   12           val=   2.76548
  59 k  1.0000000000000 stre  12   11           val=   2.87563
  60 k  1.0000000000000 stre  11    3           val=   2.77361
  61 k  1.0000000000000 stre   3    8           val=   2.57147
  62 k -0.2886751345948 bend   8    4    7      val=   0.15953
       -0.2886751345948 bend   7   12    4
        0.5773502691896 bend   4   11   12
       -0.2886751345948 bend  12    3   11
       -0.2886751345948 bend  11    8    3
        0.5773502691896 bend   3    7    8
  63 k  0.5000000000000 bend   8    4    7      val=  -2.75404
       -0.5000000000000 bend   7   12    4
        0.5000000000000 bend  12    3   11
       -0.5000000000000 bend  11    8    3
  64 k -0.4082482904639 bend   8    4    7      val=  -0.35961
        0.4082482904639 bend   7   12    4
       -0.4082482904639 bend   4   11   12
        0.4082482904639 bend  12    3   11
       -0.4082482904639 bend  11    8    3
        0.4082482904639 bend   3    7    8
  65 k -0.2886751345948 tors   7    4   12   11 val=   4.47844
       -0.2886751345948 tors   4   12   11    3
        0.5773502691896 tors  12   11    3    8
       -0.2886751345948 tors  11    3    8    7
       -0.2886751345948 tors   3    8    7    4
        0.5773502691896 tors   8    7    4   12
  66 k  0.5000000000000 tors   7    4   12   11 val= -22.93868
       -0.5000000000000 tors   4   12   11    3
        0.5000000000000 tors  11    3    8    7
       -0.5000000000000 tors   3    8    7    4
  67 k -0.4082482904639 tors   7    4   12   11 val=  34.68343
        0.4082482904639 tors   4   12   11    3
       -0.4082482904639 tors  12   11    3    8
        0.4082482904639 tors  11    3    8    7
       -0.4082482904639 tors   3    8    7    4
        0.4082482904639 tors   8    7    4   12
  68 k  0.7071067811865 tors  10    8    7    3 val= 162.79695
        0.7071067811865 tors   2    8    7    4
  69 k  1.0000000000000 stre   7    8           val=   2.81724
        69 non zero eigenvalues  of BmBt
           1          10.831390534    1    0
         1
           2           6.995669970    2    0
         2
           3           5.598317816    3    0
         3
           4           4.673927717    4    0
         4
           5           4.557313647    5    0
         5
           6           4.366016442    6    0
         6
           7           4.237393400    7    0
         7
           8           4.031733777    8    0
         8
           9           3.816408321    9    0
         9
          10           3.600096812   10    0
        10
          11           3.558358613   11    0
        11
          12           3.521026902   12    0
        12
          13           3.341788635   13    0
        13
          14           3.231659623   14    0
        14
          15           3.202242722   15    0
        15
          16           3.023523030   16    0
        16
          17           2.999792043   17    0
        17
          18           2.712567278   18    0
        18
          19           2.623688597   19    0
        19
          20           2.410814949   20    0
        20
          21           2.273146648   21    0
        21
          22           2.177497553   22    0
        22
          23           2.048590089   23    0
        23
          24           1.789903885   24    0
        24
          25           1.744486443   25    0
        25
          26           1.676585903   26    0
        26
          27           1.544443045   27    0
        27
          28           1.498690950   28    0
        28
          29           1.462141598   29    0
        29
          30           1.230691032   30    0
        30
          31           1.119609521   31    0
        31
          32           1.044748715   32    0
        32
          33           0.992435019   33    0
        33
          34           0.943905845   34    0
        34
          35           0.898868636   35    0
        35
          36           0.770014352   36    0
        36
          37           0.755425395   37    0
        37
          38           0.736338407   38    0
        38
          39           0.717426928   39    0
        39
          40           0.558148368   40    0
        40
          41           0.527697614   41    0
        41
          42           0.478454390   42    0
        42
          43           0.473663673   43    0
        43
          44           0.456956614   44    0
        44
          45           0.411215614   45    0
        45
          46           0.382219287   46    0
        46
          47           0.344639304   47    0
        47
          48           0.326755842   48    0
        48
          49           0.323510313   49    0
        49
          50           0.312274907   50    0
        50
          51           0.305021118   51    0
        51
          52           0.289792118   52    0
        52
          53           0.267935654   53    0
        53
          54           0.265001607   54    0
        54
          55           0.219798027   55    0
        55
          56           0.169984567   56    0
        56
          57           0.157673018   57    0
        57
          58           0.131489366   58    0
        58
          59           0.104331557   59    0
        59
          60           0.096292259   60    0
        60
          61           0.076514058   61    0
        61
          62           0.071118700   62    0
        62
          63           0.066045870   63    0
        63
          64           0.056895358   64    0
        64
          65           0.046506144   65    0
        65
          66           0.035699289   66    0
        66
          67           0.028644586   67    0
        67
          68           0.017492733   68    0
        68
          69           0.007094538   69    0
        69
$end
