$energy      SCF               SCFKIN            SCFPOT            ADC(2)
     1 -693.6064963552      692.984342     -1386.59084     -2.008813964078
     2 -693.5969380851      692.705617     -1386.30256     -2.032883330412
     3 -693.5750200625      692.614486     -1386.18951     -2.065770340757
     4 -693.5571954151      692.606005     -1386.16320     -2.087884299515
     5 -693.5396289655      692.625114     -1386.16474     -2.108245279939
     6 -693.5276431208      692.620323     -1386.14797     -2.122214245146
     7 -693.5217063547      692.622628     -1386.14433     -2.131753571171
     8 -693.5130487108      692.655804     -1386.16885     -2.144068182657
     9 -693.4963662941      692.696743     -1386.19311     -2.163879613513
    10 -693.4783926690      692.740814     -1386.21921     -2.184085906620
    11 -693.4577798094      692.770194     -1386.22797     -2.205430965122
    12 -693.4533636461      692.778088     -1386.23145     -2.207074208532
    13 -693.4534731390      692.772310     -1386.22578     -2.209347168429
    14 -693.4438354973      692.771787     -1386.21562     -2.218321113388
    15 -693.4457802189      692.749021     -1386.19480     -2.217881149225
    16 -693.4441041861      692.737624     -1386.18173     -2.220181289689
    17 -693.4437159395      692.730549     -1386.17426     -2.220690517594
    18 -693.4429369538      692.715097     -1386.15803     -2.221491020468
    19 -693.4426345362      692.723925     -1386.16656     -2.221810484793
    20 -693.4430976374      692.721592     -1386.16469     -2.221358809432
    21 -693.4425186639      692.724329     -1386.16685     -2.221950280020
    22 -693.4418081720      692.724528     -1386.16634     -2.222665462904
    23 -693.4403119561      692.723739     -1386.16405     -2.224165974252
    24 -693.4400098809      692.722625     -1386.16263     -2.224466282519
    25 -693.4398914168      692.721428     -1386.16132     -2.224585565012
    26 -693.4396899075      692.721233     -1386.16092     -2.224790139461
    27 -693.4396242172      692.721082     -1386.16071     -2.224856409763
    28 -693.4396488729      692.721315     -1386.16096     -2.224832609056
$end
