$hessapprox internal
  0.100391524823D+01 -0.128690681924D-01  0.421756212964D+00 -0.110315772477D-02
  0.671873671850D-03  0.189447882497D+00 -0.130031355106D-02  0.295429326031D-02
 -0.168451411404D-02  0.470133473884D+00 -0.870757335415D-02 -0.151924692772D-01
  0.848955174929D-02  0.193858979293D-01  0.341117796132D+00 -0.116096834938D-01
 -0.295766968561D-02  0.109010189499D-01 -0.829674614721D-02  0.175121680574D-01
  0.770049430191D-01  0.853770321804D-03 -0.925118215100D-03 -0.644745042830D-03
 -0.416829384212D-04 -0.715408011346D-03 -0.821425236784D-03  0.420522886316D+00
  0.192285431117D-02 -0.806548584574D-03 -0.598506310714D-03  0.309051746848D-02
 -0.263122764887D-02  0.125452360484D-02  0.227282999626D-04  0.417343041136D+00
 -0.144594866654D-02 -0.545124223730D-03 -0.878188445653D-03 -0.540161139681D-02
  0.577283174651D-02 -0.284584853122D-02 -0.152925760175D-03  0.158010990916D-03
  0.339314923861D+00  0.157740274577D-03  0.424817178933D-03  0.103601622362D-02
  0.741070516491D-03 -0.460631828241D-02  0.101633482022D-02  0.596855472352D-03
  0.683186585241D-03  0.708315674085D-03  0.340625364335D+00 -0.159900527701D-02
 -0.192776998122D-02  0.438619616058D-03  0.166705592395D-03  0.130285358654D-02
  0.209909653926D-03 -0.338188021768D-03 -0.476592871618D-03 -0.276369669671D-03
 -0.939498272417D-04  0.318518723112D+00 -0.135529901462D-02 -0.641041615847D-02
  0.509507535240D-03  0.734867346164D-02 -0.110603557084D-01 -0.480839933461D-03
 -0.405716480835D-03 -0.959053901434D-03  0.159874464124D-02 -0.796013075547D-03
 -0.446446263128D-03  0.336922310667D+00  0.742574078092D-03  0.193151465320D-02
  0.283649705911D-02 -0.586339755433D-03 -0.844897885762D-02  0.258681901270D-02
  0.219159942803D-03 -0.232810160119D-03  0.258156323861D-02 -0.279708965240D-02
  0.338819253142D-03 -0.128342494211D-02  0.147434255894D-01  0.209782027686D-02
  0.275094624307D-02  0.233369575291D-03 -0.100811840210D-02  0.244922385359D-02
  0.447177801031D-03 -0.128623504050D-03  0.105817286974D-04  0.574767821438D-03
  0.814588725083D-03  0.319693738766D-04  0.311945523180D-03  0.800309846396D-03
  0.512595592598D+00  0.270034093794D-02  0.109080305493D-02  0.142686510523D-02
  0.366765307705D-02 -0.183281360724D-02  0.241203611316D-02 -0.262590185805D-03
 -0.124706202449D-03  0.118812932751D-02  0.758336473312D-03  0.174165521356D-03
 -0.156136473302D-02  0.199280228033D-03 -0.748455575999D-03  0.511270514951D+00
  0.277801075882D-02 -0.703793503652D-03 -0.918166208799D-03 -0.125413782902D-02
 -0.313728191237D-03 -0.155290171627D-02 -0.125790844405D-03  0.216316463946D-03
 -0.443689338692D-03  0.109631034865D-02 -0.458126914442D-03  0.419031773021D-04
  0.514880264355D-03  0.129503275064D-02  0.106191935906D-02  0.341013510733D+00
 -0.416383395001D-02  0.448260722618D-02 -0.531611814900D-02 -0.120807937261D-01
  0.390472192345D-01 -0.548524647392D-02  0.612475281000D-03  0.208887797884D-02
 -0.784733228413D-02  0.203326706708D-02 -0.353754740470D-02  0.121757583025D-01
  0.122208957792D-01  0.317800862823D-02  0.942024076430D-02  0.107935057313D-03
  0.284694315949D+00 -0.128066519594D-01 -0.213061739957D-01  0.304026122948D-02
 -0.331340707418D-02 -0.943721942507D-02 -0.216818793543D-02  0.225901457214D-03
  0.302986612876D-03 -0.296202360886D-02 -0.441521316952D-02 -0.244063074261D-02
 -0.639826363368D-03 -0.152128851783D-02  0.985313847915D-02  0.125411463454D-01
 -0.490477488470D-02 -0.351633833554D-01  0.276269553276D+00  0.799560537903D-03
 -0.800382097045D-03 -0.754342848456D-03 -0.159807014310D-02 -0.438949108686D-03
 -0.976160649554D-04 -0.197311526559D-03  0.408506570316D-04 -0.780848850861D-04
  0.200690827621D-03 -0.335373224700D-03 -0.196204590509D-03  0.505277385979D-05
 -0.752491570942D-04 -0.714312342672D-05 -0.198784879762D-03  0.939399071821D-04
  0.378912170684D-04  0.421561949368D+00 -0.659485702388D-03  0.581409598717D-03
  0.505008533212D-03  0.418246820707D-03  0.687275587501D-03  0.127952994466D-03
  0.148185760902D-03 -0.601293313564D-04  0.459884508420D-04 -0.443795844577D-03
  0.289220806425D-03  0.546306374109D-03 -0.134759675440D-03  0.613252319778D-04
  0.105496736436D-03  0.176560110771D-03 -0.727518057334D-03 -0.167284090737D-03
  0.187483220669D-03  0.408642172206D+00 -0.411574894577D-03 -0.144934700847D-03
  0.570381037225D-03  0.197946640837D-02 -0.404730955640D-02  0.863844736917D-03
  0.544148493882D-04 -0.356874875106D-03  0.946942118787D-03 -0.383349217588D-03
  0.455915542176D-03 -0.118362667192D-02 -0.133504558347D-02 -0.196605855189D-04
 -0.786532149123D-03  0.330554617061D-03  0.771493268685D-02  0.306612810797D-02
  0.517168641505D-04 -0.927430628269D-05  0.344831352181D+00 -0.177777393625D-02
  0.878182515462D-03 -0.363534101128D-03 -0.328138083805D-02  0.356217157687D-02
  0.306698641987D-02  0.402703177836D-03  0.109373657679D-02 -0.300483940599D-03
 -0.124102532996D-02 -0.672275892847D-03  0.234024447313D-02 -0.780790953527D-03
  0.588677814646D-03  0.148082760848D-02  0.732704251907D-03 -0.877787588887D-02
 -0.460969266594D-02  0.321134449016D-03 -0.420317001101D-03  0.421927141521D-03
  0.345602034336D+00 -0.499142401129D-03  0.222616798401D-04 -0.623198151434D-04
 -0.572827300994D-03 -0.123771648867D-02  0.119463257803D-03 -0.175293140991D-04
 -0.577432359669D-04  0.264130901302D-03 -0.211105695336D-03  0.377195231630D-04
 -0.345640130069D-03 -0.791837098629D-03 -0.302843397690D-04 -0.198479609929D-03
  0.780522771469D-04  0.222519050373D-02  0.938143416298D-03 -0.547594844224D-04
  0.287161292584D-04 -0.129914112567D-03  0.270908842007D-05  0.318560024438D+00
 -0.492431716922D-04  0.127127593193D-02  0.418941308579D-04 -0.233710868610D-02
  0.224083418412D-03 -0.546561418354D-03  0.199090032553D-03  0.949459490182D-04
 -0.234707488612D-04 -0.106650202977D-03  0.193940802245D-03  0.433355162072D-03
 -0.698159163642D-03  0.115747055646D-03  0.367488560201D-03  0.131806941215D-03
 -0.376892966756D-03 -0.107420000773D-02  0.149756976482D-04 -0.144102391864D-03
  0.124226753584D-03 -0.958389839093D-03 -0.838255743789D-05  0.344332997064D+00
  0.653289659256D-04 -0.427399741089D-03 -0.101186397098D-02 -0.104949450312D-02
 -0.735655299856D-03 -0.498955706837D-04  0.266000663222D-03  0.101860743526D-02
 -0.264549718656D-03 -0.536814262374D-03 -0.108261567737D-02  0.147290502579D-02
  0.295363011839D-03  0.340608067166D-03  0.434311352759D-03  0.216638274764D-03
 -0.162553681525D-02 -0.311822283162D-02 -0.800255117002D-04  0.754611517487D-04
 -0.182580028217D-03  0.187070864307D-02 -0.247478096443D-03 -0.898603185753D-03
  0.201622310669D-01  0.547014286049D-03 -0.290627207097D-03 -0.926459037223D-03
 -0.303724430209D-02  0.617269942626D-03  0.118000069772D-02 -0.158469532830D-03
 -0.214558638006D-03  0.100730410702D-03 -0.472469882766D-03 -0.470948177198D-04
  0.290723258103D-03 -0.534834951079D-03  0.227399036758D-03  0.539662055737D-03
 -0.146427420057D-04 -0.216078545591D-02 -0.131562719882D-02 -0.159415367612D-03
  0.108919217953D-03  0.240176981231D-03 -0.897928905785D-03 -0.368269634281D-04
 -0.103433648142D-03 -0.133829206614D-02  0.599618579491D+00  0.964222055482D-03
  0.145827065408D-02  0.349665152889D-03  0.246622638207D-02 -0.158852218794D-02
 -0.239003242797D-02 -0.174206536566D-03  0.177095497159D-03  0.948904517130D-04
  0.110626719606D-02 -0.705714783151D-04 -0.108099538554D-02  0.736110659350D-03
 -0.906604677354D-03 -0.171745681867D-02  0.321498071452D-03  0.842725519373D-02
  0.102515118174D-01 -0.136612010117D-03  0.290841431353D-03 -0.733946991878D-03
  0.252157780193D-02 -0.231243153484D-03  0.293414133290D-03  0.192126544736D-02
  0.271872437035D-03  0.370843877919D+00  0.333995487572D-02  0.582889288720D-03
 -0.293221757176D-02 -0.302160751710D-02  0.200145428738D-03 -0.119264368723D-02
 -0.719581515082D-04  0.772770644447D-03 -0.770253782270D-03  0.130982306673D-03
  0.392661396950D-03  0.687811718886D-03 -0.508174779771D-03 -0.240856394404D-03
  0.793204853384D-03 -0.584812088299D-03  0.138646661780D-02 -0.455414495270D-04
  0.519988040872D-04 -0.341483028704D-04 -0.330503110363D-03  0.914066910225D-04
 -0.117286543228D-03 -0.475289674180D-03 -0.253792586302D-03 -0.732690541806D-04
  0.295969430028D-03  0.500098408136D+00 -0.446305452222D-02 -0.672880946576D-02
 -0.226559199981D-02  0.173222418744D-02 -0.926450358458D-02 -0.328555913703D-02
 -0.310304651758D-03 -0.250842782493D-03  0.602195668641D-03 -0.921248934758D-03
  0.310367014495D-04 -0.317765745274D-02 -0.123883577653D-02  0.355698375760D-03
 -0.772427434454D-03 -0.562850928666D-03  0.120912156449D-01 -0.227377093115D-02
 -0.139168734567D-03  0.370543843779D-03 -0.127535263667D-02  0.219415052553D-02
 -0.412816457270D-03  0.988252009279D-05  0.838509239608D-03  0.482246958248D-03
 -0.150698212469D-02  0.885417726007D-03  0.351920403013D+00  0.862513831179D-02
  0.891352215454D-02 -0.340655551485D-01 -0.599886074427D-02  0.122020481181D-01
  0.216655297682D-02 -0.746498639696D-03  0.219818581088D-02 -0.180900347069D-02
  0.422061691190D-04  0.446140443009D-02  0.163726423951D-02  0.100202501132D-02
 -0.426126869720D-02  0.432849019006D-03 -0.193135092148D-02 -0.269682430333D-02
  0.186301487324D-01  0.761464982402D-03 -0.863509700930D-03 -0.120676321471D-02
 -0.264957957228D-02  0.355633170523D-03 -0.228706847072D-02 -0.658246465355D-02
  0.121578396129D-02 -0.194583227823D-02  0.109045830696D-01  0.128416079726D-01
  0.472440149357D+00  0.342051267755D-02  0.277608322992D-02  0.258723015261D-03
 -0.671017823302D-02  0.543378316790D-02 -0.262982038038D-02 -0.490105774929D-04
  0.886738857402D-03 -0.113044582736D-02  0.880986058740D-03  0.113229628801D-04
  0.190905940062D-02  0.103024961960D-02 -0.988559788452D-03  0.270803850650D-03
  0.941266382764D-04 -0.355619200736D-02  0.417805714363D-02 -0.186521519700D-03
  0.639561661926D-04  0.304431686025D-03 -0.469655653368D-03 -0.146355289683D-03
 -0.334214673531D-03 -0.248474961590D-04 -0.285798286399D-03  0.179304324019D-03
  0.145437468729D-03  0.124026741836D-02 -0.212693803771D-02  0.510860735918D+00
  0.929471164325D-02  0.572957429517D-02 -0.291053807012D-02 -0.620829255690D-02
  0.371784352033D-03 -0.358564756900D-02  0.141691835241D-03  0.848072459816D-03
 -0.406253096782D-03  0.198927884048D-02  0.666126196686D-03  0.121750157258D-02
  0.597818002279D-03 -0.179601819913D-02 -0.130513953068D-02 -0.567199882466D-03
  0.778366542835D-02  0.113155384893D-01  0.568871076589D-04 -0.928822334884D-04
 -0.731592862597D-03  0.144321060078D-02 -0.170816115116D-03 -0.696459417554D-04
  0.751430977463D-03  0.685374576548D-04 -0.129575440911D-02 -0.129438662920D-02
  0.724547379212D-03 -0.838462181211D-02 -0.755051227922D-03  0.358890700360D+00
 -0.106535282397D-01 -0.123327937627D-01 -0.433557159337D-02  0.126748572429D-01
 -0.206458090315D-01  0.721664995609D-02  0.955654254621D-03 -0.257958900515D-02
  0.400783457238D-02 -0.600671019289D-02  0.880175036004D-03 -0.386998428432D-02
 -0.667165283523D-02  0.436595227830D-02  0.150873074478D-02  0.271047427554D-02
  0.154335343170D-01 -0.164585856499D-01  0.325197464000D-03 -0.380868834966D-03
 -0.141487134651D-02 -0.267587963946D-02 -0.280989300328D-03  0.526421820704D-03
 -0.152222356556D-02 -0.319805419018D-04  0.286117331603D-02 -0.400543189930D-03
 -0.404910422585D-02 -0.117764616454D-01  0.357489914036D-02  0.244383263187D-02
  0.361343851759D+00 -0.788859743360D-03 -0.306055566526D-02  0.960127828820D-03
  0.482161106382D-02 -0.394793690009D-02  0.105429088209D-02 -0.163149774479D-03
 -0.122762073815D-03  0.553419730138D-03  0.697400735659D-03 -0.665834688393D-03
 -0.207445834124D-02  0.147822247788D-03  0.522751666425D-03 -0.345859611153D-03
  0.285493946014D-03  0.291025958935D-02 -0.119666788349D-02 -0.116939659396D-03
  0.104373104950D-03 -0.603300147345D-04  0.959045223344D-03  0.666784864916D-04
  0.591140252631D-03  0.199622074272D-03  0.829303667195D-04 -0.424146979762D-03
  0.257458557337D-03 -0.165294757943D-02  0.407475856007D-03  0.722861543033D-03
  0.123053626580D-02 -0.104507531198D-02  0.408441382897D+00 -0.195798627577D-02
 -0.838426025746D-02 -0.576640004180D-03 -0.294144588297D-02 -0.168577362624D-02
 -0.236500666863D-02 -0.472942911602D-03 -0.236132305422D-03 -0.714323157902D-03
  0.717818518384D-04 -0.488718945549D-03 -0.336428362541D-03  0.369064328500D-03
  0.131094506539D-04 -0.106372949638D-03 -0.984702670199D-03  0.575619017271D-03
 -0.451908201212D-02 -0.410876740495D-03  0.461926450120D-03  0.239413151366D-03
  0.771038315203D-03  0.468301728403D-04 -0.150999236957D-03  0.624103992162D-03
 -0.333756960087D-03  0.618884867698D-03 -0.601932778967D-04 -0.781266016781D-03
  0.370732115610D-02 -0.590142565880D-03 -0.402000395634D-03 -0.134264636552D-02
 -0.773370071737D-03  0.337535650489D+00 -0.188687151687D-02 -0.189463774061D-02
  0.138843210334D-02 -0.508163920747D-03 -0.879306496445D-02 -0.653673266433D-03
 -0.125961644024D-04 -0.432399233587D-03  0.144491438103D-02 -0.103712673364D-02
  0.292757770653D-03 -0.229322123561D-02 -0.345576023845D-02  0.369320376658D-04
 -0.125794852123D-02  0.229829709115D-03  0.139647010800D-01  0.285714930934D-02
 -0.174118260630D-03  0.180625524357D-03 -0.110191675175D-02  0.906603302787D-03
 -0.427098759461D-03  0.781212539891D-05 -0.568031429449D-04 -0.423742246134D-04
 -0.121299707572D-02 -0.979924733791D-03 -0.322170152810D-02 -0.244523542943D-02
  0.162648993739D-03 -0.483819771579D-03 -0.384934001374D-02 -0.175983913153D-03
  0.181452077297D-04  0.333789205270D+00  0.153082373552D-01  0.231836057768D-01
 -0.642207770653D-02 -0.675866174384D-02  0.378971386249D-02 -0.623482336024D-02
  0.782923022906D-03  0.167397706044D-02 -0.156916890448D-02  0.895093757121D-03
  0.508098614495D-02  0.308371124557D-02 -0.147059460788D-02 -0.109664320478D-01
 -0.719090145634D-02 -0.461095164846D-02  0.233794161891D-01  0.488292468781D-01
  0.109433170973D-02 -0.845316155559D-03 -0.391764839064D-02  0.222889236880D-02
 -0.862236617325D-03 -0.101960520760D-02  0.161073095586D-02  0.673498216253D-03
 -0.650289222695D-02  0.129615283171D-02  0.491112442679D-02  0.115932808795D-01
 -0.720239513448D-03 -0.848734684271D-02 -0.326747788156D-02  0.115152787496D-02
  0.586161956818D-02 -0.384148704889D-02  0.568891808190D+00  0.102268733435D-01
  0.353267052162D-02 -0.426983728258D-02 -0.382373506427D-02 -0.105287158408D-01
  0.192350069116D-02  0.721696303123D-03  0.211294592442D-03  0.241184440250D-02
 -0.231527292938D-03  0.401343728260D-02 -0.471747490728D-03 -0.637199554871D-02
 -0.592927351145D-02 -0.654440619480D-02  0.663540961844D-03  0.406509869753D-01
  0.374627058351D-01  0.548185511472D-03 -0.674195468046D-03 -0.405397485484D-02
  0.560457471480D-03 -0.113394350394D-02 -0.529122193114D-03  0.478752570077D-03
  0.409531070332D-03 -0.301611364763D-02 -0.875777726055D-03  0.282023221532D-04
 -0.543277801476D-02 -0.656478194797D-04 -0.756718707138D-02 -0.646328191049D-02
  0.120168280860D-02  0.102908807805D-04 -0.574458575533D-02 -0.163229974188D-01
  0.395546984508D+00  0.140431467594D-01  0.111955028256D-01 -0.125607856031D-01
 -0.830518015283D-02 -0.126906725050D-01 -0.412004047174D-01  0.663737295103D-03
  0.937088739940D-03 -0.234300657827D-02  0.436774702058D-02 -0.183745355715D-02
  0.205779021376D-02 -0.153959824969D-02 -0.765383157347D-02 -0.917053279456D-02
 -0.280637641226D-02  0.126813850179D-01 -0.892951298680D-03 -0.327864798784D-03
  0.898170458988D-03 -0.115261776841D-02  0.178685269370D-02 -0.766711809997D-03
  0.109349073635D-02  0.910475869380D-03  0.234367402941D-04 -0.476765980490D-02
 -0.390126104471D-03 -0.252854088279D-02 -0.802938984316D-02 -0.917305503187D-03
  0.294785405528D-02  0.943345051658D-02 -0.119100888470D-02  0.375486116477D-02
 -0.107545006558D-02  0.142705745819D-01  0.118057617846D-01  0.177213620045D+00
  0.749290937153D-03  0.805300757772D-04 -0.224642136485D-02 -0.472889578285D-02
  0.116753778297D-02 -0.143016130655D-02  0.483363101092D-03  0.325529454402D-02
 -0.139162788285D-02 -0.596978903214D-03 -0.212942962819D-02  0.389362648813D-02
  0.882553898170D-03  0.238401607206D-03  0.788741231835D-03  0.507796979638D-03
 -0.225753696331D-02 -0.203141747963D-02  0.246823836843D-03  0.670593498547D-04
 -0.639366389291D-03  0.612366286969D-02 -0.412446781123D-03 -0.237120698805D-02
  0.992980277858D-02 -0.208815707349D-02  0.347514585137D-02  0.295507130553D-03
  0.198012251976D-02 -0.100300910185D-01 -0.586679522540D-03  0.124082914853D-03
 -0.867659237833D-03  0.603416864474D-03  0.181001967372D-02 -0.223834504588D-03
 -0.352957591332D-03 -0.166640378789D-02 -0.113582857394D-02  0.306098680334D-01
 -0.491247344734D-03 -0.625142329540D-03  0.564494957263D-03  0.522732664378D-02
 -0.813878047163D-03  0.291319623614D-03  0.226511778051D-03 -0.626856012386D-03
  0.190439373483D-03 -0.141267101409D-03  0.516168095151D-03 -0.202236198704D-03
  0.382065141744D-03  0.457235548047D-03  0.169793540712D-03  0.584270664255D-04
 -0.127678277579D-02 -0.288669622198D-02  0.237466754108D-03 -0.180848691575D-03
  0.963468640422D-04 -0.980162943141D-03  0.202249498724D-03  0.365973723893D-03
 -0.721354524380D-03  0.384744196256D-03  0.330290081047D-03  0.782428033314D-04
  0.125459962402D-03 -0.101811013507D-02  0.104909490950D-02  0.464522440962D-03
 -0.853103974790D-03 -0.331789601681D-03  0.301638346834D-03  0.667316282285D-03
  0.846526050134D-03  0.144699690050D-02  0.319738909881D-02 -0.209008647576D-02
  0.515892865401D+00  0.265710559546D-02  0.202374875384D-02  0.215278547564D-02
  0.631627712396D-02 -0.403759071577D-02 -0.743713965307D-03  0.196730282447D-03
 -0.130086746398D-02  0.104593454579D-02  0.207520740699D-03  0.170741306838D-02
 -0.227716008231D-02 -0.592180764136D-03 -0.381693253751D-03 -0.112923060062D-02
  0.149288014849D-03  0.944332400268D-02  0.534896946459D-02  0.974955141062D-04
 -0.129234124857D-03 -0.960789420605D-03 -0.148419441378D-02 -0.199706329216D-03
  0.926411432702D-03 -0.307973681052D-02  0.107699623537D-02 -0.211900674540D-02
 -0.118538660629D-03 -0.178701243395D-02 -0.476000981164D-03  0.189171538634D-02
 -0.536712304765D-03 -0.709183564189D-03 -0.655427944695D-03 -0.118353013972D-03
 -0.156398663307D-02 -0.381764832617D-02 -0.251185666278D-02  0.120452830987D-02
 -0.907696254746D-02  0.756913479997D-03  0.385691287861D+00  0.423391309865D-02
  0.529629419559D-02  0.620451825223D-04 -0.360778368189D-02  0.360033700875D-02
  0.333700809617D-03  0.527470572047D-03  0.700048220781D-03 -0.289348253358D-03
 -0.681310168241D-03  0.122298532399D-02  0.203475165843D-02 -0.181042303407D-04
 -0.427380843913D-03  0.886368613193D-03  0.287224814528D-04 -0.160472479801D-02
  0.103500250628D-02  0.592705928082D-03 -0.592654021454D-03 -0.578121349679D-03
 -0.116250040496D-02 -0.172435865388D-03 -0.798002860403D-03 -0.256558189893D-03
  0.228353407549D-03  0.769203854068D-03  0.535128440932D-04  0.190526680595D-02
 -0.416059436957D-03  0.257490206457D-03 -0.770547644711D-03 -0.208499630156D-02
  0.867213192440D-03  0.562047574399D-03 -0.404296437311D-03 -0.162753566617D-02
 -0.297451478558D-02  0.222159799862D-02 -0.117826435047D-02 -0.424749132524D-03
  0.105045679234D-02  0.377445111233D+00 -0.310966196540D-03  0.444752002427D-02
  0.681616474933D-03 -0.654934744281D-02  0.498375086482D-02 -0.790795991791D-03
  0.838509314570D-03  0.246548271851D-02 -0.998350856132D-03  0.540919170159D-03
 -0.109832844245D-02  0.311682786123D-02 -0.578671305662D-03 -0.534111717413D-03
  0.522653339011D-03  0.160703363154D-02 -0.510111894290D-02  0.246517273725D-02
  0.274683868093D-03 -0.573622504220D-03  0.201603804789D-03  0.489044138202D-03
 -0.187057821097D-03 -0.870783607502D-03  0.380066730242D-02 -0.133177706063D-02
  0.209320466730D-02 -0.376378074039D-03  0.151855234185D-02 -0.129336418599D-01
 -0.143760082925D-02  0.754248449577D-03  0.206486181190D-02  0.210616917155D-02
  0.522309290121D-03  0.536551994684D-03 -0.376335776343D-02 -0.269312023233D-02
  0.351717589867D-02  0.877122313990D-02 -0.274537065709D-03 -0.216631818775D-02
 -0.203428537252D-02  0.369686467273D+00  0.105713085138D-01  0.515675171793D-02
  0.478559491265D-03  0.564430494184D-02 -0.709831438135D-02  0.750628365766D-03
 -0.639993813376D-03 -0.355907496770D-02  0.322445230613D-02 -0.240344619840D-02
  0.339946876133D-02 -0.187567406558D-02 -0.852098137979D-05 -0.729132321740D-03
 -0.142488941078D-02  0.147609903396D-03  0.158703306881D-01  0.109768991364D-01
  0.468554164807D-03  0.494089336896D-03 -0.257944990386D-02 -0.206566561997D-02
 -0.850283764650D-03  0.796145555652D-03 -0.700926309601D-02  0.346111441209D-02
 -0.439061377731D-02  0.187728885878D-02 -0.875348353010D-03  0.547987861728D-02
  0.450667192462D-02 -0.126103099698D-02 -0.120824753725D-02 -0.342840834396D-02
  0.552289989253D-03 -0.455500059112D-02 -0.549895885729D-02 -0.405760622317D-02
  0.226079506024D-02 -0.163831443209D-01  0.130957206831D-02  0.555134334864D-02
  0.507561160349D-02 -0.698079216548D-02  0.399317373459D+00  0.431255551871D-01
 -0.872932536878D-02 -0.413727843221D-01 -0.275744048595D-01 -0.415769011066D-01
 -0.890218460120D-01  0.437453157577D-02  0.778890672481D-02 -0.125510297468D-01
  0.120587362149D-01 -0.395816505713D-02  0.679542566320D-02 -0.179664955209D-01
 -0.142882386668D-01 -0.967085268505D-02 -0.124432438346D-01  0.142338778879D-01
 -0.195410411408D-01  0.140590783296D-02 -0.155169314666D-02  0.174967060104D-04
 -0.400980308549D-02  0.450683723162D-03  0.820758509317D-03  0.479164717236D-02
 -0.193853872734D-02  0.620671837485D-02  0.601309349005D-02  0.791350481548D-02
  0.585104768844D-01 -0.689896516959D-03  0.134831700041D-01  0.712683523805D-03
 -0.141281560182D-02 -0.437273079840D-02  0.342013528594D-02  0.959113838287D-01
  0.275456908539D-01  0.178986950065D+00  0.670193139903D-02  0.269337206240D-02
  0.655835196979D-02 -0.909236770965D-05  0.604969420221D-02  0.465892087185D-02
  0.102393250272D+01 -0.144357230738D-01  0.424658213815D-01  0.232321516063D-01
 -0.429788977511D-02  0.206310327783D-01  0.173376903535D-01  0.574974122517D-03
  0.574522496449D-03  0.119171276137D-02 -0.596898910796D-02  0.339196312928D-02
  0.243161139099D-02  0.159926152021D-02  0.869627441168D-02  0.101420704449D-01
  0.289160692747D-02 -0.341129438017D-02 -0.321434200612D-02  0.106583363647D-02
 -0.152772835700D-04 -0.103819838221D-02  0.330940347086D-02 -0.104303120767D-02
 -0.323521020503D-02 -0.423575838742D-03  0.314130107395D-02 -0.522593766218D-02
 -0.133116224658D-02 -0.536040392328D-02 -0.134125503817D-01  0.800901691316D-03
 -0.665474647872D-02  0.110691750298D-01  0.272120685255D-02  0.132851098491D-01
 -0.461104224152D-02 -0.498941707934D-01  0.773531172142D-02 -0.122066129926D+00
 -0.114859542629D-02 -0.292561331883D-04 -0.550933802929D-02 -0.362303081490D-02
 -0.479713827724D-02 -0.146981648980D-02 -0.105782528382D+00  0.680761137969D+00
  0.192115412885D-01  0.353567460920D-01  0.668151967751D-02  0.130332601946D-01
  0.224695233431D-01  0.166903678864D-01  0.259850078827D-04  0.100264592290D-03
  0.685394856080D-03  0.327929817115D-02  0.343544731320D-02  0.350366648318D-02
  0.899795947027D-02 -0.171699587789D-02 -0.256118023896D-04  0.185652876218D-02
 -0.292350457653D-02  0.410237331281D-01  0.692494921766D-03 -0.151754210647D-03
 -0.128938553109D-02  0.338601247114D-02 -0.112555284001D-03 -0.966833119370D-04
  0.184532234692D-02  0.172887146608D-02 -0.537125095831D-02  0.764560833345D-03
  0.601942727426D-02 -0.208431437730D-01  0.225192152079D-02 -0.885203000353D-02
  0.828887457421D-02  0.144402514438D-02  0.824861674272D-02  0.138468026910D-02
 -0.387667146406D-01 -0.744033847576D-02 -0.523443617032D-01  0.307550570134D-02
 -0.144745209573D-02 -0.290482294762D-02  0.959256098206D-04  0.227181384872D-03
 -0.153006639793D-02 -0.141924190150D-01 -0.170496021023D-01  0.576156436567D+00
  0.142291503023D-01 -0.221613793470D-01 -0.222831455803D-01 -0.213858924980D-01
 -0.279594862825D-01 -0.488122320028D-01  0.102142509799D-02  0.398546844527D-02
 -0.549056006018D-02  0.664994625541D-02  0.871168672060D-04 -0.170962183842D-03
 -0.859520708234D-03 -0.138470225916D-02 -0.111078162727D-03 -0.665265530016D-02
  0.317763848441D-01 -0.110459051155D-01  0.125434451466D-02 -0.972223308890D-03
 -0.229472960263D-02  0.437902189820D-02  0.106742430228D-03  0.339999655009D-03
  0.283244895555D-02  0.176406687319D-02  0.625717379329D-03  0.213463434714D-03
 -0.372976301781D-02  0.230224175437D-01  0.162017671537D-02  0.148721244250D-03
 -0.162486021290D-02  0.282841102360D-03 -0.984131220939D-02 -0.301030669291D-02
  0.225980425094D-01 -0.106317114650D-01  0.422813323664D-01  0.269494938204D-02
 -0.843494067126D-03 -0.578811606049D-03  0.550441238389D-03  0.649540084446D-02
  0.597309844716D-02  0.845689798232D-01 -0.160842456282D-01  0.145792938847D-01
  0.501205668405D+00  0.352232319926D-01  0.444002066175D-01  0.413713762838D-03
  0.232656101668D-02  0.164376935552D-01  0.121647488517D-02  0.385855976551D-03
  0.136403622934D-02  0.136028247622D-02  0.615971542100D-02 -0.849290080910D-03
  0.701179756202D-02 -0.332723845565D-02 -0.498225509401D-02 -0.332817125113D-02
  0.261424615530D-02 -0.801527335215D-02  0.321516643180D-01 -0.998782208497D-05
  0.426633275300D-04  0.132270535708D-02 -0.267163539254D-02 -0.970957863252D-04
  0.135285158974D-02 -0.372198587043D-02  0.325207113459D-03 -0.170387335415D-02
  0.319155976535D-02  0.106585105526D-01 -0.795511683063D-02 -0.162285682185D-02
 -0.324918606056D-02  0.244419310219D-01  0.240149180581D-02  0.630051038189D-02
  0.337209218254D-02 -0.248717062626D-01  0.225639877486D-02  0.998814360488D-02
 -0.712656451060D-02  0.316208497616D-02  0.395370404359D-02 -0.141153344635D-02
 -0.166049288360D-02  0.122063520057D-01  0.299309283921D-01 -0.218265360457D-01
 -0.358302037503D-01  0.533901546558D-01  0.492861808481D+00  0.108466926927D-01
  0.537648144724D-02  0.133142460545D-01 -0.123710510694D-01  0.375520834633D-01
  0.508694715043D-01 -0.174228941355D-02  0.664150254388D-03  0.355052114460D-02
 -0.122400688173D-03  0.547656511094D-02 -0.197765634519D-02  0.952560585437D-02
  0.102900706409D-01  0.865448639086D-02  0.103226682631D-01  0.220566397642D-01
  0.245010500410D-01 -0.179950220765D-02  0.106831124184D-02 -0.232352968238D-02
  0.733533399654D-02 -0.149296574626D-02 -0.402776598578D-02  0.292740486924D-04
  0.786926854717D-03 -0.113914433020D-02 -0.606113216656D-02 -0.318605989561D-02
 -0.251944449711D-01 -0.368346243404D-02 -0.260056085187D-01  0.132225009703D-01
  0.519704499750D-02 -0.532462748714D-02 -0.892179072752D-02 -0.120564801404D+00
 -0.558937317703D-01 -0.117985861577D+00  0.224176755453D-02  0.164113673192D-02
 -0.548775210950D-03 -0.160069687940D-02 -0.241616593936D-02 -0.421958642723D-04
 -0.323354650751D+00  0.140187580504D+00  0.415714060472D-01 -0.119762674393D+00
 -0.132206075255D-01  0.737969971499D+00  0.610910707280D-02  0.843079003596D-02
  0.168360585031D-01  0.746146031430D-02 -0.139700491601D-01  0.158543402306D-01
  0.849077837142D-04 -0.240632233173D-02  0.700899239024D-02 -0.522174630641D-02
 -0.116898552422D-02 -0.864980214110D-03 -0.512348065107D-02  0.293621932250D-02
  0.717198565586D-03  0.284623534787D-02  0.114412052428D-02 -0.104848785915D-01
  0.458336094279D-03 -0.620142252793D-04  0.942582718123D-04 -0.209410045607D-02
 -0.197725544032D-03  0.395336750074D-04 -0.905471111218D-03 -0.595135243007D-03
  0.208704375340D-02 -0.412457320159D-02 -0.344727172619D-02 -0.427701747074D-01
  0.145473752315D-02  0.552270964937D-02 -0.143289966673D-01  0.109586006988D-02
  0.312108102755D-02  0.907963337139D-03 -0.517011684156D-02  0.111602975351D-02
 -0.899664007737D-03 -0.223460634731D-02 -0.672688424302D-03 -0.182815638165D-02
 -0.326821628302D-02 -0.364631965961D-03 -0.432622761433D-02 -0.393310456827D-01
 -0.511581686087D-02  0.996777752264D-04  0.185767007951D-01 -0.171480331049D-01
 -0.678303496610D-02  0.443055595732D+00  0.136912690075D-01 -0.123021604703D-02
 -0.121873852183D-01  0.203939422330D-01 -0.790758265086D-02 -0.448552147516D-02
  0.234392807760D-02  0.121674384343D-02 -0.378682706247D-02 -0.110795334943D-02
  0.265335233587D-02 -0.527423226483D-03 -0.134116315049D-02 -0.980009243882D-02
 -0.571023325736D-02 -0.505630482091D-02 -0.996116401174D-02  0.910900672022D-02
  0.188480639962D-02 -0.160932004366D-02 -0.245620876986D-02 -0.300713807845D-02
 -0.428116912352D-04 -0.327760756956D-03  0.381887633036D-02 -0.706375328155D-03
  0.323048534345D-03  0.585598468163D-02  0.627826429103D-02  0.301456109240D-01
  0.666369887911D-02  0.947424010054D-02 -0.287175998807D-01 -0.388680511301D-02
  0.556213937385D-02  0.890440866847D-03  0.661245191641D-01  0.229107404343D-01
  0.628376787441D-01  0.723789451931D-02 -0.324589713377D-02  0.818025857858D-03
  0.482833140373D-02 -0.501176475020D-03 -0.351384094805D-02  0.230119390335D+00
 -0.551562155528D-01 -0.234740064222D-01  0.687367109196D-01 -0.109757989796D-01
 -0.124532704912D+00 -0.325327177169D-01  0.549043208669D+00  0.156870260205D-02
 -0.324779830031D-02  0.156902073160D-01 -0.152414525628D-02 -0.137378296675D-02
 -0.407011569594D-03  0.138948087962D-05  0.403664209254D-03 -0.148441793111D-02
  0.160432242374D-03  0.206972267819D-03 -0.901244678360D-03 -0.224522648801D-02
 -0.120549438551D-02 -0.408762459560D-03 -0.130386452486D-02 -0.269346783989D-02
 -0.519801112419D-02 -0.109066774325D-03  0.177766908204D-03  0.364938814342D-03
 -0.115632094307D-02 -0.342603505669D-05 -0.649318835779D-03 -0.717864573744D-03
 -0.542490248594D-03  0.377844214036D-03 -0.714815812210D-03 -0.314482988871D-02
 -0.271564611043D-02  0.172713663798D-03  0.807883123857D-03 -0.145701841148D-01
  0.367724934611D-03  0.141712672466D-02  0.523091912269D-03  0.918241682670D-02
  0.410882656165D-02  0.200086384928D-01 -0.408475329377D-03  0.642506164653D-03
  0.107145657192D-02 -0.695420814206D-03 -0.187893428610D-02 -0.463695002554D-02
  0.357795771203D-01 -0.142479576314D-01  0.918417089126D-03 -0.167196749649D-02
  0.205748893636D-02 -0.190507542003D-01  0.612497762988D-02  0.237561834490D-01
  0.490862315364D-01 -0.258271828441D-01  0.256164629709D-01  0.489573010006D-01
  0.259340497834D-01  0.587097823566D-01  0.119387370158D+00 -0.365335687067D-02
 -0.417721767877D-02  0.133933099833D-01 -0.988862659215D-02  0.250840558071D-02
 -0.810578906808D-02  0.175383018711D-01  0.190707518515D-01  0.160781211259D-01
  0.171747702518D-01 -0.132248640455D-01  0.232699492693D-01 -0.520952917539D-03
  0.423412930508D-03  0.103429576542D-02  0.645659672578D-02  0.131468707934D-04
 -0.199204330311D-02 -0.271009215909D-02  0.371830804482D-02 -0.303568245191D-02
 -0.175977720396D-02 -0.215054681648D-02 -0.174851825332D-01 -0.505323773052D-02
 -0.196849575714D-01  0.354209181888D-01  0.450547997223D-02 -0.196053008700D-03
 -0.616644243490D-02 -0.143368710838D+00 -0.361359996947D-01 -0.242841349886D+00
 -0.241305954639D-02 -0.358081337659D-02 -0.651814127918D-02 -0.685270921528D-03
 -0.503885504958D-02 -0.166370855308D-02 -0.560459740228D+00  0.222302199305D+00
  0.572315798728D-01 -0.118715865739D+00 -0.753978051049D-01  0.479738560719D+00
 -0.157019380900D-01 -0.269589650913D+00 -0.533627463104D-01  0.809869554411D+00
  0.939711477661D-02 -0.114176842646D-01 -0.334846597766D-01 -0.950891750830D-02
 -0.140942512163D-01 -0.466432687353D-01  0.124708936159D-02  0.277905123434D-02
 -0.679327482964D-02  0.403100055174D-02 -0.122406588231D-02  0.424138562104D-02
 -0.487787145636D-02 -0.773624598495D-02 -0.623247672998D-02 -0.555009937352D-02
 -0.146969882195D-02 -0.576487766006D-02  0.268579192672D-03 -0.229312841930D-03
  0.334489618190D-03 -0.152178987968D-02  0.328839770612D-03  0.326341163114D-03
  0.136777101655D-02 -0.102988243083D-02  0.106058180226D-02  0.357957912882D-02
  0.399779258728D-02  0.282233640204D-01  0.877605982093D-03  0.696642697246D-02
 -0.128796110140D-02 -0.195976712531D-02  0.270939064163D-03  0.325435822478D-02
  0.548025237868D-01  0.161938903400D-01  0.906973180794D-01  0.278827960165D-02
  0.109226352264D-02  0.160210241142D-02  0.675010025404D-03  0.777408203553D-03
 -0.124830359502D-02  0.206865617929D+00 -0.806375184309D-01 -0.232137163685D-01
  0.473128463510D-01  0.206126165292D-01 -0.151933999789D+00 -0.514644558738D-02
  0.105720984758D+00  0.132466658461D-01 -0.275651811994D+00  0.133285190697D+00
  0.383634208576D-01  0.150066417898D-01 -0.206168956018D-01 -0.135381311762D-01
  0.765005306728D-02 -0.214963332799D-01  0.664786728279D-03  0.320286961386D-02
 -0.608700209609D-02  0.690301112630D-02  0.375051148700D-02  0.579231654106D-02
  0.257123465078D-02 -0.806425495325D-02 -0.332053006518D-02 -0.427733469015D-02
  0.864648526390D-02  0.264683319335D-01  0.365815870199D-03  0.436362730626D-04
 -0.234825493490D-02  0.156602826448D-02 -0.523278360578D-03 -0.105816360003D-02
  0.170004664777D-03  0.109274478575D-02 -0.223969530219D-02  0.386389310088D-02
  0.901917907039D-02  0.259479989715D-01  0.131010949088D-02 -0.783622125705D-02
  0.571729967572D-02 -0.381766330616D-03  0.239032061792D-03 -0.158751816883D-02
  0.273586800436D-02 -0.338430806701D-02  0.356622879029D-01 -0.855519671626D-03
  0.169820434508D-02  0.463821048373D-02  0.315293971269D-02 -0.184292857682D-02
  0.194941479307D-01  0.140646573647D+00 -0.253335672317D-01 -0.232634384516D-01
  0.206835383153D-01  0.919421834621D-03 -0.843062835121D-01 -0.245793897493D-01
  0.837297263253D-01  0.946899019505D-02 -0.146293012404D+00  0.644312149143D-01
  0.629629482173D+00  0.784991699318D-02  0.601368992300D-02 -0.302352214418D-02
 -0.135838273290D-01  0.194778283287D-01 -0.103238737154D-02 -0.532568820658D-03
  0.107195508151D-02 -0.343472284125D-02  0.195905668393D-02  0.121312742132D-02
  0.477903863000D-02  0.524786756215D-02 -0.232094644424D-02  0.100055409802D-02
 -0.143514290241D-02 -0.120527172962D-01  0.121693985500D-01 -0.492339845901D-03
  0.284239085862D-03  0.107074762966D-02 -0.425261982383D-03  0.165130502677D-03
 -0.108387474016D-02 -0.135334675093D-03 -0.383675051395D-03 -0.125049472242D-03
  0.330368715055D-03  0.511143219537D-02  0.562117774000D-02 -0.312662134362D-02
 -0.613019419686D-02  0.102632144186D-01  0.141731154773D-02 -0.433497752393D-03
  0.182545047710D-02 -0.490358012923D-02 -0.231015659512D-02 -0.139450640271D-01
 -0.169776640811D-02  0.151824789921D-02  0.334059949928D-02 -0.680682739579D-04
 -0.475578131611D-02  0.727485645081D-02 -0.183157662428D-01  0.136040533790D-01
 -0.170453098479D-02 -0.825865549300D-02 -0.150195900340D-01  0.370161221074D-02
  0.146003194911D-02  0.145110133159D-01  0.154755586322D-02  0.213867730098D-01
 -0.695318186466D-02 -0.876555487998D-02  0.431006022911D+00 -0.402156388719D-02
 -0.426834088455D-03  0.334973311593D-02 -0.652261063319D-02  0.383782090737D-03
 -0.522485054470D-03  0.142480275241D-03  0.485790072832D-03  0.138065056263D-03
 -0.169057467631D-02 -0.503081456934D-03  0.106583614779D-03 -0.224070370268D-02
  0.588800749341D-04  0.403739790657D-03  0.335087095992D-03 -0.445428325674D-02
 -0.471827025244D-02 -0.123811563502D-03 -0.139293205032D-03  0.413293737422D-03
 -0.132164483202D-02 -0.157384929153D-03 -0.708391907450D-03 -0.446184130813D-03
 -0.842219855120D-03  0.944759869282D-03 -0.144615242547D-02 -0.109596866853D-02
 -0.436966032483D-02 -0.129182248777D-02  0.235422667029D-02 -0.473011103474D-02
  0.868962139366D-03 -0.610791917862D-04  0.814453163937D-04  0.523125238011D-02
  0.244386704201D-02  0.252690080230D-02 -0.826149891291D-03  0.590029680605D-03
  0.100300422224D-02 -0.492542649909D-03 -0.225350285923D-02 -0.254012556308D-02
 -0.454265630061D-02 -0.686572855142D-02  0.634840841925D-02  0.370153255486D-02
 -0.691760965547D-02 -0.104431998393D-02  0.208473146851D-02  0.784588223450D-02
  0.349618852663D-02 -0.136661018765D-01  0.481629411548D-02  0.941990829462D-03
  0.442586289521D-03  0.374861942208D+00  0.933216413697D-02  0.307941308628D-02
  0.163909905028D-03 -0.930518420998D-02  0.391687150011D-02 -0.370526719555D-02
 -0.530150828979D-03  0.718131394917D-03 -0.135481155673D-02  0.183156436315D-02
 -0.927441676367D-04  0.182738292514D-02  0.169342923962D-02 -0.166018475421D-02
 -0.366815121106D-03 -0.101710693613D-02  0.149357547145D-02  0.790930583342D-02
 -0.633984966204D-03  0.646055323808D-03 -0.334269731878D-04  0.137476147679D-02
 -0.344883220855D-03 -0.148072079602D-03  0.572791448879D-03 -0.396160003925D-03
 -0.844030433906D-03 -0.639212500885D-03  0.479797442215D-03 -0.958305415878D-02
 -0.643944267823D-03 -0.252593314199D-02  0.634133412209D-02  0.423854514343D-03
 -0.134949633524D-02 -0.576544761602D-03 -0.324330618030D-02 -0.138031083460D-02
 -0.116883056210D-02  0.630334224906D-03  0.176700582576D-02  0.156779969040D-02
  0.118883088947D-02  0.438924259037D-03  0.579703883226D-02  0.954641306747D-04
  0.257447637265D-02  0.138212120228D-03 -0.670601796955D-03 -0.210908451933D-02
 -0.166979768671D-01  0.640101056911D-02  0.113601824062D-01  0.292404607513D-03
 -0.132434080767D-01  0.368335256716D-02 -0.393192003945D-02 -0.582161935490D-02
 -0.118239997456D-03  0.421349438594D+00  0.310310052018D-02 -0.189087830010D-01
 -0.101887908516D-02  0.681822175113D-02 -0.176482281919D-01 -0.337068689052D-02
 -0.136725252861D-02 -0.279201207324D-02  0.173862344550D-02  0.880399878521D-03
 -0.388908421124D-02 -0.177486099198D-02 -0.647828672991D-03  0.380135811549D-02
  0.183332576438D-02 -0.100199722614D-02 -0.181596360883D-02 -0.201369601353D-01
 -0.608510333483D-03  0.953800989585D-03  0.218588793765D-02 -0.121567333066D-02
  0.951333037714D-03  0.234199251000D-02 -0.196069558462D-02 -0.531361204418D-04
  0.317997172520D-02  0.181497067202D-02 -0.156092239779D-02 -0.125622354580D-02
  0.100015319504D-02  0.416701317877D-02  0.673378176958D-02 -0.220180364851D-02
 -0.473268566335D-02  0.331761101154D-02  0.144587635774D-01  0.555031226431D-02
  0.641935923396D-02 -0.184455381352D-02 -0.617317005258D-03  0.100010941039D-02
  0.145254901793D-02  0.395474987892D-02  0.827531902906D-02 -0.209465752602D-01
  0.440900612912D-01  0.147170168938D-01  0.712566572029D-03  0.184308550398D-01
 -0.147405697969D-01  0.167504780441D-01 -0.273611499988D-01 -0.362039381041D-02
  0.178468090862D-01 -0.161465104299D-01 -0.848474400265D-02 -0.177817525740D-02
 -0.199887107989D-02  0.174929138485D-02  0.519930650702D+00  0.906523185566D-02
  0.233518141240D-02  0.661401086791D-02 -0.207814668711D-02  0.619034026767D-02
  0.495776588215D-02  0.907299843109D-05  0.842904916758D-03 -0.645730557425D-03
 -0.709226366101D-03  0.248773319110D-02 -0.340758784324D-03  0.630257402129D-03
 -0.729771243381D-03 -0.213788561394D-03 -0.239665455903D-03  0.917817674950D-02
  0.128949036004D-01  0.199768293830D-03  0.798248875029D-04 -0.155715215708D-02
  0.357992964039D-02 -0.330048493723D-03 -0.249427485712D-02  0.397937976230D-02
 -0.604746384792D-05 -0.606764426132D-03 -0.850619240070D-03 -0.435557627142D-03
  0.570947367787D-02 -0.128822710208D-02 -0.700450121809D-02 -0.100960046815D-01
  0.397905550019D-03  0.254973914142D-02 -0.160545792136D-02 -0.149577797870D-01
 -0.122532534949D-01 -0.238089749872D-01  0.796168225565D-02 -0.575486400884D-03
 -0.346301582067D-02 -0.861744601663D-03 -0.190157859673D-02 -0.113541784496D-01
 -0.246395539523D-01  0.185421222507D-01  0.537596240741D-02 -0.214890805515D-01
 -0.238414989893D-01  0.376909470461D-01 -0.565163506900D-02  0.189913696311D-01
  0.153292514691D-01  0.302004882406D-01 -0.540353284890D-02 -0.608403105347D-02
  0.595578343550D-02  0.583552463022D-02 -0.518501396708D-02 -0.980940884530D-02
  0.427840962334D+00  0.180886088264D-01  0.344989023362D-02  0.993420800219D-02
  0.257979390932D-02  0.591443138411D-02 -0.373789771977D-02 -0.150838129288D-02
 -0.108452009896D-02  0.573422790857D-03  0.676749870737D-02 -0.356372147215D-02
  0.216457696272D-02  0.851263865547D-02 -0.264782320398D-02 -0.404458564912D-02
 -0.221648667805D-03 -0.859674845321D-02  0.139516533700D-01 -0.930354117265D-03
  0.129603677394D-02  0.176403746265D-02  0.351851458555D-02  0.331807896932D-03
  0.277691203311D-02  0.264916505292D-02  0.161574257940D-04 -0.204367515805D-02
 -0.363510004289D-02  0.343158686492D-03 -0.529235256280D-01 -0.445022073684D-05
  0.204592078241D-02  0.112929450877D-01 -0.785623362634D-03 -0.336703944096D-02
  0.554425118948D-02 -0.583180036845D-02  0.402194579908D-02  0.155801793628D-01
  0.239093228675D-02  0.103144428947D-02  0.205325188716D-02  0.403006662613D-02
  0.661344090781D-02  0.979311090080D-02 -0.352881052474D-01  0.264981930831D-01
 -0.577152965438D-02  0.493185765701D-02 -0.110867388636D-01 -0.234792800420D-01
  0.416183578326D-01 -0.162822087424D-01  0.364430334098D-02 -0.415440011691D-01
 -0.524579506387D-02 -0.289220705981D-01 -0.171990028679D-01  0.704457622241D-02
  0.950954820808D-03 -0.224138673680D-02 -0.173596056379D-01  0.415224436456D+00
 -0.170963273426D-02 -0.680758721519D-02  0.239888165485D-02 -0.853657827816D-02
  0.119470225046D-03  0.869811314613D-03  0.157661012069D-02  0.576990709035D-03
 -0.226093032972D-02 -0.312610425740D-02  0.179537369589D-02  0.179486909325D-03
 -0.275837587954D-02  0.229114322565D-02  0.315797504556D-02  0.192449349048D-03
  0.440566112837D-02 -0.114473619108D-01 -0.144575856653D-03 -0.268353139130D-03
 -0.895988689614D-03 -0.566118387236D-03 -0.613513156378D-03 -0.191724961904D-02
  0.291214270845D-02 -0.123181336270D-02  0.296288337449D-02 -0.356925229214D-02
 -0.344898662121D-02 -0.222886984784D-01 -0.109196584958D-03 -0.245003093789D-02
  0.310756573911D-02  0.984367565836D-03 -0.132986075202D-02 -0.298829913813D-02
 -0.773026258792D-02 -0.479756318928D-02 -0.546488144543D-02  0.516070278720D-02
  0.842973176527D-03  0.199277540917D-02 -0.143328166784D-02  0.387760145836D-03
 -0.403013363969D-02  0.415424247929D-02  0.704952264497D-02  0.164826803836D-01
 -0.215481751199D-01  0.419547295648D-02  0.345264139037D-01 -0.144853145792D-01
  0.212653840520D-01 -0.459104827244D-04  0.400474736910D-01 -0.348978369054D-02
  0.105818558874D-01  0.620197594263D-02 -0.111475869154D-02 -0.607477569776D-03
 -0.810053450919D-02  0.189159843950D-01 -0.350793103314D-02  0.425811431223D+00
 -0.338695769392D-02  0.309766963193D-02 -0.493246705264D-02  0.125774770672D-02
  0.137419289351D-02 -0.188472731966D-02  0.163915779124D-03 -0.661663255048D-03
  0.706063099100D-03 -0.379472163286D-03 -0.111844469227D-02  0.193362118192D-02
 -0.242972304438D-03  0.824190016204D-04 -0.133901998457D-02  0.237224827230D-02
 -0.135905560086D-03  0.432423384536D-02 -0.464750849597D-03  0.610192556827D-03
  0.373405627311D-03  0.713188823697D-03 -0.158228631733D-03  0.375461151816D-03
  0.152718453616D-02 -0.361652181438D-03  0.322053942500D-03  0.408582420417D-03
  0.157534116988D-02 -0.115775366424D-01 -0.107634826359D-02 -0.829251909646D-03
  0.168712739465D-01 -0.680108227465D-03  0.104384708720D-02 -0.784966119226D-04
 -0.111019216706D-01 -0.378830418625D-03  0.462841530398D-02  0.363239698322D-02
  0.122890593648D-02 -0.980528618601D-03 -0.667623588482D-03  0.234729049954D-02
  0.145561797818D-02  0.101817176888D-01  0.450408398269D-03 -0.738743104302D-02
  0.978339140751D-02  0.681673708513D-03  0.902245907918D-02 -0.977540891056D-02
 -0.181653916225D-01 -0.915963590924D-02  0.165962286305D-02 -0.383380038592D-04
  0.116349881935D-02 -0.365988956831D-02 -0.601859231912D-02 -0.352129226308D-03
  0.793084014341D-02 -0.107538422456D-01 -0.398660946707D-02  0.842663032282D-02
  0.270584372055D-01 -0.393488035884D-02 -0.177758962407D-02 -0.784532729348D-02
 -0.470632479671D-02  0.127500259414D-02  0.113448761745D-02 -0.105531471429D-02
 -0.230605959412D-02  0.173757323970D-02 -0.459672254634D-02  0.156266694072D-02
  0.264769875091D-02  0.914025579565D-03  0.142537136876D-02  0.119355833058D-02
  0.639491571808D-03 -0.333373675586D-03  0.971743625253D-03 -0.166909516309D-03
  0.892367890162D-03 -0.656016438940D-03 -0.802181449085D-03 -0.439318844734D-03
 -0.170107363690D-02 -0.591348761555D-03  0.418327643620D-03 -0.273726017643D-03
  0.225927809982D-02  0.335997018992D-02  0.257649808709D-01 -0.327407252502D-03
 -0.391696605223D-02 -0.669326126096D-02 -0.181155459851D-02  0.335539822719D-02
 -0.206089812229D-02 -0.713413012095D-02 -0.503789249720D-02 -0.968348477291D-02
 -0.170423747673D-04  0.292374322347D-03 -0.194282439421D-02 -0.165645463357D-04
 -0.645410683673D-02  0.131340209447D-01 -0.148833201840D-01  0.138295286244D-01
  0.967146579061D-03 -0.348830095869D-02  0.675817905745D-02  0.958641170060D-02
 -0.299481230989D-02 -0.196554401692D-01 -0.582882427543D-02  0.256345252706D-01
 -0.664818264380D-02  0.139021351513D-02  0.386499535916D-02 -0.535622955389D-02
 -0.111935122629D-02  0.114833500415D-01  0.266041417222D-02 -0.638607742915D-03
 -0.156097905082D-01  0.420365753282D-02  0.414866490224D-01  0.477631102223D-03
 -0.673270711398D-03 -0.695113180693D-02  0.219817006784D-02  0.297810078618D-02
 -0.309511104874D-02  0.429471556686D-03  0.237972889556D-02 -0.196362092053D-02
  0.593166563090D-02 -0.651644480315D-03 -0.262165886145D-02 -0.922126926885D-03
 -0.100203402706D-02 -0.915620444706D-03  0.631802295822D-04  0.190069984702D-02
  0.460438587358D-02  0.661066779838D-04 -0.871216708073D-03  0.828484917527D-03
  0.388370233951D-03  0.832624957837D-03  0.172953104153D-02 -0.217067887622D-02
  0.358751388957D-03 -0.108330954683D-02  0.182107460527D-02  0.349467255222D-03
  0.241092482174D-01 -0.197439576595D-02 -0.134439683253D-02  0.793024448853D-02
  0.186437879395D-02 -0.307475845051D-02  0.107185101301D-02 -0.279438324411D-02
 -0.248334680062D-02  0.376925534454D-02 -0.406156305128D-02 -0.130973769394D-03
  0.489889984735D-03 -0.148977940411D-02  0.298152524902D-02 -0.111176678294D-01
  0.105703804691D-01  0.176189999382D-02 -0.552719787747D-02 -0.116242300854D-02
  0.743761510146D-02 -0.167429301109D-02 -0.104119940164D-01 -0.456051109878D-02
 -0.248974842405D-02 -0.181352556083D-02  0.361068383680D-02 -0.422093794571D-02
 -0.579807686537D-02 -0.290743340615D-03 -0.602513125390D-02 -0.443517716970D-02
 -0.102181366239D-01 -0.222614036224D-01 -0.246961626557D-02  0.217435962222D-02
 -0.761119709963D-02  0.373111902535D-01 -0.456516912524D-02  0.948262548917D-03
 -0.137300879928D-01 -0.993083788706D-02  0.134063269678D-02  0.521543814151D-02
  0.270469567612D-03 -0.497992573547D-03 -0.573382552268D-03 -0.344150003200D-02
  0.659870932375D-03  0.220106034418D-02  0.163043063639D-02 -0.218393118265D-02
 -0.782891407256D-03 -0.883088461748D-03  0.420518802375D-02  0.485227808043D-02
  0.297868253703D-03  0.356977179373D-04 -0.106910275455D-02  0.160730663837D-02
 -0.427565097955D-03  0.375248796222D-03 -0.618664230040D-04  0.142256848828D-02
 -0.150721639775D-02 -0.124923173732D-02  0.696112036072D-03 -0.296432984634D-01
  0.119694920203D-03  0.800205205028D-03  0.326324552898D-01 -0.988946391106D-03
 -0.412402054452D-02 -0.269253941169D-02  0.580858347083D-02  0.129010387273D-02
 -0.183609118306D-02 -0.296218298328D-02  0.876214172771D-03  0.225542618690D-02
  0.251431136877D-02  0.817602310982D-03  0.176655352737D-01  0.647772196310D-02
 -0.830186842993D-02 -0.962147147572D-03  0.339730405464D-02  0.257553352586D-02
 -0.299328176146D-01 -0.518864166536D-02  0.136883733526D-01 -0.304813755327D-01
  0.193898122127D-01  0.351668264958D-02  0.531484868573D-02 -0.437506079639D-02
 -0.457666543359D-02  0.386269797295D-02  0.693687605572D-02 -0.327914806936D-01
  0.534387576057D-02  0.131343990714D-01  0.151754761110D-01 -0.111086580341D-01
 -0.847492289612D-02  0.113734643623D+00 -0.395144366469D-01  0.138232709769D-01
  0.281769537322D-01  0.672206760847D-02  0.179416112293D-01  0.640812316171D-02
  0.216397976112D-03  0.292237781497D-03  0.521363938290D-02 -0.326273760798D-02
  0.221214271253D-02 -0.302794840817D-02 -0.451353372729D-03 -0.241320174218D-02
 -0.666177846194D-02  0.167364561280D-01  0.316327997413D-01  0.725202351326D-01
  0.129863327500D-02 -0.431889062815D-03 -0.393494410358D-02 -0.189991297833D-03
 -0.268603949920D-02 -0.616651983879D-04 -0.371969838440D-02  0.599059273378D-02
 -0.121438598442D-01  0.737071562391D-02 -0.902622661102D-02 -0.446815030130D-02
 -0.438837566969D-03 -0.377896422718D-03  0.171197767118D-01 -0.173068709539D-02
  0.625857706347D-02 -0.109279031022D-01 -0.607051495271D-01 -0.317565346881D-01
 -0.491259334066D-01 -0.759123963064D-02  0.471542181038D-02 -0.619175123969D-03
  0.457350339675D-02 -0.139989804826D-01  0.234756733037D-01 -0.863779945488D-01
 -0.220264078527D-03  0.177327788040D-01 -0.102442731535D-01  0.244317038342D-01
  0.168441927795D+00 -0.155631693131D-02 -0.784449597058D-01 -0.105902689011D-01
  0.195272032267D+00 -0.797015152579D-01  0.273785563185D-01  0.147752924903D-01
 -0.195209343078D-01  0.122913076805D-01  0.392323309724D-01  0.485332032759D-02
  0.193322500099D-01  0.173288932789D-01  0.558537824311D-02  0.186235582561D-01
  0.901251891997D-03 -0.251475558859D-02  0.504363837040D+00
$end
