$basis
*
cu def2-QZVPP
# cu    (24s18p10d4f2g) / [11s6p5d4f2g]
# {(11)4111111111/951111/61111/1111/11}
*
  11  s
  5056467.8898      0.93501916365E-05
  759457.83835      0.72323443222E-04
  173524.88497      0.37813833845E-03
  49327.259988      0.15870129862E-02
  16144.149930      0.57220685294E-02
  5844.5964680      0.18268390048E-01
  2284.6812739      0.51893720863E-01
  948.88232514      0.12796192366
  413.66215455      0.25629891036
  187.38942059      0.36064416138
  86.872771648      0.26833664660
   4  s
  1744.0598287      0.88587079141E-02
  540.93295513      0.86522785813E-01
  207.99736224      0.38932285258
  90.475793036      0.69777199902
   1  s
  38.869687699       1.0000000000
   1  s
  18.974829147       1.0000000000
   1  s
  9.0953644635       1.0000000000
   1  s
  3.8330020174       1.0000000000
   1  s
  1.8198891499       1.0000000000
   1  s
 0.79068098393       1.0000000000
   1  s
 0.14914142106       1.0000000000
   1  s
 0.72448090592E-01   1.0000000000
   1  s
 0.30959925368E-01   1.0000000000
   9  p
  9720.4614555      0.17828803512E-03
  2302.7557452      0.15678108633E-02
  747.48498314      0.87470094509E-02
  285.00132623      0.36044549301E-01
  120.15121609      0.11287209053
  54.145261156      0.25647377341
  25.406033563      0.38512918379
  12.224331465      0.30316512356
  5.7638720668      0.81677218969E-01
   5  p
  83.210837217     -0.63530359993E-02
  29.694779129     -0.31383834666E-01
  5.8248516206      0.30930039753
  2.6746181180      0.63583925938
  1.1841836775      0.50946045967
   1  p
 0.48043583535       1.0000000000
   1  p
 0.18700000000       1.0000000000
   1  p
 0.76200000000E-01   1.0000000000
   1  p
 0.31000000000E-01   1.0000000000
   6  d
  249.54025080      0.12432881244E-02
  74.683914534      0.10456901995E-01
  28.392717116      0.46451241249E-01
  11.955968430      0.13541359729
  5.3210744624      0.25852899978
  2.3661189459      0.33168127635
   1  d
  1.0131863994       1.0000000000
   1  d
 0.40710035940       1.0000000000
   1  d
 0.14742541032       1.0000000000
   1  d
 0.71000000000E-01   1.0000000000
   1  f
  6.9620000000       1.0000000000
   1  f
  2.2330000000       1.0000000000
   1  f
 0.70400000000       1.0000000000
   1  f
 0.24000000000       1.0000000000
   1  g
  5.9530000000       1.0000000000
   1  g
  1.7680000000       1.0000000000
*
c def2-QZVP
# c     (15s8p3d2f1g) / [7s4p3d2f1g]     {8211111/5111/111/11/1}
*
   8  s
  67025.071029      0.38736308501E-04
  10039.986538      0.30107917575E-03
  2284.9316911      0.15787918095E-02
  647.14122130      0.66087087195E-02
  211.09472335      0.23367123250E-01
  76.177643862      0.70420716898E-01
  29.633839163      0.17360344953
  12.187785081      0.32292305648
   2  s
  53.026006299      0.74897404492E-01
  15.258502776      0.76136220983
   1  s
  5.2403957464       1.0000000000
   1  s
  2.2905022379       1.0000000000
   1  s
 0.69673283006       1.0000000000
   1  s
 0.27599337363       1.0000000000
   1  s
 0.10739884389       1.0000000000
   5  p
  105.12555082      0.84647553844E-03
  24.884461066      0.66274038534E-02
  7.8637230826      0.30120390419E-01
  2.8407001835      0.99951435476E-01
  1.1227137335      0.23826299282
   1  p
 0.46050725555       1.0000000000
   1  p
 0.18937530913       1.0000000000
   1  p
 0.75983791611E-01   1.0000000000
   1  d
  1.8480000000       1.0000000000
   1  d
 0.64900000000       1.0000000000
   1  d
 0.22800000000       1.0000000000
   1  f
  1.4190000000       1.0000000000
   1  f
 0.48500000000       1.0000000000
   1  g
  1.0110000000       1.0000000000
*
s def2-QZVP
# s     (20s14p4d2f1g) / [9s6p4d2f1g]     {*31111111/821111/1111/11/1}
*
  10  s
  1273410.9023      0.11767088246E-04
  190697.83007      0.91478610166E-04
  43397.885330      0.48090078640E-03
  12291.809677      0.20257193592E-02
  4009.7420824      0.73190096406E-02
  1447.3531030      0.23300499900E-01
  564.30102913      0.65386213610E-01
  233.74506243      0.15614449910
  101.56402814      0.29318563787
  45.805907187      0.36287914289
   3  s
  394.27281503      0.18753305081E-01
  121.72249591      0.16870726663
  46.754125963      0.63806830653
   1  s
  20.923008254       1.0000000000
   1  s
  8.2685567800       1.0000000000
   1  s
  3.8629345671       1.0000000000
   1  s
  1.7794684781       1.0000000000
   1  s
 0.61064260103       1.0000000000
   1  s
 0.27412269445       1.0000000000
   1  s
 0.11325939107       1.0000000000
   8  p
  2189.8930459      0.23912552864E-03
  518.94596592      0.20772032158E-02
  168.19560151      0.11242420571E-01
  63.745282788      0.44069933941E-01
  26.597033077      0.12918778608
  11.774251449      0.26910820167
  5.3534379024      0.37855928620
  2.4701911802      0.29692134655
   2  p
  82.120288349     -0.39420318847E-01
  4.9523532869      0.64048403090
   1  p
  1.0828262029       1.0000000000
   1  p
 0.49271277356       1.0000000000
   1  p
 0.20483450942       1.0000000000
   1  p
 0.80743615716E-01   1.0000000000
   1  d
  4.1590000000       1.0000000000
   1  d
  1.0190000000       1.0000000000
   1  d
 0.46400000000       1.0000000000
   1  d
 0.19400000000       1.0000000000
   1  f
 0.33500000000       1.0000000000
   1  f
 0.86900000000       1.0000000000
   1  g
 0.68300000000       1.0000000000
*
h def2-SVP
# h     (4s1p) / [2s1p]     {31/1}
*
   3  s
  13.010701000      0.19682158000E-01
  1.9622572000      0.13796524000
 0.44453796000      0.47831935000
   1  s
 0.12194962000       1.0000000000
   1  p
 0.80000000000       1.0000000000
*
$end
