$excitation_energies_CCS_____1^a___  threxc=.10000E-02  nstates=   10
    1    0.70487513332222E-01
    2    0.71086227036582E-01
    3    0.98242401874879E-01
    4    0.10476586895281E+00
    5    0.10712891405062E+00
    6    0.10797237799205E+00
    7    0.13178777369364E+00
    8    0.13666705033740E+00
    9    0.16970996328759E+00
   10    0.16983227963587E+00
$excitation_energies_CCS_____3^a___  threxc=.10000E-02  nstates=   10
    1    0.30395492076140E-01
    2    0.30961330368146E-01
    3    0.62063265338969E-01
    4    0.87950856538654E-01
    5    0.10085760280179E+00
    6    0.10295041710866E+00
    7    0.12675677236315E+00
    8    0.13010360142590E+00
    9    0.14345770224600E+00
   10    0.14421861074768E+00
$end
