$coord
   -1.29423627926109     -6.44970195608985      1.77853831456870  h
   -6.50421838689348     -3.17291749463990     -2.17914358981839  n
   -4.46683639212085     -3.68050775262562     -0.62845856812080  c
   -3.87108400538265     -6.13690138723332     -0.18367862808487  n
   -5.23585522068192     -7.99104163838864     -1.23073839971938  c
   -7.34362172056892     -7.47690368543721     -2.83534783212234  c
   -7.91396464884156     -5.01968180564198     -3.26007913183751  c
   -3.27381127765646     -1.88391754066507      0.28709123418328  o
   -4.57538446510484    -10.36719264577606     -0.73602665881825  n
   -5.56223576198495    -11.80854129724840     -1.49345204806749  h
   -3.07185118741750    -10.74046475020464      0.40862943667855  h
   -8.44299915327636     -8.97611703905876     -3.68019237184987  h
   -9.47021813300632     -4.41337579124218     -4.44229968450343  h
   -6.89584332063343     -1.32106356100600     -2.47094682460359  h
    3.00638882834055     -9.45896445123181      5.04305805325111  n
    0.94579644727976     -9.16246363845901      3.47499814850449  c
    0.30364643665766     -6.67913447342872      2.99511862410008  n
    1.53103311374209     -4.64271474438285      3.93768039403696  c
    3.64757392821089     -5.06736190598328      5.54812569853525  c
    4.31152582160598     -7.48713191052623      6.04471314264224  c
   -0.20767387130202    -10.94568878535032      2.59021421808292  o
    0.71932967170797     -2.38286378972862      3.32742912758356  n
    1.63242837743296     -0.85971898077225      4.02868942114547  h
   -0.85199524168962     -2.13998709440615      2.13115284165320  h
    4.68738763184206     -3.50261537527196      6.34611034470599  h
    5.89425502681912     -7.97151870984982      7.24869693878002  h
    3.50579303562065    -11.27105541119864      5.41606056653147  h
$user-defined bonds
$redundant
     number_of_atoms            27
     degrees_of_freedom         75
     internal_coordinates       75
     frozen_coordinates          0
# definitions of redundant internals
   1 k  1.0000000000000 stre   4    1           val=   3.25396
   2 k  1.0000000000000 stre   1   17           val=   2.02137
   3 k  1.0000000000000 linc  17    4    1    3 val=  -1.00101
   4 k  1.0000000000000 linp  17    4    1    3 val=   0.00098
   5 k  1.0000000000000 stre  22   24           val=   1.98976
   6 k  1.0000000000000 stre  24    8           val=   3.05472
   7 k  1.0000000000000 linc   8   22   24   23 val=  -2.20261
   8 k  1.0000000000000 linp   8   22   24   23 val=   0.00219
   9 k  0.5000000000000 tors  10    9    5    4 val=  90.00003
        0.5000000000000 tors  10    9    5    6
        0.5000000000000 tors  11    9    5    4
        0.5000000000000 tors  11    9    5    6
  10 k  1.0000000000000 stre   9   10           val=   1.90396
  11 k  1.0000000000000 stre   9   11           val=   1.92618
  12 k  0.8164600474494 bend  11   10    9      val=  -0.28174
       -0.4149191695003 bend   5   10    9
       -0.4015408742583 bend   5   11    9
  13 k  0.0077239632627 bend  11   10    9      val=  -0.13846
        0.7032131609245 bend   5   10    9
       -0.7109371214771 bend   5   11    9
  14 k  1.0000000000000 outp  10    5   11    9 val=  -0.00141
  15 k  1.0000000000000 stre   6   12           val=   2.04207
  16 k  0.7071067812290 bend   7   12    6      val=  -0.34071
       -0.7071067811441 bend   5   12    6
  17 k  1.0000000000000 outp  12    5    7    6 val=  -0.01544
  18 k  1.0000000000000 stre   7   13           val=   2.04626
  19 k  0.7071067813846 bend   6   13    7      val=   3.36130
       -0.7071067809885 bend   2   13    7
  20 k  1.0000000000000 outp  13    2    6    7 val=  -0.01477
  21 k  1.0000000000000 stre   2   14           val=   1.91517
  22 k  0.7071067838322 bend   7   14    2      val=   2.67604
       -0.7071067785409 bend   3   14    2
  23 k  1.0000000000000 outp  14    3    7    2 val=   0.00190
  24 k  1.0000000000000 stre  16   21           val=   2.30070
  25 k  0.7071067811953 bend  17   21   16      val=   0.13366
       -0.7071067811778 bend  15   21   16
  26 k  1.0000000000000 outp  21   15   17   16 val=   0.00271
  27 k  1.0000000000000 stre  22   23           val=   1.90932
  28 k  0.7071068006330 bend  18   23   22      val=  -0.67750
       -0.7071067617401 bend  24   23   22
  29 k  1.0000000000000 outp  23   24   18   22 val=   0.00213
  30 k  1.0000000000000 stre  19   25           val=   2.04118
  31 k  0.7071067811885 bend  20   25   19      val=   0.12829
       -0.7071067811846 bend  18   25   19
  32 k  1.0000000000000 outp  25   18   20   19 val=   0.00296
  33 k  1.0000000000000 stre  20   26           val=   2.04676
  34 k  0.7071067811982 bend  19   26   20      val=   3.22611
       -0.7071067811749 bend  15   26   20
  35 k  1.0000000000000 outp  26   15   19   20 val=  -0.00415
  36 k  1.0000000000000 stre  15   27           val=   1.91630
  37 k  0.7071067832001 bend  20   27   15      val=   2.83257
       -0.7071067791730 bend  16   27   15
  38 k  1.0000000000000 outp  27   16   20   15 val=   0.00476
  39 k  1.0000000000000 stre   5    9           val=   2.51536
  40 k  0.7071067811874 bend   4    9    5      val=  -1.06903
       -0.7071067811857 bend   6    9    5
  41 k  1.0000000000000 outp   9    6    4    5 val=  -0.00163
  42 k  1.0000000000000 stre   3    2           val=   2.61021
  43 k  1.0000000000000 stre   2    7           val=   2.56249
  44 k  1.0000000000000 stre   7    6           val=   2.55805
  45 k  1.0000000000000 stre   6    5           val=   2.69848
  46 k  1.0000000000000 stre   5    4           val=   2.52918
  47 k -0.2886751345948 bend   4    2    3      val=   0.10538
       -0.2886751345948 bend   3    7    2
        0.5773502691896 bend   2    6    7
       -0.2886751345948 bend   7    5    6
       -0.2886751345948 bend   6    4    5
        0.5773502691896 bend   5    3    4
  48 k  0.5000000000000 bend   4    2    3      val=  -2.34224
       -0.5000000000000 bend   3    7    2
        0.5000000000000 bend   7    5    6
       -0.5000000000000 bend   6    4    5
  49 k -0.4082482904639 bend   4    2    3      val=   0.03542
        0.4082482904639 bend   3    7    2
       -0.4082482904639 bend   2    6    7
        0.4082482904639 bend   7    5    6
       -0.4082482904639 bend   6    4    5
        0.4082482904639 bend   5    3    4
  50 k -0.2886751345948 tors   3    2    7    6 val=  -0.00432
       -0.2886751345948 tors   2    7    6    5
        0.5773502691896 tors   7    6    5    4
       -0.2886751345948 tors   6    5    4    3
       -0.2886751345948 tors   5    4    3    2
        0.5773502691896 tors   4    3    2    7
  51 k  0.5000000000000 tors   3    2    7    6 val=  -0.01065
       -0.5000000000000 tors   2    7    6    5
        0.5000000000000 tors   6    5    4    3
       -0.5000000000000 tors   5    4    3    2
  52 k -0.4082482904639 tors   3    2    7    6 val=   0.01205
        0.4082482904639 tors   2    7    6    5
       -0.4082482904639 tors   7    6    5    4
        0.4082482904639 tors   6    5    4    3
       -0.4082482904639 tors   5    4    3    2
        0.4082482904639 tors   4    3    2    7
  53 k  0.7071067811865 tors   1    4    3    5 val= 179.99301
        0.7071067811865 tors   8    4    3    2
  54 k  1.0000000000000 stre  17   16           val=   2.60951
  55 k  1.0000000000000 stre  16   15           val=   2.60629
  56 k  1.0000000000000 stre  15   20           val=   2.56804
  57 k  1.0000000000000 stre  20   19           val=   2.55787
  58 k  1.0000000000000 stre  19   18           val=   2.69325
  59 k -0.2886751345948 bend  18   16   17      val=   0.55039
       -0.2886751345948 bend  17   15   16
        0.5773502691896 bend  16   20   15
       -0.2886751345948 bend  15   19   20
       -0.2886751345948 bend  20   18   19
        0.5773502691896 bend  19   17   18
  60 k  0.5000000000000 bend  18   16   17      val=   3.42961
       -0.5000000000000 bend  17   15   16
        0.5000000000000 bend  15   19   20
       -0.5000000000000 bend  20   18   19
  61 k -0.4082482904639 bend  18   16   17      val=  -2.05664
        0.4082482904639 bend  17   15   16
       -0.4082482904639 bend  16   20   15
        0.4082482904639 bend  15   19   20
       -0.4082482904639 bend  20   18   19
        0.4082482904639 bend  19   17   18
  62 k -0.2886751345948 tors  17   16   15   20 val=  -0.00194
       -0.2886751345948 tors  16   15   20   19
        0.5773502691896 tors  15   20   19   18
       -0.2886751345948 tors  20   19   18   17
       -0.2886751345948 tors  19   18   17   16
        0.5773502691896 tors  18   17   16   15
  63 k  0.5000000000000 tors  17   16   15   20 val=   0.00382
       -0.5000000000000 tors  16   15   20   19
        0.5000000000000 tors  20   19   18   17
       -0.5000000000000 tors  19   18   17   16
  64 k -0.4082482904639 tors  17   16   15   20 val=  -0.00672
        0.4082482904639 tors  16   15   20   19
       -0.4082482904639 tors  15   20   19   18
        0.4082482904639 tors  20   19   18   17
       -0.4082482904639 tors  19   18   17   16
        0.4082482904639 tors  18   17   16   15
  65 k  0.7071067811865 tors  22   18   17   19 val= 179.99002
        0.7071067811865 tors   4   18   17   16
  66 k  1.0000000000000 stre   3    8           val=   2.34292
  67 k  1.0000000000000 stre  22   18           val=   2.47754
  68 k  1.0000000000000 stre  18   17           val=   2.55772
  69 k  1.0000000000000 stre   4    3           val=   2.56644
  70 k -0.2886751345948 bend   3   24    8      val=   0.52523
       -0.2886751345948 bend  24   18   22
        0.5773502691896 bend  22   17   18
       -0.2886751345948 bend  18    1   17
       -0.2886751345948 bend   1    3    4
        0.5773502691896 bend   4    8    3
  71 k  0.5000000000000 bend   3   24    8      val=   3.06840
       -0.5000000000000 bend  24   18   22
        0.5000000000000 bend  18    1   17
       -0.5000000000000 bend   1    3    4
  72 k -0.4082482904639 bend   3   24    8      val=   1.51772
        0.4082482904639 bend  24   18   22
       -0.4082482904639 bend  22   17   18
        0.4082482904639 bend  18    1   17
       -0.4082482904639 bend   1    3    4
        0.4082482904639 bend   4    8    3
  73 k -0.2886751345948 tors  24   22   18   17 val=  -0.00263
       -0.2886751345948 tors  22   18   17    1
        0.5773502691896 tors  18   17    4    3
       -0.2886751345948 tors   1    4    3    8
       -0.2886751345948 tors   4    3    8   24
        0.5773502691896 tors   3    8   22   18
  74 k  0.5000000000000 tors  24   22   18   17 val=   0.00138
       -0.5000000000000 tors  22   18   17    1
        0.5000000000000 tors   1    4    3    8
       -0.5000000000000 tors   4    3    8   24
  75 k -0.4082482904639 tors  24   22   18   17 val=  -0.00017
        0.4082482904639 tors  22   18   17    1
       -0.4082482904639 tors  18   17    4    3
        0.4082482904639 tors   1    4    3    8
       -0.4082482904639 tors   4    3    8   24
        0.4082482904639 tors   3    8   22   18
        75 non zero eigenvalues  of BmBt
           1          11.727163185    1    0
         1
           2          11.149791673    2    0
         2
           3           7.582478817    3    0
         3
           4           6.361618283    4    0
         4
           5           5.554888251    5    0
         5
           6           4.847094053    6    0
         6
           7           4.805652161    7    0
         7
           8           4.683263465    8    0
         8
           9           4.251924435    9    0
         9
          10           4.210613041   10    0
        10
          11           4.054047902   11    0
        11
          12           3.909863073   12    0
        12
          13           3.745910869   13    0
        13
          14           3.712615285   14    0
        14
          15           3.614141780   15    0
        15
          16           3.504260256   16    0
        16
          17           3.441652533   17    0
        17
          18           3.344280974   18    0
        18
          19           3.214022115   19    0
        19
          20           3.155341914   20    0
        20
          21           2.975247572   21    0
        21
          22           2.898280996   22    0
        22
          23           2.813363444   23    0
        23
          24           2.780386841   24    0
        24
          25           2.539395032   25    0
        25
          26           2.392469862   26    0
        26
          27           2.354225559   27    0
        27
          28           2.192381361   28    0
        28
          29           1.932228132   29    0
        29
          30           1.816331258   30    0
        30
          31           1.784909042   31    0
        31
          32           1.757811163   32    0
        32
          33           1.618780548   33    0
        33
          34           1.537096528   34    0
        34
          35           1.435569079   35    0
        35
          36           1.144089699   36    0
        36
          37           1.121152490   37    0
        37
          38           1.074093738   38    0
        38
          39           1.059636761   39    0
        39
          40           0.974959544   40    0
        40
          41           0.940226643   41    0
        41
          42           0.874217651   42    0
        42
          43           0.717666843   43    0
        43
          44           0.618318626   44    0
        44
          45           0.590685600   45    0
        45
          46           0.522079437   46    0
        46
          47           0.494677573   47    0
        47
          48           0.444800443   48    0
        48
          49           0.410708817   49    0
        49
          50           0.406717993   50    0
        50
          51           0.394177271   51    0
        51
          52           0.392238029   52    0
        52
          53           0.362111231   53    0
        53
          54           0.340926145   54    0
        54
          55           0.327881968   55    0
        55
          56           0.308644762   56    0
        56
          57           0.305050200   57    0
        57
          58           0.265922891   58    0
        58
          59           0.259220538   59    0
        59
          60           0.255379158   60    0
        60
          61           0.214954464   61    0
        61
          62           0.176963145   62    0
        62
          63           0.158769626   63    0
        63
          64           0.146347973   64    0
        64
          65           0.134677162   65    0
        65
          66           0.119629178   66    0
        66
          67           0.100079648   67    0
        67
          68           0.094870646   68    0
        68
          69           0.081041106   69    0
        69
          70           0.058959194   70    0
        70
          71           0.042781687   71    0
        71
          72           0.024007989   72    0
        72
          73           0.021932749   73    0
        73
          74           0.011329100   74    0
        74
          75           0.008737338   75    0
        75
$end
