$energy      SCF               SCFKIN            SCFPOT            MP2
     1 -785.8013783499      784.172903     -1569.97428     -2.881748834389
     2 -785.8147792888      784.201502     -1570.01628     -2.880626311307
     3 -785.8414217450      784.273198     -1570.11462     -2.878376214644
     4 -785.8672295662      784.370648     -1570.23788     -2.876619479788
     5 -785.8882777924      784.528590     -1570.41687     -2.876325912477
     6 -785.9062487121      784.720675     -1570.62692     -2.874045008250
     7 -785.9275638288      784.860524     -1570.78809     -2.868052171146
     8 -785.9438628677      784.989098     -1570.93296     -2.866600645604
     9 -785.9546779990      784.834501     -1570.78918     -2.867910506531
    10 -785.9603094633      784.782969     -1570.74328     -2.868547101929
    11 -785.9630945636      784.836654     -1570.79975     -2.868925018850
    12 -785.9645321317      784.913209     -1570.87774     -2.868719437811
    13 -785.9668602271      784.920045     -1570.88690     -2.867234160562
    14 -785.9718371678      784.999980     -1570.97182     -2.863357048206
    15 -785.9719609072      784.817248     -1570.78921     -2.863700618248
    16 -785.9755210335      784.859172     -1570.83469     -2.862439580057
    17 -785.9768040553      784.894113     -1570.87092     -2.861282888891
    18 -785.9763623666      784.883166     -1570.85953     -2.861761673560
    19 -785.9766748454      784.886021     -1570.86270     -2.861464990198
    20 -785.9767964430      784.885526     -1570.86232     -2.861346711610
    21 -785.9767877375      784.883785     -1570.86057     -2.861358520875
    22 -785.9767584771      784.883635     -1570.86039     -2.861388465033
    23 -785.9767377208      784.883931     -1570.86067     -2.861410783833
    24 -785.9767104513      784.884277     -1570.86099     -2.861438114748
    25 -785.9766911387      784.884456     -1570.86115     -2.861457701484
    26 -785.9766865437      784.884427     -1570.86111     -2.861462221984
$end
