$grad          cartesian gradients
  cycle =      1 MP2 energy =     -788.6831271843 |dE/dxyz| =  0.055926
   -1.77740147053415     -7.03249492095475      1.40842525626865      h
   -7.16165299987876     -3.11713543464490     -2.67881881560542      n
   -5.16987073626151     -3.87622351505152     -1.16435686502138      c
   -4.83250641741162     -6.45610894299186     -0.91729145267309      n
   -6.34547766165693     -8.10848398811320     -2.07675599719805      c
   -8.38544589927989     -7.28370862058930     -3.62816297675039      c
   -8.72182235201229     -4.75762896573914     -3.87444258605478      c
   -3.79839573443509     -2.33914396563642     -0.11346098102559      o
   -5.90804669185699    -10.56914317839489     -1.75298108280503      n
   -7.00936780181371    -11.87348616087877     -2.59770102741978      h
   -4.46102893734710    -11.15986338385363     -0.65290264895445      h
   -9.61791448859021     -8.60874151319684     -4.57288827705896      h
  -10.21443535188200     -3.93697438349774     -5.00897551701615      h
   -7.39798041513122     -1.22365241727544     -2.85175299748163      h
    4.27850171366963     -9.25535050369909      6.01419452426918      n
    2.19140640349405     -9.24594026887032      4.42415995501587      c
    1.29565734335668     -6.88461226371879      3.75033665192570      n
    2.36539069977744     -4.75160931565620      4.57235335640642      c
    4.50750471746419     -4.81620679768556      6.20366773321723      c
    5.39882176515324     -7.12199528496720      6.87468095892356      c
    1.21920871093699    -11.19383471387602      3.67653489445414      o
    1.38664522466582     -2.54731569603685      3.83436600985338      n
    2.15969978128409     -0.91135217798868      4.42931244076656      h
   -0.13989384315857     -2.47399260402908      2.67257902676873      h
    5.39140977782875     -3.10615652075149      6.88275017469088      h
    7.01526189289551     -7.37266212576145      8.10498428578589      h
    4.93506202416158    -10.98572995198819      6.50808872415578      h
  -.57835230616431D-02  -.86843067227989D-02  -.44370283498072D-02
  0.20737835632501D-02  0.20634829386488D-02  0.15995064938576D-02
  -.14850109025036D-01  -.13199314457482D-02  -.11331866874069D-01
  -.21519794787174D-01  0.28486138595558D-02  -.16384915718820D-01
  -.71515899049057D-02  0.55451204980028D-02  -.54295969912683D-02
  0.55052558727020D-03  -.27685861947750D-02  0.41031730101349D-03
  -.11416084608307D-03  0.28894984877681D-04  -.78264029180986D-04
  0.13691600750310D-02  0.20982748362464D-02  0.10537717610148D-02
  -.51752454467699D-03  0.35457939449124D-03  -.38819980434343D-03
  -.90809682056658D-04  -.17918437382836D-03  -.71731757670168D-04
  0.21183016160897D-03  -.59659430444192D-03  0.15666148998772D-03
  -.26585172191851D-03  0.53163035635340D-03  -.20340075089686D-03
  0.33945101274746D-04  0.14989487212791D-04  0.18869905516805D-04
  -.44750472045640D-03  -.13728902230348D-03  -.34479322150038D-03
  -.10793091966752D-02  -.42064191649516D-02  -.82675143630073D-03
  0.14487992666939D-01  0.11311911184293D-01  0.11067932258653D-01
  0.25492830788489D-01  -.41813458173727D-02  0.19418282072460D-01
  0.10101959917368D-01  -.67014887948855D-02  0.76675590520159D-02
  -.12789846882848D-02  0.34272618449860D-02  -.96101471708998D-03
  -.48541459330309D-04  -.27100948816328D-03  -.42499541835106D-04
  -.28684761706970D-02  -.23007398801909D-02  -.21920663751356D-02
  0.90425019125817D-04  0.16360834754661D-02  0.66584318836549D-04
  0.86247366000158D-05  0.23066427282448D-03  0.92773351720865D-05
  0.43188893113388D-03  0.12460329230035D-02  0.33838736671132D-03
  0.55430329392259D-03  -.48858489832160D-03  0.42155991802728D-03
  -.38566768272297D-04  -.14706894291394D-04  -.30463688627691D-04
  0.64747753462635D-03  0.51264714987997D-03  0.49388459995114D-03
  cycle =      2 MP2 energy =     -788.6954056001 |dE/dxyz| =  0.060810
   -1.77548618144997     -6.94579665632006      1.41018790686720      h
   -7.14111574870953     -3.13714501581150     -2.66324048764321      n
   -5.13205862590122     -3.82602477037408     -1.13534308300536      c
   -4.75589444632474     -6.39167842513696     -0.85867382103943      n
   -6.21984525352673     -8.10415439216431     -1.98102148355059      c
   -8.27677501296094     -7.34727056863480     -3.54560667755559      c
   -8.66572410765457     -4.83182379128996     -3.83197656958700      c
   -3.79000069350337     -2.25228596931050     -0.10671389010292      o
   -5.72115616629986    -10.54623642854783     -1.61049868407635      n
   -6.78882653307869    -11.89380269800913     -2.42973792749933      h
   -4.26023032783751    -11.07815901937093     -0.49958970625512      h
   -9.48031219658603     -8.71382938938637     -4.46842692038460      h
  -10.17525373754253     -4.06169920382222     -4.97953324129908      h
   -7.41820385242535     -1.25225145701153     -2.86724657060513      h
    4.09928149994192     -9.29557492736069      5.87747836398392      n
    2.01257138118196     -9.19516897798668      4.28805972124267      c
    1.21065693303923     -6.78434117373309      3.68590690914820      n
    2.32435481304961     -4.69457228580452      4.54128433743782      c
    4.46322495615590     -4.86512865051866      6.16975643129673      c
    5.28244107605279     -7.21405404512065      6.78567735069776      c
    0.98071550092208    -11.09084278435281      3.49515394703157      o
    1.39124373922337     -2.46238382190118      3.83816571949273      n
    2.18026336090781     -0.83877466664525      4.44523981877770      h
   -0.13433648392766     -2.39066810148499      2.67711051680557      h
    5.39866576203405     -3.19899928492900      6.88794857661427      h
    6.89029662915972     -7.54176137226607      8.00918414531818      h
    4.70483296949817    -11.05511973855355      6.33239808532667      h
  -.55780792040179D-02  -.10070856983724D-01  -.42855877689632D-02
  0.18904712705936D-02  0.13885278085377D-02  0.14572954838417D-02
  -.11841331273503D-01  -.10983209683498D-02  -.90376126573619D-02
  -.27595793623268D-01  0.52878705922477D-02  -.21005118533086D-01
  -.49516365552931D-02  0.47264736882968D-02  -.37563577648712D-02
  0.68215810298167D-03  -.22292809138049D-02  0.51260889101368D-03
  -.56759192997191D-03  0.87942471775904D-04  -.42573792829437D-03
  0.82567018868751D-03  0.10624872875233D-02  0.63550028732884D-03
  -.20717083611260D-03  -.16334844101706D-03  -.15360537411852D-03
  0.16607245272304D-05  -.18166671505604D-03  -.11753497011213D-05
  -.28042474701095D-03  -.33668508031903D-03  -.21759867402782D-03
  -.15630888702400D-03  0.32647421400966D-03  -.12052171379473D-03
  0.97383107720006D-05  0.17560637877612D-04  0.17894691555220D-05
  -.20350130146940D-03  -.13805800584876D-03  -.15883861703614D-03
  -.10321499968811D-02  -.22706163912565D-02  -.78382286063405D-03
  0.91563975047011D-02  0.43653269716346D-02  0.69822120688294D-02
  0.33157379950385D-01  0.11638708110182D-02  0.25274883860077D-01
  0.60880590921508D-02  -.57614982605774D-02  0.46149534894608D-02
  -.99346943605205D-03  0.24031779441440D-02  -.74698222613012D-03
  0.51680689169764D-03  -.14201458108709D-03  0.38820755044799D-03
  -.11184227269059D-02  -.10154740664063D-02  -.85447090576185D-03
  0.71941387393970D-03  0.32762020689976D-02  0.55128017909811D-03
  -.58576161568347D-04  0.45418947672715D-03  -.41640162506074D-04
  0.10646941184005D-02  -.10790501068791D-02  0.81223736558567D-03
  0.30570795533480D-03  -.37614641202932D-03  0.23230662649176D-03
  0.49449504340160D-05  0.78715324218770D-05  0.31300535923151D-05
  0.16135440177978D-03  0.29504149251558D-03  0.12266571236585D-03
  cycle =      3 MP2 energy =     -788.7197979596 |dE/dxyz| =  0.081077
   -1.77294808747263     -6.77269719461532      1.41274205463782      h
   -7.09505554063233     -3.18035719686644     -2.62830254359622      n
   -5.05600426111232     -3.72861733895682     -1.07699706563717      c
   -4.60192553705386     -6.26452847641240     -0.74087200487894      n
   -5.96540719585816     -8.08930735690808     -1.78710711530674      c
   -8.05203226865929     -7.46896671110110     -3.37483941867277      c
   -8.54419407146491     -4.97985524942370     -3.73994424830936      c
   -3.77655731040032     -2.08236592614973     -0.09577567164890      o
   -5.34566202767631    -10.48644394794562     -1.32416228150665      n
   -6.34302488552638    -11.91623105896343     -2.09013385541762      h
   -3.86048573977409    -10.89939120877721     -0.19429442294135      h
   -9.19601057916202     -8.91440792313758     -4.25254583692700      h
  -10.08415465429936     -4.31213714698840     -4.91100160140511      h
   -7.45355951079294     -1.31684296738542     -2.89438723338310      h
    3.74251520658515     -9.36583890855099      5.60534872467308      n
    1.66381005820925     -9.08759810926398      4.02266916764230      c
    1.03945422591013     -6.60413842802759      3.55606661416342      n
    2.23553307282381     -4.60097781989834      4.47393501777552      c
    4.35963552680182     -4.96960911641060      6.09045483853068      c
    5.03923289083362     -7.39009420280973      6.59972536069393      c
    0.52085070553265    -10.87486998487035      3.14547741080392      o
    1.39424087810598     -2.31831937726398      3.84096531766337      n
    2.22105491542913     -0.72573630203989      4.47673671083135      h
   -0.12896498503509     -2.23148161494107      2.68178738024373      h
    5.38874356475954     -3.39299877859456      6.87970280038094      h
    6.62453930515848     -7.86162196320350      7.80555603116914      h
    4.24970555820836    -11.17411330634149      5.98513863785903      h
  -.42589990696239D-02  -.13227154479476D-01  -.32919383238975D-02
  0.13265288560156D-02  0.18028148440941D-03  0.10230340839916D-02
  -.55960619849262D-02  0.35517248242145D-03  -.42720601620063D-02
  -.39571167916088D-01  0.83856685635908D-02  -.30117660494307D-01
  -.38030142793399D-03  0.39275440539752D-02  -.27658154506316D-03
  0.74419270967585D-03  -.11439011459222D-02  0.56393251180697D-03
  -.10875125994421D-02  0.17631925315920D-03  -.82496316528324D-03
  -.75089495858194D-03  -.12008254227780D-02  -.57467818339596D-03
  0.28451918363373D-03  -.94446611406696D-03  0.21841411194692D-03
  0.20084923949071D-03  -.21183833154570D-03  0.15068752159664D-03
  -.13520765268620D-02  0.34254443449733D-04  -.10332606588266D-02
  0.58056156441388D-04  -.35672681481635D-04  0.41959285749904D-04
  -.14021834333633D-05  0.25979743720761D-04  -.48096431353173D-05
  0.19749068094121D-03  -.22529244608549D-04  0.14739109465700D-03
  -.17115807597001D-03  0.13222540299127D-02  -.11503889257281D-03
  -.21151044859593D-02  -.60672841489711D-02  -.16408129322305D-02
  0.47204531592484D-01  0.87209518303658D-02  0.36000384562292D-01
  -.11540754187189D-02  -.34528186785163D-02  -.89097346876432D-03
  -.59272083891404D-03  0.69030737596698D-03  -.44736621401054D-03
  0.11760602495698D-02  -.24484694349303D-03  0.88956554397157D-03
  0.25610663368187D-02  0.18035870030282D-02  0.19586848466311D-02
  0.18522595478911D-02  0.55181183416142D-02  0.14219226511116D-02
  -.18594646895753D-03  0.53655395075403D-03  -.13920228412045D-03
  0.23057036883003D-02  -.50289182087466D-02  0.17434791488702D-02
  -.94835127593118D-04  -.48183050765260D-04  -.71947231699454D-04
  0.43220687795831D-04  0.17081267721597D-04  0.32720146021958D-04
  -.64222148646698D-03  -.65635083310589D-04  -.49088203207659D-03
  cycle =      4 MP2 energy =     -788.7438490460 |dE/dxyz| =  0.108232
   -1.77097383694885     -6.59819256216426      1.41487971480382      h
   -7.04268931245465     -3.23225605379234     -2.58859557648160      n
   -4.97928683128854     -3.63563204558025     -1.01816100110538      c
   -4.44746501062382     -6.13793385776769     -0.62269555842234      n
   -5.70347040677951     -8.06795149379140     -1.58745527650217      c
   -7.81455333024911     -7.58878414909525     -3.19436640082115      c
   -8.41012060524998     -5.13321175196311     -3.63838007115851      c
   -3.76509441039495     -1.92067060690852     -0.08637259629238      o
   -4.96171859135771    -10.40862735033855     -1.03131808914230      n
   -5.88268340212953    -11.91694559537171     -1.73936925807687      h
   -3.45730976725616    -10.69729867679301      0.11371003430751      h
   -8.89483419950521     -9.11001792148322     -4.02379915263059      h
   -9.97652178807513     -4.57161483893222     -4.82991231148718      h
   -7.48327851412084     -1.39631463812652     -2.91729450416964      h
    3.37517700694618     -9.42392369765694      5.32520685085762      n
    1.31451486553134     -8.96682357405517      3.75692592385902      c
    0.86887802996435     -6.43321213848843      3.42667972673440      n
    2.14332086422306     -4.52095526946523      4.40395745661515      c
    4.24153551865225     -5.08428038423173      6.00005558848762      c
    4.77857265988512     -7.56285645964208      6.40048158580891      c
    0.06621448174587    -10.63547005664275      2.79987752742521      o
    1.39517604960381     -2.19394324451773      3.84212939993491      n
    2.26134030322427     -0.63587581000663      4.50776650203190      h
   -0.12543266160490     -2.08502825625250      2.68502332968991      h
    5.35850371559793     -3.60490917104539      6.85590091855775      h
    6.33344540966103     -8.17472863691790      7.58263688819694      h
    3.78208301644158    -11.27208937481678      5.62843111641675      h
  -.12276868643024D-02  -.17664546331871D-01  -.99850603445180D-03
  0.56514781440686D-03  -.15070444140273D-02  0.43610680145001D-03
  0.79003973890401D-03  0.33444970399844D-02  0.60709240595269D-03
  -.51637510231375D-01  0.98336607744971D-02  -.39305694614941D-01
  0.46704979250949D-02  0.50580589861053D-02  0.35760272251215D-02
  0.84823213108631D-03  -.31795804973989D-03  0.64629605569344D-03
  -.14219819532038D-02  0.49299219726429D-03  -.10818656692884D-02
  -.24390314321163D-02  -.40669585624862D-02  -.18724607888698D-02
  0.14749903451186D-02  -.18931900163999D-02  0.11223439423186D-02
  0.59621617871963D-03  -.40582134217004D-03  0.45136279772962D-03
  -.31556704613580D-02  0.20467297418580D-03  -.24076612970196D-02
  0.29954738107030D-03  -.36307367542321D-03  0.22517397001476D-03
  -.14980248772112D-04  0.91316884422987D-05  -.13317697427517D-04
  0.58586706871733D-03  0.19137377094758D-03  0.44437586264134D-03
  0.15157282682896D-02  0.49855464400910D-02  0.11831727573890D-02
  -.15570432792676D-01  -.14468567717964D-01  -.11919924742098D-01
  0.60334023325391D-01  0.14798000067188D-01  0.46021535476341D-01
  -.80006427456265D-02  -.43284228090412D-03  -.60930158904897D-02
  -.36254943754965D-03  -.10581004941566D-02  -.27802457091664D-03
  0.16522678546131D-02  -.57924043760105D-03  0.12506689696128D-02
  0.63660540601855D-02  0.47500801741123D-02  0.48678142876897D-02
  0.27973582353313D-02  0.73153168236200D-02  0.21479213310348D-02
  -.30142042630121D-03  0.47549037846295D-03  -.22810467490642D-03
  0.34973016612296D-02  -.88432020714986D-02  0.26373546119265D-02
  -.46627455601556D-03  0.36852850543578D-03  -.35374546403188D-03
  0.79057617865530D-04  0.20746393432969D-04  0.60483140056355D-04
  -.14741482332727D-02  -.24755070352178D-03  -.11254080173480D-02
  cycle =      5 MP2 energy =     -788.7646037049 |dE/dxyz| =  0.134132
   -1.77657362791649     -6.41138122705702      1.41130799826042      h
   -6.98672597992877     -3.28664546294235     -2.54616598065830      n
   -4.90353801903873     -3.54341743463817     -0.96006213301693      c
   -4.29957770726649     -6.01025497919686     -0.50952197767108      n
   -5.44002787291753     -8.04033171899633     -1.38663784067111      c
   -7.57076053205217     -7.70222963443697     -3.00907672341331      c
   -8.26553578717568     -5.28577441966524     -3.52882466837675      c
   -3.76023360947678     -1.76314386602918     -0.08200144110105      o
   -4.57179845677736    -10.30717003597019     -0.73381602459039      n
   -5.40818577120564    -11.89126377248489     -1.37770156942398      h
   -3.04928542545059    -10.46099433616462      0.42557087739955      h
   -8.58603860024888     -9.29301714658239     -3.78921866021495      h
   -9.85374982006120     -4.83208279143853     -4.73732040445780      h
   -7.51041806817370     -1.48497400396859     -2.93827615892470      h
    3.01399324974658     -9.47677463113802      5.04976456539386      n
    0.98164680086804     -8.84454557814154      3.50371019822315      c
    0.69638357775723     -6.29065068875085      3.29574152047000      n
    2.04177442111020     -4.46517364906753      4.32678579520334      c
    4.10695343449699     -5.20788795206553      5.89705757636353      c
    4.50834383243519     -7.72857276003553      6.19395706813546      c
   -0.36450730743588    -10.39415751611149      2.47251645955255      o
    1.38300236559485     -2.10377218936285      3.83320023804793      n
    2.29425829044327     -0.58863887054004      4.53303369996892      h
   -0.13259458954652     -1.94854363776456      2.68009325506799      h
    5.30133813654996     -3.82667102362908      6.81153540707625      h
    6.02811127368909     -8.46706198604997      7.34891376575197      h
    3.32707504541891    -11.35441630361899      5.28137792504273      h
  0.46365717020667D-02  -.22891071655983D-01  0.34504353769851D-02
  -.85562537645156D-03  -.33700503572991D-02  -.65400179376329D-03
  0.92967668498378D-02  0.92978625140261D-02  0.71137509009209D-02
  -.64489346124233D-01  0.80526876251479D-02  -.49105344281706D-01
  0.10717578676752D-01  0.91223853901368D-02  0.81988250807603D-02
  0.62121769207746D-03  -.99124456314215D-04  0.47400894563943D-03
  -.11405937463955D-02  0.11292158787395D-02  -.86844659109353D-03
  -.55577504919757D-02  -.84687808152601D-02  -.42661282822785D-02
  0.64763368868708D-02  -.27252240921332D-02  0.49320715401152D-02
  0.17527304571967D-02  -.87580867295234D-03  0.13310177332659D-02
  -.33098257952506D-02  -.29278396628341D-03  -.25275977530841D-02
  0.50895742841028D-03  -.63844673055158D-03  0.38428829125881D-03
  0.18524586949731D-04  -.14710147735464D-04  0.14030652192965D-04
  0.86556944237470D-03  0.60173126208340D-03  0.65948522005987D-03
  0.45169533344636D-02  0.74549412773903D-02  0.34786569294205D-02
  -.27857281942942D-01  -.16563202134463D-01  -.21285928241383D-01
  0.69221422311655D-01  0.16468172160720D-01  0.52795407876904D-01
  -.13653183536533D-01  0.43656815433950D-02  -.10380101168970D-01
  0.25635575826310D-03  -.29768636339051D-02  0.18688379541931D-03
  0.13055515116172D-02  -.10801816177413D-02  0.98438272228130D-03
  0.21737689820043D-02  0.70823694923519D-02  0.16795497859254D-02
  0.26389228506922D-02  0.76145442203046D-02  0.20282156527092D-02
  -.51291436539325D-03  -.13059273209493D-03  -.39172640588525D-03
  0.50292492491284D-02  -.11451656442621D-01  0.37944020567311D-02
  -.72132002908987D-03  0.86786169498598D-03  -.54653512010105D-03
  0.35646333266470D-04  -.23567914367195D-04  0.27624632426004D-04
  -.19742826006042D-02  -.45538801336420D-03  -.15072275129764D-02
  cycle =      6 MP2 energy =     -788.7802937204 |dE/dxyz| =  0.150879
   -1.77664050155006     -6.36811403689640      1.41136745647434      h
   -6.85562952066694     -3.31722328575017     -2.44634389169942      n
   -4.77129844686654     -3.57271217735758     -0.85936599180513      c
   -4.15353273652622     -6.03350234816986     -0.39836131166044      n
   -5.29712745502472     -8.07266694677436     -1.27796855461596      c
   -7.43121887843466     -7.72074297078121     -2.90287143381682      c
   -8.13304606361653     -5.31215549729115     -3.42794970400697      c
   -3.69454144634424     -1.73989191635262     -0.03179356086580      o
   -4.46345268241939    -10.34836983168941     -0.65161431803156      n
   -5.32668609836562    -11.90949081192631     -1.31589801192751      h
   -2.94122118165137    -10.53383823705392      0.50742538140392      h
   -8.44494041937447     -9.31334388939099     -3.68179080971823      h
   -9.72218889090661     -4.86220385696079     -4.63695775353414      h
   -7.37779268925868     -1.51513465620973     -2.83720056543293      h
    2.83642641053259     -9.44517289808035      4.91469317887479      n
    0.80509322205517     -8.80786536506675      3.36940655450643      c
    0.54328306102381     -6.24229829765106      3.17923601732749      n
    1.91300595793408     -4.43586684108029      4.22873467494293      c
    3.97115088881918     -5.20692403052175      5.79358762865652      c
    4.35001458482546     -7.72705837177626      6.07341233937128      c
   -0.51748817298354    -10.38146217785857      2.35619509195669      o
    1.35650575673448     -2.04595773074288      3.81312994332796      n
    2.30468306121360     -0.56636617604315      4.54084724421939      h
   -0.14147708337414     -1.87513691202702      2.67354112839340      h
    5.17538945817808     -3.83916133287096      6.71546559933098      h
    5.86238067118102     -8.48975778173261      7.22272348957442      h
    3.13367844830411    -11.32712923779119      5.13429294619170      h
  0.80055417563036D-02  -.26542059160755D-01  0.60035384593224D-02
  0.78948112721378D-03  -.88551558218519D-03  0.60780571841779D-03
  0.20096265724522D-01  0.11523584603824D-01  0.15355550718379D-01
  -.65428894808187D-01  0.75885974205128D-02  -.49822516568412D-01
  0.16963874986385D-01  0.44738770944535D-02  0.12941980814819D-01
  -.36608684644346D-03  0.25722650319038D-02  -.26840659496941D-03
  -.64062441753698D-03  0.30013788806649D-03  -.49841214280288D-03
  -.16250960674567D-01  -.11311821787093D-01  -.12426099959909D-01
  0.87109450621474D-02  -.16586545752642D-02  0.66418329043865D-02
  0.24775392441660D-02  -.13495090443687D-02  0.18815986587430D-02
  -.24080940960243D-02  -.84408523693513D-03  -.18441396151943D-02
  0.43105515365749D-03  -.53558634374795D-03  0.32614402201725D-03
  0.19051908744849D-04  0.17855688433732D-03  0.19635879233704D-04
  0.42919252530993D-03  0.62646746064843D-03  0.32738717961278D-03
  0.45841743790174D-02  0.11332015715899D-01  0.35431092892573D-02
  -.40322028939454D-01  -.22571404714550D-01  -.30804763972009D-01
  0.69939389571023D-01  0.17367156537826D-01  0.53345903981156D-01
  -.24256506258000D-01  0.10534133100798D-01  -.18433228182506D-01
  0.47641964478551D-03  -.15941860040423D-02  0.36091325628096D-03
  0.40935970920231D-03  -.20851151814139D-03  0.30488120760630D-03
  -.20477086905402D-03  0.71835797394897D-02  -.13450377348700D-03
  0.58831379445361D-02  0.10349566961255D-01  0.45117013577782D-02
  -.50754629903738D-03  0.11196848520552D-02  -.38456631736805D-03
  0.13787764326866D-01  -.18405402258453D-01  0.10438385726959D-01
  -.61297162793839D-03  0.85109986265941D-03  -.46538992744782D-03
  0.18825485410989D-03  0.29274182397065D-03  0.14598741102390D-03
  -.21929629969393D-02  -.38672877532697D-03  -.16743294602246D-02
  cycle =      7 MP2 energy =     -788.7956159999 |dE/dxyz| =  0.155894
   -1.76350047722992     -6.37123355668856      1.42132794605783      h
   -6.71807909220613     -3.32107054225644     -2.34144580178872      n
   -4.63303461677864     -3.65086305335318     -0.75423284374671      c
   -4.04515269057227     -6.13180522438816     -0.31620354403704      n
   -5.26928396112180     -8.12357558730472     -1.25710975827847      c
   -7.39641332187351     -7.66726142855227     -2.87623534968036      c
   -8.04636625845739     -5.24751954526894     -3.36161465549539      c
   -3.61570378563777     -1.78308412894808      0.02822049149476      o
   -4.57351786465539    -10.44972070211431     -0.73623064594064      n
   -5.53346255422508    -11.91896535730243     -1.47391476140355      h
   -3.06271260608874    -10.76906642674658      0.41356636880010      h
   -8.44668439879918     -9.22250158995374     -3.68282444695342      h
   -9.62425171706295     -4.73707949045295     -4.56161419067208      h
   -7.18966056793268     -1.49776512547554     -2.69350806943359      h
    2.85781418302275     -9.38766463301843      4.93143983356604      n
    0.80709525135802     -8.85646947251511      3.37098106828251      c
    0.43013536684458     -6.30344195682680      3.09280617333704      n
    1.78329436923758     -4.45095199159059      4.12976203014763      c
    3.86430975884366     -5.13750313482066      5.71238945449955      c
    4.32519724836907     -7.62392994742063      6.05499667858975      c
   -0.39913919723022    -10.55980062500800      2.44617850979548      o
    1.28326685245555     -2.05956240484228      3.75712142859178      n
    2.26855705827229     -0.62136748791921      4.51276817586363      h
   -0.18367647465836     -1.83148826000647      2.64145190135399      h
    5.02247828808081     -3.70796299181573      6.59928809637153      h
    5.85762831511349     -8.32035473012357      7.21988942774152      h
    3.20419214637008    -11.25753822113396      5.18868925037417      h
  0.33904145434026D-02  -.19681259846207D-01  0.25138525320822D-02
  0.20802362187107D-02  0.17104202682701D-02  0.15991787997880D-02
  0.36628210588208D-01  0.17788140478747D-01  0.27982129307979D-01
  -.55670418697110D-01  0.64492344565066D-02  -.42390484110760D-01
  0.21985017233566D-01  -.15096503871139D-01  0.16690917187207D-01
  -.26944719411715D-02  0.88123939792961D-02  -.20178853849995D-02
  0.57711976617725D-03  -.27334999127091D-02  0.40961617818880D-03
  -.32430777078846D-01  -.16917904318941D-01  -.24777997032984D-01
  -.57442765353804D-02  0.57332341448380D-02  -.43441932510862D-02
  0.97986692907215D-03  -.66849828291016D-03  0.74312693534084D-03
  -.24251973729594D-02  0.14811390770753D-03  -.18571853153633D-02
  0.21558713354963D-03  -.36367710766605D-03  0.16428696327031D-03
  0.63616989140591D-04  0.36247921052457D-03  0.57796005557442D-04
  -.12301692182204D-03  0.39651317261047D-03  -.93173301624061D-04
  0.20679506472732D-02  0.12412085290277D-01  0.16280728092033D-02
  -.41206425944967D-01  -.20337403739612D-01  -.31473028506863D-01
  0.60202738733998D-01  0.10099671281681D-01  0.45903938757874D-01
  -.31901120940214D-01  0.21864960397645D-01  -.24219304637676D-01
  0.13831217387468D-02  -.32393870228189D-02  0.10487560157042D-02
  -.12256382194931D-02  0.12688194909449D-02  -.93468964473420D-03
  0.15005705466075D-01  0.67480131974378D-02  0.11458896792422D-01
  0.34255714328104D-02  0.71208812394730D-02  0.26359854605952D-02
  -.92364068556172D-03  0.87706139286681D-03  -.70305812436899D-03
  0.27505677237556D-01  -.22548451067423D-01  0.20866449643588D-01
  -.25544015302970D-03  0.56468837578016D-03  -.19471981406660D-03
  0.15620669813909D-03  0.24683858515528D-03  0.12133125142988D-03
  -.10666166345810D-02  -.10169640044797D-02  -.81861533802230D-03
  cycle =      8 MP2 energy =     -788.8104635133 |dE/dxyz| =  0.140037
   -1.76680422085515     -6.16663115299296      1.41959169983031      h
   -6.68956346170394     -3.33853984301227     -2.31976953162049      n
   -4.57797303276782     -3.56640624926288     -0.71190043672885      c
   -3.94517233756113     -6.03365733103382     -0.23966585401135      n
   -5.14082432088519     -8.06651615653026     -1.15908870408120      c
   -7.27712420328759     -7.69023521450669     -2.78554896704343      c
   -7.97857293409067     -5.29953523715504     -3.31022327360064      c
   -3.58461435201977     -1.67849114725357      0.05243485119444      o
   -4.41814660579891    -10.36747007816241     -0.61751284245113      n
   -5.36967371940025    -11.84556815131800     -1.34878433390539      h
   -2.89579171823034    -10.65201345329669      0.54138958522757      h
   -8.28730421460149     -9.28752004599054     -3.56178700189712      h
   -9.56681937300779     -4.84260615761301     -4.51835823438899      h
   -7.20133845662733     -1.53309411943759     -2.70240186189371      h
    2.75762175347331     -9.43216214515875      4.85492072863896      n
    0.71350181322910     -8.85934808939552      3.29969376353805      c
    0.29941436399766     -6.31847716478310      2.99317143075272      n
    1.68477950274824     -4.48548406118777      4.05456169944908      c
    3.76604396604007     -5.21212067028208      5.63717501110891      c
    4.23175431020308     -7.69222243501560      5.98347715300230      c
   -0.47180523271672    -10.59142762082933      2.39074044443413      o
    1.19154129086841     -2.09702283844310      3.68713234412113      n
    2.21922262774317     -0.71065239736309      4.47482548786538      h
   -0.26192288510229     -1.75294216746601      2.58216930052886      h
    4.92610632706227     -3.78462175308641      6.52548890739855      h
    5.76179804278429     -8.39669202042452      7.14647116521360      h
    3.08499632394462    -11.30808991484631      5.09774023675565      h
  0.34440656508466D-02  -.70434309175562D-02  0.26019154302522D-02
  -.62806235960498D-02  -.90635194677580D-02  -.48162026579996D-02
  0.42756590615098D-01  0.28683927709000D-01  0.32698315986778D-01
  -.47451576001388D-01  0.22918843245250D-02  -.36143683595616D-01
  0.23603913796275D-01  -.17887260497837D-01  0.17906463960891D-01
  -.32070849889623D-02  0.88850188342979D-02  -.24061578465844D-02
  0.13718003093093D-02  -.19014983959709D-02  0.10198019922694D-02
  -.28336157146327D-01  -.18078025422341D-01  -.21664370004298D-01
  -.41445802069111D-02  0.81583496235851D-02  -.31106686029536D-02
  0.94318606828647D-03  -.47949266899661D-03  0.71670141739588D-03
  -.12878009438371D-02  0.10824320142788D-02  -.98668092717880D-03
  0.11782770687674D-03  -.59538006066706D-03  0.89549160213309D-04
  -.83164905698041D-04  -.19205452547766D-03  -.57447936836930D-04
  0.51713575921930D-03  0.57156527901725D-05  0.39422574765080D-03
  0.40656447147152D-02  0.93031753128514D-02  0.31362875886147D-02
  -.36511557749646D-01  -.13742130031179D-01  -.27869220792081D-01
  0.42147843910280D-01  0.44158879748086D-02  0.32127655550905D-01
  -.26943438465892D-01  0.28594126265583D-01  -.20422395635739D-01
  0.30414760210942D-02  -.12090538775752D-01  0.22815523702082D-02
  -.16191045946847D-02  0.20108267590135D-03  -.12383618988059D-02
  0.11298845467115D-01  0.73783170032904D-02  0.86306127003288D-02
  -.24695611148751D-02  0.30132102334157D-02  -.18672575221291D-02
  -.15765110498247D-02  -.16824731590015D-02  -.12082131541473D-02
  0.26886980220834D-01  -.18078659737796D-01  0.20409815718468D-01
  -.39279538414849D-03  0.50195139081843D-03  -.29891144813687D-03
  0.10782108152974D-04  -.37045944877434D-03  0.79862070032632D-05
  0.97863849670698D-04  -.13101559557533D-02  0.68688235204339D-04
  cycle =      9 MP2 energy =     -788.8225885055 |dE/dxyz| =  0.074216
   -1.76032010027709     -6.13976253088760      1.42469641900329      h
   -6.65779506074936     -3.32435103989806     -2.29543310484720      n
   -4.54599012482431     -3.55456683975716     -0.68735911142610      c
   -3.85367851781254     -6.00731633711513     -0.16978645818710      n
   -5.10216698421265     -8.00769260131795     -1.12945912275984      c
   -7.23545037081417     -7.65979926668890     -2.75379774176050      c
   -7.95463086377187     -5.27499666703941     -3.29189401559232      c
   -3.52801130659725     -1.65086952430775      0.09584561481298      o
   -4.40414175854793    -10.33602109376300     -0.60687186477664      n
   -5.38528198158813    -11.78348696176205     -1.36066301396870      h
   -2.88538734825069    -10.65676803097793      0.54934458992545      h
   -8.22766244173981     -9.27406564622846     -3.51660273308537      h
   -9.54358717364484     -4.82172238176251     -4.50067674041084      h
   -7.15811467981977     -1.51413674010491     -2.66927627620406      h
    2.77649467281894     -9.44455124250788      4.86933976119753      n
    0.72371205590592     -8.92679773199933      3.30743809248966      c
    0.20260022270569     -6.39445328204146      2.91921329726126      n
    1.60815008880736     -4.56218054498942      3.99587845137465      c
    3.69920494065738     -5.21423078126656      5.58611665219841      c
    4.22918924872868     -7.67380078384401      5.98152780963116      c
   -0.40667083570787    -10.72888521444936      2.44029788623320      o
    1.10958310695474     -2.15282895685320      3.62444391615334      n
    2.16021154507736     -0.78657519809295      4.42940671778113      h
   -0.36473172385058     -1.74059811313749      2.50390816307897      h
    4.81816972539823     -3.73622148481359      6.44319877137931      h
    5.77277177918776     -8.32967747830914      7.15496204431035      h
    3.11686313940463    -11.31319114193211      5.12214476362531      h
  0.17548311743516D-02  -.50708637404253D-03  0.13366236173839D-02
  -.10266737015252D-01  -.11256862900946D-01  -.78662277139649D-02
  0.25109339844548D-01  0.12925875560567D-01  0.19193506188928D-01
  -.19642287413073D-01  -.49067748686547D-03  -.14965432319970D-01
  0.12835474905024D-01  -.69129861139827D-02  0.97454348850290D-02
  -.14206829489165D-02  0.32251864489403D-02  -.10672853252256D-02
  0.27046518553675D-04  0.13993663897134D-02  0.15277745113451D-04
  -.14206092796321D-01  -.15740207677766D-02  -.10834343461271D-01
  -.37686911366550D-02  0.10894825143151D-02  -.28533538077471D-02
  -.78151660054537D-04  0.22706680571716D-03  -.59235834673821D-04
  -.17139444015966D-02  0.22508986517695D-02  -.13070372614590D-02
  0.11361946553512D-03  -.62935876183001D-03  0.84104823386610D-04
  -.28096027171554D-03  -.51229088378135D-03  -.21134460678152D-03
  0.48012735462821D-03  -.29161961020030D-03  0.36444634440347D-03
  0.36044489206777D-02  0.39872991768108D-02  0.27656578953339D-02
  -.24189357957328D-01  -.96814785203413D-02  -.18466985541852D-01
  0.15255017846544D-01  0.63808725017651D-02  0.11646775869300D-01
  -.15543129682455D-01  0.11635008002635D-01  -.11798216765355D-01
  0.15501926020649D-02  -.88022177614544D-02  0.11563293482455D-02
  0.57270295955369D-03  -.60054789261699D-03  0.42913981973669D-03
  0.11462001913779D-01  0.16712095176707D-02  0.87372499532909D-02
  0.68110110950026D-02  0.70252261411543D-02  0.52082902250039D-02
  -.33533184282231D-03  -.22759775310721D-03  -.25765277708301D-03
  0.12246000495646D-01  -.10926392136456D-01  0.92910965373232D-02
  -.40414858215065D-03  0.52802121792439D-03  -.30761330946039D-03
  0.18751127458749D-03  -.88183436694589D-04  0.14386836740776D-03
  -.15981086723516D-03  0.15580730096154D-03  -.12307305027903D-03
  cycle =     10 MP2 energy =     -788.8288565652 |dE/dxyz| =  0.039012
   -1.74782692473641     -6.17908907882292      1.43410919958293      h
   -6.59277404585809     -3.27080686030679     -2.24576850661251      n
   -4.50500671763694     -3.58672123802250     -0.65625999880906      c
   -3.81622375911509     -6.04134699675209     -0.14137729102187      n
   -5.10087116233446     -8.00455305580556     -1.12846163211760      c
   -7.22872569056818     -7.61204630049473     -2.74858961955823      c
   -7.91367650076639     -5.20224826596602     -3.26055596236831      c
   -3.46768434615339     -1.68900101381601      0.14174174643548      o
   -4.39923624754652    -10.34528244947087     -0.60304923804013      n
   -5.38722041138978    -11.78546523819214     -1.36198369092503      h
   -2.87391780220522    -10.68103416680855      0.55841522663500      h
   -8.24268174854729     -9.20342810787199     -3.52786225753131      h
   -9.49531998817210     -4.71278020800475     -4.46382663862357      h
   -7.05871711447772     -1.44485568049813     -2.59334326253900      h
    2.82355020368897     -9.46458593984867      4.90503350723524      n
    0.77124290864501     -8.98299163483732      3.34344958925344      c
    0.18111549105246     -6.49301146198778      2.90252636459225      n
    1.55844855171412     -4.62054120628332      3.95784951278476      c
    3.65920809177145     -5.18508889700122      5.55569745856184      c
    4.23823495242112     -7.63504011583831      5.98843659415163      c
   -0.37775626238523    -10.79098660376844      2.46208525224038      o
    0.95694158820037     -2.23833084936078      3.50799804223999      n
    2.00569987747313     -0.86784855225277      4.31153015235894      h
   -0.51479804536113     -1.74308606898413      2.38969555296318      h
    4.74372020370969     -3.66683850918692      6.38672268364473      h
    5.79477363986629     -8.23790422572639      7.17179881392927      h
    3.19283051214917    -11.32463488993824      5.17993116897489      h
  0.24470055332260D-03  0.51772327093840D-02  0.20620244960556D-03
  -.55819932512238D-02  -.13513229463564D-02  -.42561387723739D-02
  0.17119449687849D-01  0.41302094907057D-02  0.13069367284521D-01
  -.95416106075410D-02  -.74456082114137D-02  -.72977034802744D-02
  0.54995723697617D-02  0.18982013504267D-02  0.41867018035031D-02
  -.16470529405996D-02  -.86560321195339D-03  -.12569856935798D-02
  0.80548438395667D-04  0.30117846671676D-02  0.67650933697649D-04
  -.14666766241541D-01  -.10869838154193D-03  -.11179469998909D-01
  -.11441499511641D-02  -.35812647736115D-02  -.87573103613603D-03
  -.24001928750694D-03  0.80656050075767D-03  -.18045559528179D-03
  0.62522865774639D-03  0.61465876440314D-03  0.47442903690964D-03
  0.41825841563892D-03  -.51612671912249D-03  0.31816821587149D-03
  0.12556539125796D-04  -.28502045562151D-04  0.10497321992986D-04
  0.14050825101641D-03  0.52939221558290D-03  0.10993623348510D-03
  0.33291179732347D-02  -.60730589733193D-03  0.25387732444138D-02
  -.66480896276153D-02  0.45736572292718D-02  -.50515510965603D-02
  0.37766007527757D-02  -.12471143535324D-02  0.28761901334518D-02
  0.30384631920288D-03  0.25254150211962D-02  0.23605650651781D-03
  0.75482984739317D-03  -.45559830860018D-02  0.56238175472156D-03
  0.14902012395837D-02  -.12102214261542D-02  0.11270062291819D-02
  0.15288989219666D-02  -.28704614737656D-02  0.11532017988980D-02
  -.37570890068812D-02  0.12118537510126D-02  -.28595984280950D-02
  -.32335485863744D-03  -.14868341669860D-02  -.25122929731269D-03
  0.92245274060909D-02  0.56897267482370D-03  0.70305567923734D-02
  -.53996418858748D-03  0.88721149954463D-03  -.40797993634856D-03
  -.44664232111913D-04  -.20091718649695D-04  -.34594344253236D-04
  -.41409170962714D-03  -.40011418247943D-04  -.31568246437530D-03
  cycle =     11 MP2 energy =     -788.8320195824 |dE/dxyz| =  0.019424
   -1.74809113047368     -6.27475821825936      1.43352349639081      h
   -6.52478047944550     -3.24682394283584     -2.19392628183472      n
   -4.45793102808920     -3.60979988869369     -0.62059018312789      c
   -3.78505660043893     -6.06801684382853     -0.11779819002689      n
   -5.10129747778812     -7.99980859954933     -1.12875475315265      c
   -7.21961921493676     -7.57479450206728     -2.74142222165042      c
   -7.87495539834693     -5.15284531219257     -3.23077338405759      c
   -3.34339109934751     -1.76716301007111      0.23608467733767      o
   -4.41426056802186    -10.35165600431511     -0.61466432673791      n
   -5.40989164936947    -11.78442179115062     -1.37937568526099      h
   -2.89583788943252    -10.70900431200577      0.54146044720383      h
   -8.25274550848992     -9.14594101671196     -3.53524723483836      h
   -9.44987120942875     -4.62995187307449     -4.42872641401964      h
   -6.96340740506555     -1.41128463823720     -2.52076677166783      h
    2.83922315224030     -9.45127667475628      4.91704552106508      n
    0.78534695797830     -9.03361613219182      3.35408403102618      c
    0.16152311363320     -6.54885914316502      2.88740793049574      n
    1.50964884047833     -4.64822161154031      3.92059588404511      c
    3.61462049314887     -5.14148236808508      5.52189424581447      c
    4.22569034257549     -7.58076636411419      5.97911424791883      c
   -0.35253907833288    -10.85046954666732      2.48126928445829      o
    0.87413160398270     -2.27845182653027      3.44478629147265      n
    1.89603041625781     -0.87102194810857      4.22796984748722      h
   -0.61424636032639     -1.83275925389049      2.31361252274032      h
    4.67564122845474     -3.59840283225593      6.33507377655552      h
    5.79100636054948     -8.14670162903425      7.16935708520247      h
    3.23838884147257    -11.30124833251496      5.21470892459801      h
  -.14017477149058D-02  0.16997527542780D-02  -.10621988647497D-02
  -.37412496890301D-02  -.35508991351128D-02  -.28605516805209D-02
  0.35946727293656D-02  0.21037768742870D-02  0.27436965686332D-02
  0.37678603873026D-03  -.31315523217279D-02  0.27627189895085D-03
  -.37689914734429D-03  0.51351076216417D-02  -.26718287969274D-03
  0.25650847410397D-03  -.20319438385039D-02  0.18708850113036D-03
  -.19643494362498D-03  0.28332206895101D-02  -.13976896282930D-03
  -.39744629304801D-02  0.39279020056782D-03  -.30267752427209D-02
  0.10519005429279D-02  -.39797639466723D-02  0.79306727878708D-03
  -.37169408551385D-03  0.65218778195941D-03  -.28250092400794D-03
  -.82009237551883D-03  0.62546187126111D-03  -.62788559901783D-03
  0.48400606451082D-03  -.35990105754724D-03  0.36627934525857D-03
  -.13427053610204D-03  -.22132437638467D-03  -.10160092883993D-03
  0.68648754190370D-03  -.19124606335907D-04  0.52143679744132D-03
  0.16379122341403D-02  0.10593462927302D-02  0.12560272198154D-02
  -.41519456360803D-02  -.20613216129694D-02  -.31742632790346D-02
  0.12186875112992D-02  0.30431530194730D-02  0.94103178196647D-03
  0.15721233347072D-02  -.47774905968858D-02  0.11807125300809D-02
  -.13046484850019D-02  0.16404862731427D-02  -.98615438340310D-03
  0.85647362400287D-03  -.13689536345569D-02  0.64462721151592D-03
  0.18285476370981D-02  -.11114964284467D-02  0.13911813887439D-02
  -.35628301838518D-02  0.86787780088216D-03  -.27128897086641D-02
  0.41556158413947D-04  0.75800931008185D-03  0.34437600928694D-04
  0.80089181904528D-02  0.83112369402816D-03  0.61063918973625D-02
  -.52442894489424D-03  0.69560497613530D-03  -.39821395164497D-03
  0.50412875671313D-04  0.30337633684230D-03  0.40703289983846D-04
  -.11042883657235D-02  -.27504076719254D-04  -.84296696488373D-03
  cycle =     12 MP2 energy =     -788.8332515695 |dE/dxyz| =  0.022047
   -1.69676911256899     -6.35579000878900      1.47249918188451      h
   -6.44270705004122     -3.21901166901910     -2.13146492419226      n
   -4.39177694257747     -3.64930910893068     -0.57006882827469      c
   -3.76956071065309     -6.12180887275157     -0.10590877788182      n
   -5.10317057207936     -8.03088937931406     -1.13011621440088      c
   -7.21432668356789     -7.53775420259019     -2.73754210396666      c
   -7.82222817290201     -5.09687504017894     -3.19095151710453      c
   -3.24272776123456     -1.84267657718571      0.31272024272749      o
   -4.43753726056853    -10.38782447562405     -0.63183060256160      n
   -5.44067956736291    -11.81286867047342     -1.40219071288655      h
   -2.92071287322290    -10.76554370032196      0.52357338507463      h
   -8.28226620890205     -9.07210497165426     -3.55779015118358      h
   -9.38714668769985     -4.53032377215565     -4.38171696319916      h
   -6.85378672928926     -1.37284069862362     -2.43718762995314      h
    2.85186771421094     -9.43970981766478      4.92633138205696      n
    0.79726125857698     -9.05578601787199      3.36281139615613      c
    0.15741382421143     -6.58361609246265      2.88418340223880      n
    1.46483487960911     -4.64129618191360      3.88659550209826      c
    3.57848104994634     -5.10637278492726      5.49448656326306      c
    4.21081350136017     -7.53692798100563      5.96764007018146      c
   -0.33853439327356    -10.87487273826220      2.49134106424232      o
    0.77013787721359     -2.30202216417828      3.36573499691560      n
    1.75843379374405     -0.85835568246662      4.12350097934942      h
   -0.73678112015807     -1.90524397736819      2.22026594147436      h
    4.63074012219482     -3.55433733359006      6.30125212199721      h
    5.78242092405634     -8.07565702022502      7.16249246894058      h
    3.28163615441578    -11.27972867629885      5.24728249444140      h
  -.47421708822835D-02  0.37042293086398D-03  -.36132741839279D-02
  -.14337028760956D-02  -.17185328850262D-02  -.11009678303493D-02
  0.64092364689934D-02  0.76056155564320D-02  0.49426010153200D-02
  0.38029563506470D-03  -.29380880920464D-02  0.27430388150762D-03
  0.15874741513722D-02  -.13402047696789D-02  0.11861364448285D-02
  -.28079085954325D-03  0.26788268427413D-03  -.21015714503214D-03
  0.13461736065246D-03  0.11905541644541D-02  0.10469635570587D-03
  -.26309845703789D-02  -.47576115504633D-02  -.20399787696510D-02
  -.18306847430480D-03  -.60769528212568D-03  -.13995786426860D-03
  -.26531144239339D-03  0.39480220527022D-03  -.20092723851883D-03
  0.18605494658264D-03  -.26145399780386D-03  0.14822247004043D-03
  0.53283896281542D-03  -.38177026991892D-03  0.40875289118070D-03
  -.25569128697001D-04  -.36306811685538D-04  -.24479530246424D-04
  0.68548844089911D-03  0.29961068138462D-03  0.52697978577743D-03
  0.13607169441050D-02  0.16936365654345D-02  0.10461602691967D-02
  -.29907953510659D-02  -.70725404322205D-04  -.22795630258012D-02
  0.31683185276812D-02  0.35797185763520D-02  0.24291613663987D-02
  0.99334571980414D-04  -.53521695739376D-02  0.56796264765957D-04
  0.82463170087976D-04  0.34448451994873D-03  0.62418949718257D-04
  -.12644405452278D-03  -.13803212115713D-02  -.10268348380205D-03
  0.12428909691309D-02  -.68136658453000D-03  0.93955999833639D-03
  -.80317326871941D-02  0.67345190241674D-03  -.61171012138621D-02
  -.99817947545189D-03  0.56126262151235D-03  -.75756701083929D-03
  0.68410109907342D-02  0.26047483966325D-02  0.52222927685328D-02
  -.32974187846602D-03  0.30379707627670D-03  -.24679527194404D-03
  0.10005444039507D-04  0.50911050898605D-04  0.45421537153700D-05
  -.68225473128880D-03  -.41465244255789D-03  -.51917191127338D-03
  cycle =     13 MP2 energy =     -788.8340943877 |dE/dxyz| =  0.043500
   -1.57110459237321     -6.43467643813934      1.56757169946689      h
   -6.46071469169838     -3.17963759920931     -2.14523467679761      n
   -4.44078526463489     -3.64717025621638     -0.60818907572660      c
   -3.78980874981899     -6.10305668753954     -0.12193115268976      n
   -5.13974207729105     -8.00576372377827     -1.15805113780060      c
   -7.24834936645497     -7.50517178270930     -2.76257688352392      c
   -7.84507448654404     -5.06316234197809     -3.20737480726158      c
   -3.23285974935504     -1.88010456301913      0.31959754440169      o
   -4.44718572764813    -10.34794500421691     -0.64007655897712      n
   -5.42854882581014    -11.79899704627138     -1.39363508203890      h
   -2.92346137422966    -10.70449125446113      0.51990880548678      h
   -8.33031610801097     -9.02433620860785     -3.59300957747219      h
   -9.40792897927656     -4.48759789953949     -4.39553288600167      h
   -6.86844966103233     -1.33219513273766     -2.44884022941091      h
    2.90650892391615     -9.45868772592402      4.96821813951080      n
    0.86417662301842     -9.08959708906320      3.41380677588376      c
    0.16731242915539     -6.64537180042103      2.89130966927525      n
    1.46263372795376     -4.67625023026354      3.88471679103848      c
    3.58321818172554     -5.09849738490090      5.49835591539305      c
    4.23500240083335     -7.51969228630489      5.98666071677345      c
   -0.29848353027825    -10.89210761848104      2.52208500106975      o
    0.73141040754931     -2.35827304236793      3.33588132678740      n
    1.69507394724367     -0.88578084179281      4.07503933169054      h
   -0.81764480045164     -2.01082432323312      2.15792136674915      h
    4.62962295023044     -3.54147247563617      6.30060476098750      h
    5.81219731009633     -8.03084905162334      7.18633693094837      h
    3.36663033662370    -11.28783780741155      5.31238005967533      h
  -.66776173313094D-02  -.27043190232878D-02  -.50977574356836D-02
  0.52810019753560D-02  0.79980060112561D-04  0.40365124405897D-02
  -.14319878950204D-01  0.71319888314976D-02  -.10926223510876D-01
  0.12225907088510D-01  0.40503268757803D-02  0.93343913226889D-02
  -.56784876452420D-02  -.80168796158939D-02  -.43336063274539D-02
  0.50925302230365D-03  0.14276833251730D-02  0.38841868570039D-03
  0.12788185747556D-02  -.17839500386438D-02  0.96904298975176D-03
  0.40981244154414D-02  -.80437660152981D-02  0.31069904240919D-02
  -.10153658116781D-03  0.54295826516402D-02  -.59231173766477D-04
  -.64091690573065D-03  -.39460536216396D-04  -.49146803582678D-03
  0.25196824035447D-02  -.85252630388766D-03  0.19120307211966D-02
  0.36849943576733D-03  -.67461566625404D-04  0.27704081611102D-03
  0.10649974667931D-03  0.81754801772860D-04  0.87585588463668D-04
  0.50112953709069D-03  0.48265599700770D-03  0.37613201694331D-03
  -.27447516451851D-03  -.17255789120822D-02  -.21533950749042D-03
  0.13640773965693D-01  0.12240149241216D-01  0.10433067982620D-01
  -.91032813442125D-02  -.12893963779295D-02  -.69390987741857D-02
  0.43220574309411D-02  -.13256133835235D-01  0.32460711793041D-02
  0.12734199252629D-02  0.49418336252689D-02  0.98669099349724D-03
  -.31583880645698D-02  -.12154275769434D-02  -.24089188526446D-02
  -.47030906710255D-02  -.10694496119541D-02  -.35820920802747D-02
  -.66014413227788D-03  0.99346201711192D-03  -.50264492607777D-03
  -.69926453162905D-03  0.96209227581401D-03  -.52876643297717D-03
  -.82349714849173D-03  0.37106209891666D-02  -.60626005239373D-03
  0.44759186035126D-03  -.64574457704047D-03  0.33624670798416D-03
  -.13872322546771D-03  -.18165865507469D-03  -.10381771119050D-03
  0.40654246035432D-03  -.64037792606797D-03  0.30500306633874D-03
  cycle =     14 MP2 energy =     -788.8351942160 |dE/dxyz| =  0.054598
   -1.40834313763806     -6.47150174535511      1.69164728716073      h
   -6.43855283227447     -3.17407585157301     -2.12831150225039      n
   -4.41733880160977     -3.67629383800184     -0.59004376024727      c
   -3.79672192752123     -6.13893921792591     -0.12696921577026      n
   -5.16079124354352     -8.02154013955283     -1.17399746579119      c
   -7.26733551050764     -7.48667749275914     -2.77729817680840      c
   -7.84019262574881     -5.03724230792628     -3.20401340077183      c
   -3.20993761306599     -1.90803098073982      0.33717925064915      o
   -4.49293180915903    -10.37393692791149     -0.67449588154128      n
   -5.48316471375798    -11.81480661811590     -1.43480795670303      h
   -2.97455632205206    -10.74903522282016      0.48170235096293      h
   -8.36885876083431     -8.98433109745377     -3.62281789934870      h
   -9.39740452211375     -4.43849194949295     -4.38835437296841      h
   -6.83510430375992     -1.32312881178022     -2.42312246505149      h
    2.92126585710717     -9.44800718114393      4.97922614278577      n
    0.87451079161608     -9.10536235503865      3.42150676945680      c
    0.18173824453855     -6.65551483860790      2.90232128112457      n
    1.45361169204406     -4.65757041594683      3.87796517811198      c
    3.57624314688805     -5.07763142406396      5.49305759267101      c
    4.23766842693590     -7.49299331467729      5.98856786321828      c
   -0.27791786270505    -10.91523603468402      2.53753536232554      o
    0.70016688090101     -2.35956665613421      3.31217842161645      n
    1.64770396808076     -0.87099931753365      4.03907782632722      h
   -0.86129743944133     -2.05139161240069      2.12464195917495      h
    4.62113039563440     -3.51869798240234      6.29417678496027      h
    5.81791854566397     -7.99030936608346      7.19053757389159      h
    3.40182072976076    -11.26823491572198      5.33885322025235      h
  0.98106738632726D-02  -.49878750461796D-02  0.74531193555192D-02
  0.41570448940442D-02  0.67338768243275D-03  0.31722585243772D-02
  -.62084011883874D-02  0.11625784478492D-01  -.46875752069440D-02
  0.12477098074807D-01  0.24739930275957D-02  0.95148129351665D-02
  -.24533336973613D-02  -.14604335016735D-01  -.19198038894324D-02
  -.18361062827665D-03  0.40301799973932D-02  -.12447680358285D-03
  0.90276606070816D-03  -.32415994442871D-02  0.67501391812996D-03
  0.16201679722965D-02  -.93767350981651D-02  0.11951984064202D-02
  -.25022147899562D-02  0.81451445166358D-02  -.18787013942705D-02
  -.57856689952729D-03  -.19092973742296D-03  -.44260453616563D-03
  0.36042037622952D-02  -.12633353422395D-02  0.27433594685000D-02
  0.20853073335392D-03  -.64748646505741D-04  0.15770769284851D-03
  0.69684899488109D-04  0.10539518556030D-03  0.53659354873226D-04
  0.22965073712200D-03  0.38963475227760D-03  0.17580807971207D-03
  -.48778854639941D-03  -.28031188321656D-02  -.38177277320806D-03
  0.11194874096798D-01  0.15875790108616D-01  0.85807778517890D-02
  -.27281942274607D-01  0.21756484524386D-02  -.20774703853147D-01
  0.14815404309863D-02  -.11700787760858D-01  0.10918180743102D-02
  0.18364986727271D-02  0.32350132500802D-02  0.14088120512303D-02
  -.25518684449644D-02  0.35697399808576D-04  -.19430095734769D-02
  -.47348918727881D-02  -.47740387141175D-02  -.36202405141870D-02
  -.17076857010563D-02  0.23004585810611D-02  -.12959183651315D-02
  -.10452316215890D-02  0.64751104002347D-03  -.79359200929252D-03
  0.65644919996544D-03  0.25138263619149D-02  0.51433269781187D-03
  0.72550550956674D-03  -.81481884911128D-03  0.54703793042243D-03
  -.67225902688151D-04  -.22070010999209D-03  -.48665924191837D-04
  0.82807289248255D-03  -.18444213470836D-03  0.62734868283965D-03
  cycle =     15 MP2 energy =     -788.8356615254 |dE/dxyz| =  0.051988
   -1.34678797727635     -6.38367170975342      1.73920158959497      h
   -6.47830440697813     -3.22087970917555     -2.15892340539995      n
   -4.41104129483647     -3.71922256144567     -0.58469530449503      c
   -3.84829642928539     -6.18967225272104     -0.16568955431413      n
   -5.20519024658561     -8.04839135182602     -1.20751229476704      c
   -7.31862375352961     -7.51347212377374     -2.81718309998902      c
   -7.88997106928106     -5.06201273046121     -3.24316868790320      c
   -3.26707112073438     -1.88962652372001      0.29399165249476      o
   -4.58071442034416    -10.43147704689667     -0.73987095921300      n
   -5.58376509227608    -11.85376754243317     -1.50984199572067      h
   -3.08367052032814    -10.82600737498570      0.40070182357072      h
   -8.42529044427774     -9.00749524764572     -3.66709372848638      h
   -9.44580407329132     -4.45711480179945     -4.42772796753290      h
   -6.88182456350076     -1.37373037345598     -2.45855903547944      h
    2.92512921936373     -9.43136669330968      4.98138862276767      n
    0.85972918257256     -9.08383272252439      3.40971348369097      c
    0.29949355374822     -6.56015288889175      2.99243758474879      n
    1.55359851196783     -4.54841171987505      3.95480381255874      c
    3.66106387972281     -5.07727316641965      5.55776399765859      c
    4.28152162364138     -7.50955074534797      6.02130355991014      c
   -0.28596453366772    -10.87405480358234      2.53053722263093      o
    0.77904602848542     -2.27785779788579      3.37299074114677      n
    1.70427632760495     -0.76991513691571      4.08317782274900      h
   -0.79108829692660     -2.04810667843919      2.17846357079696      h
    4.73780121391225     -3.55123274607432      6.38347658428868      h
    5.85426125815207     -8.04712412606607      7.21690061975082      h
    3.39081669738605    -11.25412704042209      5.32935611237959      h
  -.69437391122920D-02  -.41586307960175D-02  -.53059569886327D-02
  -.52171425703822D-02  0.13111950300608D-02  -.39921533191585D-02
  0.20429123090639D-01  0.24015247870549D-02  0.15666977326547D-01
  -.81843475193129D-02  -.35532247735250D-02  -.62668999082005D-02
  0.10164487087654D-01  -.46733444783129D-02  0.76873580643833D-02
  -.20348117103479D-02  0.50704422611005D-02  -.15179904223821D-02
  -.19208095731180D-02  -.24805107640855D-02  -.14794056995520D-02
  -.79888870044869D-02  0.13512901008284D-02  -.61183310616961D-02
  -.22392395926549D-02  0.31512359903729D-03  -.17009757013828D-02
  0.57059441783025D-03  -.29241257556478D-03  0.43857604422071D-03
  -.14353683660184D-02  0.27288666120695D-03  -.10828439970139D-02
  -.73938743561008D-03  -.12159266485767D-03  -.55890248502966D-03
  -.16679093056204D-03  -.10520776093159D-03  -.14123061835303D-03
  -.80858053099897D-03  -.54634131023690D-03  -.60453559453388D-03
  -.11348963349009D-02  -.69904868654547D-04  -.86047440556491D-03
  -.14766049458967D-01  -.46764222907236D-02  -.11267941079588D-01
  0.17134841877984D-01  0.10087049433797D-01  0.13089356337479D-01
  -.47306681186070D-02  0.15086662727251D-01  -.35363898775378D-02
  0.17193449943864D-03  -.98253621405808D-02  0.89547503887566D-04
  0.45489291474201D-02  0.42458540471224D-02  0.34778141158256D-02
  0.29709612134754D-02  -.56443546257405D-02  0.22372532080954D-02
  0.38994337570288D-02  -.23641548326179D-02  0.29513313812917D-02
  -.21809558352270D-03  -.11546866838250D-02  -.17014915059566D-03
  -.13376558287250D-02  -.18674436615460D-02  -.10245584544673D-02
  -.12912887981376D-03  -.58156273017751D-04  -.93608866767791D-04
  0.36142319516941D-03  -.91573618984153D-04  0.27158189424004D-03
  -.25612964982047D-03  0.15412955836709D-02  -.18744817497085D-03
  cycle =     16 MP2 energy =     -788.8379606136 |dE/dxyz| =  0.011183
   -1.33231077269537     -6.41685709986349      1.74976691878046      h
   -6.50054084076899     -3.18823910072627     -2.17601571895806      n
   -4.45581960098506     -3.68662967677172     -0.61957980622211      c
   -3.86153187613896     -6.14467682186956     -0.17622822039745      n
   -5.21957939517621     -8.00941579290325     -1.21841946534445      c
   -7.33030991982433     -7.49571640389953     -2.82526091708206      c
   -7.90543915323251     -5.04300614817587     -3.25406786737475      c
   -3.26760820224126     -1.88949112822696      0.29289959189885      o
   -4.55576149101655    -10.37842847711775     -0.72149318433994      n
   -5.53903758522441    -11.82391321452409     -1.47628127174822      h
   -3.04872247480830    -10.74446318909170      0.42607699932344      h
   -8.43124444534911     -8.99491522710843     -3.67026315069729      h
   -9.46271073162810     -4.44356294035629     -4.43858030146783      h
   -6.90460482921258     -1.34088166727436     -2.47673947491032      h
    2.96822035639650     -9.45562592087504      5.01444324095857      n
    0.91088395070546     -9.12687711651248      3.44848927394106      c
    0.28331284861223     -6.63775921511116      2.97965055579190      n
    1.53195398246859     -4.61810267522710      3.93802152875971      c
    3.64535721595980     -5.07767492179967      5.54609487730214      c
    4.29275085803212     -7.50203319496382      6.03035181158641      c
   -0.24638274103147    -10.91271288817503      2.56029665183823      o
    0.74805636300846     -2.34620525042296      3.34907934723080      n
    1.68036742557200     -0.84234200472327      4.06483917780740      h
   -0.82202497380005     -2.08082404978602      2.15446613211220      h
    4.70081798480173     -3.52896394463079      6.35579161869207      h
    5.87147848861866     -8.00759267830433      7.23083025352520      h
    3.45375881239547    -11.27263686740640      5.37777416643138      h
  -.20571250213761D-02  -.87846227729804D-03  -.15688382407597D-02
  -.11768970751609D-02  0.68401216058245D-03  -.89638539340253D-03
  0.33585641556648D-02  0.11382242073770D-02  0.25748953536668D-02
  -.54342475510971D-03  0.99593364417228D-04  -.41870191603977D-03
  0.18956885360657D-02  -.30704935353252D-02  0.14331771475682D-02
  -.65716287046591D-03  0.18839590868742D-02  -.49166650009003D-03
  -.64068821122376D-03  -.16284512399118D-02  -.49967537649476D-03
  -.81511672025147D-03  -.72791028509300D-03  -.62671287174609D-03
  -.81458831138598D-03  0.15961505321904D-02  -.61809400024304D-03
  0.10870310123501D-03  -.16639878343483D-03  0.83069128642421D-04
  0.45182423968182D-03  -.10851908924625D-03  0.34907088589797D-03
  -.33801030430514D-03  0.77034883689819D-05  -.25926813325050D-03
  -.33017589044171D-04  -.58848705191572D-04  -.22961652255127D-04
  -.36169254272878D-03  -.22583933670717D-03  -.27595012702442D-03
  -.85525911637596D-03  -.18083578194705D-02  -.65660015767222D-03
  -.14646399403961D-03  0.29996888536248D-02  -.98972938513242D-04
  0.11598526893253D-02  0.13203541867315D-02  0.89026268618242D-03
  -.23764734320242D-03  0.38473402828327D-02  -.16759217189755D-03
  -.41694755642752D-04  -.18969766821746D-02  -.40963900705293D-04
  0.10052618855045D-02  0.16375442627568D-02  0.77143499822085D-03
  -.92223950487380D-03  -.31536263823746D-02  -.71971646792424D-03
  0.22804647347319D-02  -.19285296954319D-02  0.17231122418991D-02
  0.92007562475960D-04  -.38786651115075D-03  0.70276437619032D-04
  -.12166133236233D-02  0.64499110060012D-03  -.92236291575665D-03
  0.18783761585173D-03  -.15284949372685D-03  0.14756808190297D-03
  0.21857784460622D-04  -.82530409075021D-04  0.11039844315164D-04
  0.29557899448029D-03  0.41609865845693D-03  0.23055585110354D-03
  cycle =     17 MP2 energy =     -788.8380869442 |dE/dxyz| =  0.006540
   -1.28594958364131     -6.43943855552051      1.78469748295138      h
   -6.49801902253465     -3.17853113049527     -2.17395286223772      n
   -4.46180013189767     -3.69567619899237     -0.62467897468890      c
   -3.87184277180183     -6.15164518985957     -0.18466363467764      n
   -5.23821388180375     -8.00354161830129     -1.23283201962370      c
   -7.34625551358013     -7.48228067433345     -2.83650129216749      c
   -7.91090776896422     -5.02364910883577     -3.25739339277708      c
   -3.25979864221543     -1.90804846676692      0.29830543411748      o
   -4.57670143697371    -10.37832557959986     -0.73867048024110      n
   -5.56029441549988    -11.82332630171461     -1.49356498796274      h
   -3.07223204045057    -10.74777541849702      0.40583422338541      h
   -8.45341364146129     -8.97409124830155     -3.68516148628358      h
   -9.46539242727542     -4.41283874739137     -4.43962108053364      h
   -6.89281852282615     -1.32795479078978     -2.46763335231421      h
    2.99387580053687     -9.45509599040987      5.03433603719049      n
    0.93602297465463     -9.14716089514576      3.46785777371207      c
    0.30116703361123     -6.66043358849882      2.99304573319003      n
    1.53380384652938     -4.62691396704908      3.93925352116424      c
    3.64851325968929     -5.06618652846028      5.54862453923424      c
    4.30551494704566     -7.48800819732549      6.04085813808901      c
   -0.22290160616543    -10.92657952083588      2.57887740143917      o
    0.72744321221973     -2.36531485129267      3.33304748177778      n
    1.64601416496014     -0.84705514371362      4.03826279179859      h
   -0.84690072978290     -2.12213281318332      2.13499014573565      h
    4.69682198489842     -3.50975677115118      6.35212893671985      h
    5.88624233754461     -7.98027429259002      7.24422600766082      h
    3.49135182862214    -11.26751202679201      5.40627068277894      h
  0.27533771601655D-02  -.95694376178046D-03  0.20924586181947D-02
  0.21841600377392D-03  0.66153183789375D-03  0.18419313198770D-03
  -.12700747260830D-03  -.33936871697948D-03  -.13589182431151D-03
  0.22138983378461D-03  0.56839861993430D-03  0.18356052526602D-03
  0.34669481908534D-03  -.50797475380771D-03  0.27233889256184D-03
  -.76206785930566D-04  0.41620329986891D-03  -.65822399600179D-04
  -.23377761391252D-03  -.63252888170107D-03  -.17815179401293D-03
  0.66167107144288D-03  -.90104303710703D-03  0.51329188030280D-03
  0.21874081585743D-03  0.60874329427740D-03  0.16537462345134D-03
  0.13768766482469D-03  -.17695442499477D-03  0.10382975700329D-03
  -.83113434317106D-04  -.10911160375393D-03  -.73712245264979D-04
  -.23031244203597D-03  0.10588703053394D-03  -.16191878780525D-03
  0.37358733466775D-05  0.36986365192782D-05  -.80501280761425D-05
  -.33226417843135D-03  -.17812001118500D-03  -.25209104654489D-03
  -.91355738644072D-03  -.85026125280674D-03  -.70599091661450D-03
  0.46785911939695D-03  0.10055768081887D-02  0.35755007347715D-03
  -.31152637865106D-02  0.10074642061257D-02  -.23735361145083D-02
  0.24391338417207D-03  0.11839530702922D-02  0.20390545851967D-03
  -.30841110317059D-03  -.69845499107135D-03  -.23173211327521D-03
  0.52608327955994D-03  0.73035663951604D-03  0.40215596040749D-03
  -.55455530056125D-03  -.89689973516371D-03  -.41254246682154D-03
  0.29807263750814D-03  -.35344472626164D-03  0.22407460873830D-03
  0.13455158307130D-03  -.63139130409340D-04  0.10214599840497D-03
  -.62060048315882D-03  0.33686019803270D-03  -.46840532704095D-03
  0.15125335591470D-03  -.13802646292671D-03  0.92772786565831D-04
  -.99967078339702D-05  -.63441569505551D-04  0.16429503054027D-04
  0.22162007808957D-03  0.23703948525267D-03  0.15376333884642D-03
  cycle =     18 MP2 energy =     -788.8381240402 |dE/dxyz| =  0.002829
   -1.31003172376485     -6.43638875430222      1.76695359882463      h
   -6.49885418936964     -3.17811461831951     -2.17508679350021      n
   -4.46325430535728     -3.68895438839867     -0.62472829334852      c
   -3.87035437556115     -6.14570248610223     -0.18227861953919      n
   -5.23440155706778     -8.00042872582281     -1.22936491966676      c
   -7.34072737654702     -7.48326589365904     -2.83454696486276      c
   -7.90863761624276     -5.02484709590971     -3.25750193972783      c
   -3.26568244186682     -1.89776989005044      0.29455833780826      o
   -4.57326247385039    -10.37514909695946     -0.73245680881691      n
   -5.55796954046514    -11.81889094280821     -1.48827037538584      h
   -3.06931527155512    -10.74431625881616      0.41436545822371      h
   -8.44253391513332     -8.97895835562365     -3.68238853762174      h
   -9.46384240618084     -4.41684878616496     -4.44023051988693      h
   -6.89335595629126     -1.32728604727114     -2.46870260245532      h
    2.99509312211813     -9.45580345394322      5.03415956825536      n
    0.93592367610296     -9.15045537338384      3.46692751358023      c
    0.29636947869414     -6.66641179398299      2.98954035654913      n
    1.53003218833153     -4.63602536958979      3.93688497077253      c
    3.64546072092563     -5.06739946545155      5.54650432660439      c
    4.30574939099743     -7.48883859605176      6.03889568681488      c
   -0.21971833180807    -10.93204726728176      2.57950807753219      o
    0.72848523970803     -2.36953409698562      3.33473262675576      n
    1.65085154858446     -0.85526825569603      4.04319152930466      h
   -0.84083851741918     -2.11569108129845      2.14044896273456      h
    4.68846381013339     -3.50690360699858      6.34902273423373      h
    5.88893592262615     -7.97915783442099      7.23968793607106      h
    3.49074415369652    -11.26909008055454      5.40611745818428      h
  -.14046567256205D-02  0.26214413556302D-03  -.10625718396793D-02
  0.41556360904327D-03  0.30787054714310D-03  0.27256060930103D-03
  -.41546446515950D-03  -.15827813748437D-03  -.21083674816902D-03
  -.12030445918576D-03  0.19540858719447D-03  -.12690860942755D-03
  0.16888609168042D-04  -.47742814427210D-04  -.18006980506691D-04
  0.10504474112949D-03  -.20454369869238D-03  0.10828789287309D-03
  -.49978176710042D-04  0.49473286365398D-05  -.39797151035081D-04
  0.39924185822127D-03  -.58325318829233D-03  0.27131835638805D-03
  -.59145093530000D-05  0.12956975606393D-03  0.38502880265745D-05
  0.50501372744094D-04  -.68698614703600D-04  0.42822206655746D-04
  0.10545263816653D-03  -.10568180930814D-04  0.10775148049547D-03
  -.36306603576008D-04  0.86585358424429D-04  -.69949629458499D-04
  -.76583200456781D-05  0.19810845978796D-04  0.25835715277367D-04
  -.17794057100673D-03  -.90290008666116D-04  -.14381707526701D-03
  -.34244918352311D-03  -.33940369224528D-03  -.23252625782355D-03
  0.35913785927733D-03  0.55473498198437D-03  0.26750606820292D-03
  0.10075068775186D-02  -.35691785600850D-03  0.78093498884169D-03
  0.26485665991949D-03  -.36272789541014D-03  0.15989851319986D-03
  -.26757918224263D-03  0.19613327050827D-03  -.22327920720056D-03
  0.15688380235623D-03  0.12151607204425D-03  0.12846621127860D-03
  -.17759444962717D-03  -.16466871215570D-03  -.16487836873580D-03
  -.10446311343237D-03  0.33194311678031D-04  -.90264630806303D-04
  0.97584415212459D-04  -.16185905611366D-04  0.77270841279731D-04
  -.42693899305668D-04  0.49034563248807D-03  -.33629897639109D-04
  0.54524747017837D-04  -.33135306606979D-04  0.11455039871056D-03
  0.11331587378649D-04  -.16587160780235D-04  -.71445830191585D-04
  0.10848506083594D-03  0.50740450227238D-04  0.12685879355345D-03
  cycle =     19 MP2 energy =     -788.8381398356 |dE/dxyz| =  0.001237
   -1.29738559703867     -6.43843435299325      1.77508088993429      h
   -6.50150859506364     -3.17771495512084     -2.17605844404213      n
   -4.46438299749444     -3.68973470603383     -0.62773380521109      c
   -3.87134701914785     -6.14639886250557     -0.18556282342651      n
   -5.23760142219481     -7.99905116709603     -1.23279713222488      c
   -7.34654352748556     -7.48160363726125     -2.83423507175536      c
   -7.91340646829333     -5.02292196707667     -3.25743384379765      c
   -3.26811187261988     -1.89684514129065      0.29110310860773      o
   -4.57553827698225    -10.37532206388410     -0.74117067620724      n
   -5.56139939593452    -11.81779943748677     -1.49768056071692      h
   -3.06987726390395    -10.74629725929793      0.40146824242222      h
   -8.45185725211757     -8.97710837559638     -3.67777086294792      h
   -9.46821886937383     -4.41401574602472     -4.44022227070551      h
   -6.89496455507686     -1.32642720581630     -2.46831646819399      h
    2.99896619370204     -9.45559101710401      5.03926423590432      n
    0.93984299183748     -9.15332317483652      3.47086102974472      c
    0.30151986720492     -6.66834453163531      2.99268684183586      n
    1.53328854706771     -4.63595384412463      3.93814508347806      c
    3.64854634322253     -5.06626356157669      5.54835527156609      c
    4.30704630113998     -7.48750868843648      6.04470510811935      c
   -0.21585839495720    -10.93413116855815      2.58431907277652      o
    0.72860351190826     -2.37152890192545      3.33313107994836      n
    1.64849922733791     -0.85467423868224      4.03918964618329      h
   -0.84159004636358     -2.12264538390707      2.13820974597351      h
    4.69410020756540     -3.50495386949305      6.34577142339224      h
    5.88547498578529     -7.97651971714080      7.25234417219222      h
    3.49703263071416    -11.26843464094264      5.41028977458776      h
  -.11491120566376D-03  0.13091387564390D-03  -.91973847692106D-04
  0.32749981508662D-03  0.24098541530559D-03  0.33199045043375D-03
  -.25441349550048D-03  -.39331232163442D-03  -.37833328090064D-03
  -.92185933439737D-04  0.87908285955063D-04  -.88438233145638D-05
  -.49391805677423D-04  0.20067782359412D-03  0.74934003562177D-05
  0.16544117170536D-03  -.25990466710368D-03  0.76809281560841D-04
  -.24011191507967D-04  0.98981896898387D-04  -.16181125409354D-04
  0.14814581334832D-03  -.25580904120659D-03  0.16584542615572D-03
  0.40545550237137D-04  -.54079696921505D-04  0.10836471432241D-04
  0.54239544078349D-04  -.52943006835449D-04  0.35605575173570D-04
  0.12964538539606D-04  0.17191029813457D-04  -.30992830267529D-04
  -.89213522622700D-04  0.85761551871677D-04  0.12873745641961D-04
  0.34818642435930D-04  0.17623211281403D-04  -.35554086855072D-04
  -.17887293846197D-03  -.74815567435493D-04  -.11850653606937D-03
  -.19463486119786D-03  -.11845932776477D-03  -.21278132491798D-03
  0.53884075617461D-04  0.40169000619913D-04  0.66422459362059D-04
  -.30260841100471D-04  -.77899670903159D-04  -.56626056319731D-04
  0.87483011486533D-04  -.21843423754575D-03  0.14931736175150D-03
  -.21860848978861D-03  0.87726817786127D-04  -.12169006027651D-03
  0.14569223107941D-03  0.31909441147171D-04  0.89431877715818D-04
  -.24198045785795D-04  0.68968082430843D-04  0.23245406744365D-04
  -.48190452316854D-04  0.17033775005793D-03  -.24142140193417D-04
  0.10685233434682D-03  -.44195565578775D-04  0.77165406367374D-04
  -.23433786842553D-04  0.27510470730752D-03  -.86223402626651D-05
  0.12825448647735D-03  -.28276703384122D-04  -.52956926207770D-04
  -.96105454377771D-04  -.15408794117100D-04  0.89559962266783D-04
  0.13261082957650D-03  0.39279809261217D-04  0.20607572833953D-04
  cycle =     20 MP2 energy =     -788.8381431546 |dE/dxyz| =  0.001110
   -1.29279359034666     -6.44052344509435      1.78039276727209      h
   -6.50247378635064     -3.17701995290619     -2.17833728562344      n
   -4.46669006152963     -3.68892303517660     -0.62770745680468      c
   -3.87383531266184     -6.14581328967892     -0.18492212957224      n
   -5.24004508342095     -7.99765262520940     -1.23362652495764      c
   -7.34611382727930     -7.48023625894385     -2.83883423964649      c
   -7.91355995639535     -5.02164487752456     -3.26131995470309      c
   -3.27077894717363     -1.89510382686046      0.29021483470750      o
   -4.58190704413814    -10.37462123674534     -0.73886618032859      n
   -5.56835690131402    -11.81628928104866     -1.49605781908908      h
   -3.07929427986646    -10.74667773252585      0.40695588155448      h
   -8.44753142004016     -8.97602481984159     -3.68695433153540      h
   -9.46889454792346     -4.41260081476231     -4.44335541138797      h
   -6.89456528593416     -1.32542064786838     -2.47066588750726      h
    3.00366638926625     -9.45578840085174      5.04058040487320      n
    0.94315633564552     -9.15571480047484      3.47313309633672      c
    0.30368767807879     -6.67051423642087      2.99565750518501      n
    1.53380865986882     -4.63680979498432      3.94028471921141      c
    3.64973360253717     -5.06574721972236      5.55020567506742      c
    4.31231286238571     -7.48668414563620      6.04287055005175      c
   -0.21207812433647    -10.93652019950391      2.58690352926571      o
    0.72671121225990     -2.37388581638100      3.33362621439662      n
    1.64445223604089     -0.85531033320223      4.03860671575923      h
   -0.84375995756527     -2.12763981816430      2.13813512602800      h
    4.68998843360344     -3.50359921045746      6.35274720405543      h
    5.89753677914384     -7.97442556151484      7.24215165272945      h
    3.50095319088355    -11.26835623434680      5.41412411209921      h
  0.32949484608746D-03  0.10260239296278D-03  0.25230632146966D-03
  0.28468710555085D-03  0.13954721459175D-03  0.16211303228975D-03
  -.33278239136658D-03  -.33912238968903D-03  -.15185182923538D-03
  -.36123687472411D-05  -.13420424296307D-04  -.39936015651776D-04
  -.46471741548260D-04  0.20640822096407D-03  -.44149449957231D-04
  0.11142299527922D-03  -.21392564470979D-03  0.11425769620654D-03
  -.13702132481086D-04  0.10230083717166D-03  -.13266439469639D-04
  0.10418414130875D-03  -.77266828938605D-04  0.54023471760978D-04
  -.13808558199935D-04  -.10621542256395D-03  0.58693526355791D-06
  0.35888490633074D-04  -.32188780122233D-04  0.30098354315555D-04
  -.42320704298326D-04  0.35255819793356D-04  -.10712272895397D-04
  -.98560797958669D-05  0.72890293159489D-04  -.71308724999053D-04
  -.25249066572641D-04  0.96480934912435D-05  0.36018130910698D-04
  -.12578160226706D-03  -.54107731800812D-04  -.11521701241324D-03
  -.13329714020305D-03  0.76029566429270D-05  -.37025496872900D-04
  -.15268466525331D-04  -.17629554808554D-03  -.47332241431608D-04
  -.38843432250024D-03  0.49676351844052D-04  -.26371682528148D-03
  0.76195230912290D-04  -.10817588040157D-03  -.69834005973490D-05
  -.76359363429646D-04  0.36213856711598D-04  -.10545516885863D-03
  0.66992349049499D-04  -.20764006677165D-04  0.72079518043999D-04
  0.67859547578486D-04  0.13273321476603D-03  0.32332577233340D-04
  0.17332754627120D-04  0.17254841507075D-03  -.50532728854691D-05
  0.85972605422757D-04  -.77081318317518D-04  0.71458674598901D-04
  -.87935737411726D-05  0.16687885975575D-03  -.12789623250242D-04
  -.38164261239260D-04  -.24788685222710D-04  0.11138406364797D-03
  0.62444194528943D-04  -.12730376106607D-04  -.10220456064847D-03
  0.31427488869973D-04  0.21776544354424D-04  0.90343544997040D-04
  cycle =     21 MP2 energy =     -788.8381462584 |dE/dxyz| =  0.000641
   -1.29176358615228     -6.44325738793508      1.78036383994332      h
   -6.50376567654145     -3.17608699650989     -2.17817743750529      n
   -4.46744359606177     -3.68698975054779     -0.62720267230916      c
   -3.87400204050724     -6.14435717619724     -0.18481642647763      n
   -5.24036845189389     -7.99606882376006     -1.23374562063789      c
   -7.34663380352348     -7.47883483223310     -2.83894458145517      c
   -7.91427423388751     -5.02055893549460     -3.26195285515326      c
   -3.27208383485824     -1.89278675876700      0.29025382886408      o
   -4.58290847668204    -10.37328428330837     -0.73940437221896      n
   -5.57013249611003    -11.81412767649577     -1.49713731399136      h
   -3.08055105014186    -10.74634707913645      0.40636047371765      h
   -8.44797528745717     -8.97542167032031     -3.68583664337009      h
   -9.46860773101163     -4.41178243282066     -4.44544218158863      h
   -6.89563078815394     -1.32414550641635     -2.46894843313259      h
    3.00625615696159     -9.45614824755721      5.04237063107498      n
    0.94623664580744     -9.15794768636505      3.47348950218329      c
    0.30576624159141     -6.67292980102885      2.99576789390046      n
    1.53454399909994     -4.63825860477745      3.93956921618176      c
    3.65069532165663     -5.06552423094618      5.54995791530890      c
    4.31250320703132     -7.48609140325326      6.04553685999063      c
   -0.20724471398266    -10.93945390694082      2.58656784729779      o
    0.72487777527123     -2.37669123458144      3.33182285607871      n
    1.64054461874584     -0.85618276078696      4.03513438540636      h
   -0.84592207944215     -2.13284123463029      2.13665051926514      h
    4.69237537403169     -3.50229693228949      6.34841145700127      h
    5.89419740477193     -7.97256804176187      7.25005037687296      h
    3.50464035487605    -11.26856422098577      5.41524370219010      h
  0.10184022560544D-03  0.11589380921340D-03  0.90090227000683D-04
  0.82728187861036D-04  -.26084495529766D-04  0.20368232172885D-04
  -.16679888516391D-03  -.22022307885117D-04  0.23444352473589D-04
  -.11430919801825D-04  -.12514317504886D-03  -.51097603367189D-04
  0.74446530664574D-05  0.92565840780434D-04  -.67261060989310D-04
  0.59348903421075D-04  -.86248094318897D-04  0.74042254631479D-04
  -.24860590016829D-04  0.58311212115303D-04  -.17852276886998D-04
  0.11180140624845D-03  -.46926243168599D-04  0.31000060472408D-04
  -.68736812735282D-04  -.98141720153322D-04  -.43875078511058D-04
  0.84279404646281D-05  -.33114765578546D-05  0.13776228115159D-04
  -.45933592518033D-04  0.53125582449187D-04  0.27639296522608D-05
  -.18745879638793D-04  0.38009960218410D-04  -.27751082543936D-04
  -.16362258783431D-05  -.34260790946483D-05  -.54591719313990D-05
  -.70468752970232D-04  -.23892763547195D-04  -.42277204397756D-04
  0.43774607600966D-04  0.10259454946304D-03  0.10464515809439D-04
  -.12466949899048D-03  -.29382660930066D-03  -.65362105346356D-04
  -.21228246950500D-04  0.16452329968875D-03  -.25286883712283D-04
  -.36863798593245D-04  -.58485356049909D-04  -.37406455669853D-04
  0.50418463120039D-05  -.95673833850896D-05  0.24845486575664D-04
  0.55561952958527D-05  -.51140612842282D-04  0.18443198257501D-06
  0.11343559318977D-03  0.11261496192461D-03  0.48224463288449D-04
  -.88048763929427D-04  0.15182076281661D-03  -.58364687372636D-04
  0.48139458857843D-04  -.81582244537692D-04  0.33013026515594D-04
  0.70185245367504D-04  0.60240608849238D-04  0.54238134596929D-04
  0.17861995067925D-04  -.14689291679026D-04  -.19941872133167D-04
  -.14669233413755D-04  -.84918650431476D-05  0.21293465378491D-04
  0.18504931907692D-04  0.32792170863161D-05  0.14186674338834D-04
  cycle =     22 MP2 energy =     -788.8381469421 |dE/dxyz| =  0.000783
   -1.29195117868693     -6.44608673889464      1.77925884638350      h
   -6.50341622121006     -3.17497648859473     -2.17876584844044      n
   -4.46480987162400     -3.68517000005435     -0.63044870604934      c
   -3.87148684980419     -6.14264800864517     -0.18708561298304      n
   -5.23896834531607     -7.99456957137833     -1.23425803193479      c
   -7.34903268234129     -7.47767836972399     -2.83476185655555      c
   -7.91672055332074     -5.01964831530597     -3.25856667912493      c
   -3.27032244053436     -1.89075273484602      0.28725841808094      o
   -4.57769935738501    -10.37167576453726     -0.74481040058847      n
   -5.56547321717704    -11.81218453030225     -1.50249761557162      h
   -3.07172763393176    -10.74519391628092      0.39612871741360      h
   -8.45329147845393     -8.97503515790281     -3.67654372808701      h
   -9.47293009290709     -4.41123682180330     -4.43976401101608      h
   -6.89369696194943     -1.32277072101535     -2.47021061286111      h
    3.00598702631263     -9.45671783683171      5.04540882285648      n
    0.94535427642195     -9.15982944194096      3.47705229551157      c
    0.30537169937353     -6.67535121640481      2.99669802076740      n
    1.53346331363584     -4.63988341311611      3.93945501073370      c
    3.64957531461877     -5.06553492939755      5.55042947548150      c
    4.31198357259204     -7.48574548130656      6.04702634587489      c
   -0.20946698766260    -10.94203356386101      2.59308910544339      o
    0.72317835145029     -2.37923955358169      3.32928650931389      n
    1.63734104832117     -0.85716938781281      4.03119497534650      h
   -0.84713431050082     -2.13693993533251      2.13326641880650      h
    4.69020025105253     -3.50138738759035      6.34840213490609      h
    5.89429302015298     -7.97108537791793      7.25122647102949      h
    3.50470956231131    -11.26900295146821      5.41847430270029      h
  -.78233847449205D-04  0.10380148117528D-03  -.75334361127055D-04
  -.74834802680002D-04  -.88270324967610D-04  0.54115531638921D-04
  0.15968414980083D-03  0.18415946221106D-03  -.22560536463567D-03
  -.75003939125295D-04  -.16242985104542D-03  0.37264142147109D-04
  -.80480177437003D-04  0.20728043546026D-04  0.75133871158428D-04
  0.57871148169575D-04  0.19356413787364D-05  -.21893386416671D-04
  -.25801001827475D-04  0.17718937489697D-04  -.15138127486658D-04
  0.14470278893342D-04  -.10364593264001D-03  0.13514928018221D-03
  -.51100447377050D-04  -.72927859131156D-04  -.64662988772723D-04
  -.14897361904076D-05  0.15485254047931D-04  -.14825282547815D-04
  0.16452545848367D-04  0.60533012739672D-04  -.61813404710342D-04
  -.36942814116259D-04  0.64781907855860D-05  0.28476446762848D-04
  0.66421124111926D-05  -.91142568958702D-05  -.16671464447171D-04
  0.29878954199702D-06  0.20240754050604D-05  -.12517027994319D-04
  0.81340210686953D-04  0.12207006499043D-03  0.72367939795370D-04
  -.71392337163356D-04  -.27511933910422D-03  -.89775023562222D-04
  0.19743280953666D-03  0.16827842166445D-03  0.15094241071956D-03
  -.83249099931848D-04  -.10238727803702D-03  -.24260989634151D-04
  0.78105183941801D-04  0.59887015346760D-07  0.46192087712171D-04
  -.51372510736059D-04  -.57710160869640D-04  -.40224517715792D-04
  0.57847898889740D-04  0.94455433526264D-04  0.11362157880868D-03
  -.16454739752891D-03  0.14377563711321D-03  -.13286914285038D-03
  0.12015797171472D-04  -.49984316058627D-04  0.13237152149959D-04
  0.12558268617280D-03  -.36137101999678D-05  0.99077146931137D-04
  -.10449332433105D-04  -.41620457249536D-05  -.15318337534875D-04
  0.48552518094880D-06  -.23508919440030D-05  0.12903289897004D-04
  -.33316307002096D-05  -.97876006073250D-05  -.27571403326654D-04
  cycle =     23 MP2 energy =     -788.8381485046 |dE/dxyz| =  0.000455
   -1.29382254700012     -6.44783645689136      1.77942653511739      h
   -6.50387563460596     -3.17410136263164     -2.17874649624621      n
   -4.46691867835838     -3.68345054069306     -0.62816824544690      c
   -3.87243901737089     -6.14057836050832     -0.18433728144518      n
   -5.23821464497871     -7.99329194225950     -1.23245855146824      c
   -7.34588475170306     -7.47725718162676     -2.83657703870054      c
   -7.91449295823617     -5.01954573282215     -3.26083333557910      c
   -3.27305214546291     -1.88809299874670      0.28818920025919      o
   -4.57844121490074    -10.36998097946701     -0.73948333286720      n
   -5.56563016751522    -11.81069907590969     -1.49759806241837      h
   -3.07471735338684    -10.74333095534147      0.40472878432253      h
   -8.44709498517745     -8.97543238465005     -3.68091422990367      h
   -9.46951400230062     -4.41191636662329     -4.44398275417759      h
   -6.89469447923832     -1.32189690148012     -2.46954798525900      h
    3.00707917615659     -9.45753870752291      5.04373664111079      n
    0.94602319261600     -9.16086487481707      3.47609797573896      c
    0.30434715830115     -6.67706004066268      2.99625858578308      n
    1.53238114081025     -4.64128450111701      3.93882412436016      c
    3.64919682016205     -5.06614253862597      5.54901351145108      c
    4.31253503035850     -7.48613021921377      6.04536533544653      c
   -0.20810051201241    -10.94363191967460      2.59180484280603      o
    0.72152099226881     -2.38078392332300      3.32911546951553      n
    1.63539607160021     -0.85831010423105      4.03065890636763      h
   -0.84935430208246     -2.13811350424580      2.13340592692345      h
    4.68965657144431     -3.50154180131883      6.34634725769284      h
    5.89503069175113     -7.97093489173608      7.24952765259658      h
    3.50640980229898    -11.26979934970742      5.41608933145758      h
  -.82913081506319D-04  0.63655372073979D-04  -.80956131774279D-04
  0.50860638651784D-05  -.96379043776906D-05  0.46469955785611D-05
  0.12225946368183D-04  0.17232743633611D-03  0.24654879632102D-04
  -.16911455073654D-04  -.13648559413904D-03  -.41144244660174D-05
  0.28873144213293D-05  -.44836418109817D-04  0.14017818551260D-04
  -.75653623445859D-05  0.51221567482607D-04  -.18939483748426D-04
  -.88705923175780D-05  -.23613564675173D-04  -.13963068859368D-04
  -.47762389273842D-04  -.12601435568271D-03  -.47813988024892D-04
  -.48772188740887D-04  -.34365303420714D-04  -.39754589323315D-04
  -.18571205523621D-04  0.22032306153719D-04  -.15645529668706D-04
  0.14604157742681D-04  0.55985683899085D-04  -.32506996374693D-05
  -.51896622794700D-05  -.11685882634893D-04  0.11411025731878D-04
  0.52151191800576D-05  -.53130283421687D-05  -.59324011232320D-05
  0.19532715374471D-04  0.17129493491197D-04  0.20865589799968D-04
  0.72386288807458D-04  0.53045669023533D-04  0.51488411854983D-04
  0.16603454326081D-04  -.86417367098052D-04  -.31802662365799D-05
  0.99831970941544D-04  0.43599258951033D-04  0.74924639335672D-04
  -.64513764291618D-04  -.11116316184734D-03  0.11949040162662D-04
  0.77965447518480D-04  0.31204331978785D-04  0.47731985881150D-04
  -.64224461807427D-04  -.26794060828728D-04  -.55438950347764D-04
  0.30219821784527D-04  0.41005343124567D-04  0.55011926132664D-04
  -.52926519224838D-04  0.88785810920200D-04  -.49283366403197D-04
  0.29157094050269D-05  -.16082118386329D-04  0.42441307526175D-05
  0.82887218783689D-04  -.13534537899318D-05  0.55987563436943D-04
  -.23287466861532D-05  0.46203601922201D-05  -.26382277501735D-04
  -.10816797899160D-04  0.31596085086072D-05  0.25134354075362D-04
  -.10995013810078D-04  -.14009922377767D-04  -.37413193745284D-04
  cycle =     24 MP2 energy =     -788.8381485660 |dE/dxyz| =  0.000369
   -1.29267243006668     -6.44904342089067      1.77663321295820      h
   -6.50437661845407     -3.17336959728190     -2.17863329472098      n
   -4.46614921407740     -3.68171433039457     -0.62939554615183      c
   -3.87045188288869     -6.13839339577615     -0.18544291760667      n
   -5.23650876617621     -7.99201273287465     -1.23169565861608      c
   -7.34506628200854     -7.47706169717283     -2.83508731272638      c
   -7.91497477070034     -5.01966971625454     -3.25933715916627      c
   -3.27342708190264     -1.88555389307686      0.28700379710032      o
   -4.57693734961637    -10.36831151936496     -0.73671941513218      n
   -5.56480366471495    -11.80942445791172     -1.49324970392251      h
   -3.07313826288691    -10.74146607840237      0.40761739259851      h
   -8.44555611119366     -8.97593304076504     -3.67912092167611      h
   -9.47114891625258     -4.41287121676813     -4.44139719877706      h
   -6.89588930159669     -1.32133142763103     -2.46948128078962      h
    3.00608893301645     -9.45841305453745      5.04394552036093      n
    0.94803325023808     -9.16170941558665      3.47257010683709      c
    0.30571406853328     -6.67831970779798      2.99283985426840      n
    1.53273365673649     -4.64221900581687      3.93647685610511      c
    3.64765267355021     -5.06690912437201      5.54909728380112      c
    4.31040809087338     -7.48675126413934      6.04685221263945      c
   -0.20290573303448    -10.94482395360450      2.58435339847077      o
    0.72073861489112     -2.38199086100475      3.32773269985781      n
    1.63380822844570     -0.85920393506320      4.02976515861767      h
   -0.85049675631222     -2.13896489570117      2.13182210575560      h
    4.68732907815419     -3.50217083509360      6.34724346542115      h
    5.89170180187318     -7.97129048788223      7.25267701935139      h
    3.50362399900807    -11.27062455068213      5.41887309257950      h
  -.44954838417155D-04  0.11614021399708D-04  0.24996985465542D-04
  -.20802103786188D-04  0.33271453363959D-04  0.12118076317513D-04
  0.87859281477698D-04  0.10237149398917D-03  -.53073816003391D-04
  -.62196045576002D-05  -.62903989975549D-04  -.66273213139567D-05
  0.44083513744297D-04  -.58677289800801D-04  0.45539258586302D-07
  -.49892917421523D-04  0.71751967399614D-04  -.15364139812846D-04
  -.13566076567884D-04  -.51728695451114D-04  0.16941792058134D-04
  -.10337666040527D-03  -.99026354526188D-04  -.20038496460373D-04
  -.21043184464609D-04  -.23775656039504D-04  -.15193221028942D-04
  -.18653778742106D-04  0.17904878645503D-04  -.11217373966588D-04
  -.53378154687422D-05  0.42141210970570D-04  0.36242608321579D-04
  0.17970230544506D-04  -.17695690622155D-04  -.58056015084240D-05
  0.26006635156506D-06  -.18526589311563D-05  0.38873390399985D-05
  0.37487788344670D-04  0.15814141200110D-04  0.20327860710712D-04
  0.41153294261242D-04  -.11300709459761D-04  -.81408465746335D-06
  0.19633069169078D-04  0.53903563308866D-04  0.95804606891736D-04
  -.26877717051565D-04  -.28804928153159D-04  -.34534691905952D-04
  0.88618716962863D-04  -.31877864400398D-04  -.11647993181274D-03
  -.79692232661799D-05  0.81003055543150D-05  0.88429324173411D-04
  -.38488581958873D-04  0.12793852773640D-04  -.23864971240961D-04
  0.42390575516471D-04  -.16582671889864D-04  -.55883658204969D-04
  0.75754249888593D-05  0.10235613727261D-04  0.55406094173094D-04
  0.18973672899492D-05  0.49982032619411D-05  -.84949379699495D-05
  0.27469535881508D-05  0.14772923165207D-04  0.29441781286277D-04
  0.17541155168388D-05  0.87040668796945D-05  -.23078947275934D-04
  0.45710615985683D-05  0.53371861585827D-05  0.31995015081776D-06
  -.40818989180291D-04  -.94882734575918D-05  0.65092184318161D-05
  cycle =     25 MP2 energy =     -788.8381488402 |dE/dxyz| =  0.000253
   -1.29426470547396     -6.44969807797539      1.77855152538494      h
   -6.50431851933367     -3.17296310623950     -2.17891417039759      n
   -4.46729885989964     -3.68070921208102     -0.62780645566856      c
   -3.87143639665999     -6.13715606837445     -0.18335420585082      n
   -5.23611330153094     -7.99121583721917     -1.23066219110905      c
   -7.34369483463469     -7.47690063742987     -2.83551760218747      c
   -7.91352114247596     -5.01966097254708     -3.26073106579200      c
   -3.27418466377873     -1.88424614481446      0.28775852071232      o
   -4.57584057767094    -10.36737119429248     -0.73579097136864      n
   -5.56267222368243    -11.80868626757164     -1.49330422957781      h
   -3.07251894829260    -10.74056053927393      0.40917555596407      h
   -8.44368578174477     -8.97608688352373     -3.67962578346033      h
   -9.46851234250565     -4.41326445468442     -4.44456079626943      h
   -6.89613724128377     -1.32105433196497     -2.47010534629076      h
    3.00640922769802     -9.45888409585745      5.04309136850351      n
    0.94619708258332     -9.16231927416670      3.47457575214194      c
    0.30382422040498     -6.67902677205495      2.99486725976604      n
    1.53120714150693     -4.64264098345768      3.93754879274259      c
    3.64773277891768     -5.06729228515002      5.54802029101136      c
    4.31170416080290     -7.48705554575645      6.04456112755092      c
   -0.20671608873266    -10.94556413397025      2.58904926223944      o
    0.71939749561426     -2.38274486455557      3.32761547911359      n
    1.63257929036530     -0.85961553799919      4.02880336988234      h
   -0.85206175404700     -2.13986422798581      2.13156447803488      h
    4.68743663432425     -3.50252096158075      6.34609548160453      h
    5.89472093998056     -7.97143434145971      7.24817502961122      h
    3.50509766298691    -11.27101086386065      5.41686229114613      h
  0.18366599471520D-04  -.13323787975472D-04  0.18733927647840D-04
  -.32313816447527D-04  0.15813782454188D-04  -.45268958392519D-04
  -.25097710611988D-04  0.60464516550063D-04  0.86614420391040D-04
  0.15103648980386D-05  -.11178160842062D-04  -.20110475241530D-04
  0.49238401973462D-04  -.33060931468487D-04  -.52387636806372D-05
  -.45513085434656D-04  0.65737829984869D-04  -.26944508898730D-04
  0.94924896885118D-05  -.51484883996089D-04  0.12932452992942D-05
  0.10344490464220D-05  -.61644867315636D-04  -.41730397993156D-04
  0.10229251455884D-05  -.32032639431634D-04  0.35281926148434D-05
  -.12948569640958D-04  0.12442695311421D-04  -.58412573444855D-05
  -.14048321199667D-05  0.30442851991275D-04  0.11213755328754D-04
  0.46610227162347D-05  -.16821024926728D-04  0.15179734491166D-04
  0.85461551959654D-05  -.91359935083801D-06  -.91090801186411D-05
  0.29711011216182D-04  0.97388597897208D-05  0.33969244260135D-04
  0.28548865245170D-05  -.23442569755616D-04  0.50257812223009D-06
  0.45095423836905D-04  0.68653000383403D-04  0.41187398745812D-04
  -.54721080605891D-04  -.24828416939182D-04  -.45302927956348D-04
  0.79230767049410D-05  0.29148232999932D-04  0.16453918235904D-04
  0.12670144245774D-04  -.24466091448794D-04  0.59500160398684D-05
  -.26494912859221D-05  0.25489667211165D-04  -.10036692468240D-04
  -.66205000317510D-05  -.33834543042843D-04  -.23119547086559D-04
  0.33737576635495D-04  -.27399843872900D-04  0.21990528120464D-04
  -.73311919459584D-05  0.11123537494662D-04  -.79375158139605D-05
  -.44728188504095D-05  0.16767013795160D-04  -.63563080576756D-05
  -.13054847542548D-04  0.89427798330988D-05  0.17641285987580D-06
  0.74950708901511D-05  0.49709228688855D-05  -.55035231358858D-05
  -.27231677505402D-04  -.53042324861252D-05  -.42934257531435D-05
  cycle =     26 MP2 energy =     -788.8381487657 |dE/dxyz| =  0.000185
   -1.29423627926109     -6.44970195608985      1.77853831456870      h
   -6.50421838689348     -3.17291749463990     -2.17914358981839      n
   -4.46683639212085     -3.68050775262562     -0.62845856812080      c
   -3.87108400538265     -6.13690138723332     -0.18367862808487      n
   -5.23585522068192     -7.99104163838864     -1.23073839971938      c
   -7.34362172056892     -7.47690368543721     -2.83534783212234      c
   -7.91396464884156     -5.01968180564198     -3.26007913183751      c
   -3.27381127765646     -1.88391754066507      0.28709123418328      o
   -4.57538446510484    -10.36719264577606     -0.73602665881825      n
   -5.56223576198495    -11.80854129724840     -1.49345204806749      h
   -3.07185118741750    -10.74046475020464      0.40862943667855      h
   -8.44299915327636     -8.97611703905876     -3.68019237184987      h
   -9.47021813300632     -4.41337579124218     -4.44229968450343      h
   -6.89584332063343     -1.32106356100600     -2.47094682460359      h
    3.00638882834055     -9.45896445123181      5.04305805325111      n
    0.94579644727976     -9.16246363845901      3.47499814850449      c
    0.30364643665766     -6.67913447342872      2.99511862410008      n
    1.53103311374209     -4.64271474438285      3.93768039403696      c
    3.64757392821089     -5.06736190598328      5.54812569853525      c
    4.31152582160598     -7.48713191052623      6.04471314264224      c
   -0.20767387130202    -10.94568878535032      2.59021421808292      o
    0.71932967170797     -2.38286378972862      3.32742912758356      n
    1.63242837743296     -0.85971898077225      4.02868942114547      h
   -0.85199524168962     -2.13998709440615      2.13115284165320      h
    4.68738763184206     -3.50261537527196      6.34611034470599      h
    5.89425502681912     -7.97151870984982      7.24869693878002      h
    3.50579303562065    -11.27105541119864      5.41606056653147      h
  0.23124866289415D-04  -.10203241852746D-04  0.82946008945761D-05
  -.26971415160837D-04  0.51933237728008D-05  -.51000710914906D-04
  -.24748368918637D-05  0.31674973912488D-04  0.34350594372512D-04
  -.11311693626226D-05  -.24484293468241D-05  -.16485437207336D-04
  0.13213025185976D-04  -.14757139983779D-04  0.25858322193706D-04
  -.37552608727509D-04  0.46091517197588D-04  -.15448325826561D-04
  0.99635817889521D-05  -.35092855409147D-04  0.61719801776050D-05
  -.14032902075911D-05  -.34901119814634D-04  -.85316976337069D-05
  0.98324885738910D-06  -.33364140010761D-04  0.53589806837673D-05
  -.79208680729970D-05  0.95988687736082D-05  -.60616773414068D-05
  0.18732899791374D-05  0.24142330835364D-04  0.18478454437698D-05
  0.28511672250708D-04  -.13065881665497D-04  -.17908659232457D-04
  -.19704395193720D-04  -.49259320045181D-06  0.27055422668454D-04
  0.36029494868473D-04  0.77875426516272D-05  0.12183811281430D-04
  0.26657914480310D-05  -.12160307529818D-04  0.37514275534889D-05
  0.36229141242128D-04  0.43543384747519D-04  0.11950107056347D-04
  -.38949689868950D-04  -.16461279407243D-04  -.30214826211461D-04
  -.10273475201217D-04  0.32655056956932D-04  0.36019601299841D-04
  0.14511897823866D-04  -.25848615792690D-04  -.92100185868915D-05
  0.21592183152563D-06  0.17567716712019D-04  -.21946415014185D-05
  -.19851039160912D-04  -.24170462182838D-04  0.32339233220213D-05
  0.32649790090433D-04  -.26528308094242D-04  0.13395556369034D-04
  -.82729399641934D-05  0.86449552130219D-05  -.49503728809519D-05
  -.53064543914516D-05  0.15502684565405D-04  -.95551840910701D-05
  -.64577949414613D-05  0.79237093260076D-05  -.59400799194975D-05
  -.42162393274481D-05  0.40055026080399D-05  0.80451630415368D-05
  -.94854403500655D-05  -.48371759113763D-05  -.20015651986505D-04
$end
