$hessapprox internal
  0.967076369908D-01  0.133894053305D+00  0.397655130154D+00  0.220379919989D-01
  0.119984857361D-01  0.204848646730D+00 -0.158853727965D-03  0.341780120129D-03
 -0.119267209110D-03  0.201477501480D+00 -0.232913086754D-01 -0.139278670052D-01
 -0.275087577541D-01  0.294858276870D-04  0.473083437317D+00 -0.365936389289D-01
 -0.501942736444D-01  0.227024723775D-02  0.381424976474D-03  0.383428193870D-01
  0.570743704551D-01 -0.466437045778D-01 -0.570625734133D-01 -0.587168901932D-01
  0.202332410911D-03  0.398529968170D-02  0.391334451803D-01  0.147635463555D+00
  0.142303379187D-02  0.202563187819D-02  0.332760694956D-03 -0.744849192897D-03
 -0.141336515209D-02 -0.720664777532D-03 -0.571077164548D-03  0.203581258418D+00
  0.702550356281D-03  0.174999407818D-02 -0.839205105051D-04  0.129229156016D-02
 -0.659810435129D-03  0.471378240575D-04 -0.358217534080D-03 -0.273634189948D-03
  0.297301905968D-01  0.243858877898D-02  0.174518184777D-02 -0.812970506738D-03
  0.109467643187D-04 -0.175106466178D-02 -0.605202345160D-03 -0.791327913894D-03
 -0.220189406087D-04  0.782923267632D-05  0.523882135078D+00  0.844037856302D-02
  0.407970219161D-02 -0.186709930780D-02  0.109767614491D-03 -0.439437727464D-02
 -0.591212032265D-03  0.104290623169D-01 -0.554662811492D-04  0.134869443625D-03
 -0.715007335461D-03  0.510799652578D+00 -0.554263995371D-02 -0.100331828579D-01
  0.645250020719D-02 -0.631515354867D-03  0.222753165098D-01  0.178015479784D-02
  0.119819905252D-01  0.163349213458D-02  0.157164614668D-04  0.525959046938D-03
 -0.686110432858D-03  0.340060091935D+00 -0.188639273869D-01 -0.156185355585D-01
  0.676030017047D-02 -0.341266143792D-03  0.508650654415D-02  0.638587003558D-02
  0.162442508733D-01  0.612630795513D-03 -0.512174748825D-04  0.403611265179D-03
  0.272109931539D-02 -0.223824459954D-02  0.374402153623D+00 -0.125547327445D-02
 -0.287753745080D-02  0.798655585899D-04 -0.191484836355D-02  0.119584297739D-02
  0.114393948164D-04  0.534661321979D-03 -0.229759235519D-03 -0.178218685164D-02
 -0.585897537331D-05 -0.180987030959D-03 -0.224902853171D-03  0.207992626096D-04
  0.509191182734D-01 -0.639534988289D-04 -0.863205549187D-03 -0.106386617049D-02
 -0.597806879226D-04 -0.140004705629D-02  0.169300177804D-03 -0.684073999038D-03
  0.155654001591D-03  0.512730549739D-05 -0.303366809625D-04 -0.380076001079D-03
 -0.252629063231D-03 -0.294628460162D-03 -0.247591957782D-04  0.448180558877D+00
 -0.182117891263D-03 -0.841623875137D-02 -0.703838830699D-02 -0.518324442094D-03
  0.179419366621D-01  0.237148490998D-02 -0.789966680761D-02  0.119977292923D-02
 -0.180233315757D-03  0.390251830917D-04 -0.378869151524D-04 -0.408913229911D-02
  0.577053471870D-02  0.103276559372D-03  0.353005877226D-04  0.363772835931D+00
 -0.390847673841D-02 -0.839052837027D-02 -0.640179865360D-03 -0.313419324446D-02
  0.375219114867D-02  0.549709702172D-03  0.211593172844D-02  0.126447778052D-02
 -0.275091491342D-02 -0.727202885747D-04 -0.692660845665D-03 -0.173669148378D-02
 -0.303084082169D-03  0.396265884269D-02 -0.216127042835D-03 -0.581085600114D-03
  0.598205471495D-01  0.194427141954D-03  0.364593377469D-03  0.151761543924D-03
  0.202899443295D-04  0.505164336160D-04 -0.256548728321D-03  0.264237784395D-03
 -0.512824422495D-04 -0.484041140688D-05  0.226273567770D-04 -0.107976630173D-03
  0.140315349552D-03  0.536339454636D-04  0.105181845472D-04  0.160544181292D-04
  0.409936651365D-04  0.124896171332D-03  0.443974454777D+00  0.214039873853D-02
  0.293669828535D-02  0.697504555903D-03  0.112775222895D-04 -0.400695107812D-02
 -0.451094413315D-03 -0.181893004121D-02 -0.759328452709D-04 -0.215893498925D-04
 -0.102482840636D-03  0.488970854511D-03  0.937441264133D-03 -0.241778878675D-03
  0.468292045928D-04  0.752121956213D-04  0.835012632718D-03  0.103241950742D-03
 -0.428221142097D-04  0.375091599052D+00 -0.262942465157D-02 -0.565950136745D-02
 -0.708141142704D-03 -0.146658677526D-02  0.270694134060D-02  0.540588691545D-03
  0.140669829000D-02  0.137274263090D-02 -0.121750849028D-02 -0.650607382459D-04
 -0.515537261820D-03 -0.144024332328D-02 -0.247489518839D-03  0.149704149383D-02
 -0.183394958625D-03 -0.672856586721D-03  0.666062190545D-02  0.109705145025D-03
  0.617851412957D-04  0.537202750185D-01 -0.102053439811D-02 -0.215695224628D-02
  0.218111054386D-03  0.725694765343D-04  0.191520176534D-02  0.926470199577D-03
 -0.118029349507D-02  0.938277809656D-05  0.105294196240D-03 -0.288896955306D-04
  0.278143040491D-03 -0.994069539315D-03  0.891677967996D-04 -0.158204036293D-03
  0.306562574780D-05 -0.843827451420D-03 -0.488839381200D-03 -0.381648058284D-04
  0.281378545189D-03 -0.337423381411D-03  0.512645125822D+00 -0.914188450399D-02
 -0.228707561648D-01 -0.161023668377D-01 -0.108350933587D-02  0.275794953797D-01
  0.605115012320D-02 -0.150572143914D-01  0.248711017593D-02 -0.341137997390D-03
 -0.710056785962D-04 -0.280554065794D-03 -0.761496328607D-02  0.931917010921D-02
  0.169505096491D-03 -0.263628926058D-03 -0.145239587171D-01 -0.126336564072D-02
  0.220830734751D-03  0.119506336470D-02 -0.139745627729D-02 -0.178886178903D-02
  0.347039784724D+00 -0.163476668865D-03  0.236783359389D-03  0.165757883257D-03
  0.205676241262D-03 -0.924938376088D-04  0.642097747441D-04  0.146359259096D-03
 -0.235029750058D-02 -0.627427878268D-04  0.314741975812D-04  0.141147558150D-03
 -0.296795183306D-03 -0.230398966137D-03  0.625250597708D-03 -0.828325463231D-05
 -0.201393290660D-03 -0.202037635257D-02 -0.115989570573D-04  0.155852232960D-04
 -0.252869791532D-02  0.586123648341D-04 -0.440788218918D-03  0.613331394633D-01
  0.121618456491D-01 -0.377101410497D-02 -0.164558487274D-01 -0.666429101887D-03
 -0.248093808165D-01  0.326094367305D-02  0.223084119965D-01  0.763648009229D-03
 -0.583464094799D-03 -0.239196609637D-02 -0.200654326481D-01  0.475388253489D-02
  0.981105731283D-02  0.807561505158D-03 -0.208265052144D-02  0.361594682000D-02
  0.132525706121D-02 -0.302812301136D-04 -0.625351184530D-04  0.589356477451D-03
  0.112644982367D-02  0.582919991810D-02 -0.223160657922D-03  0.977387615087D+00
  0.736965180150D-01  0.759816259971D-01  0.210134260532D-01 -0.986945154726D-04
 -0.758617551927D-02 -0.411880291756D-01 -0.289379436548D-01  0.445990782894D-03
  0.729244415638D-04  0.240580622884D-02  0.359626497661D-02 -0.350065235120D-02
 -0.595902920753D-02 -0.198315357587D-03 -0.118402544084D-02 -0.693027122951D-02
 -0.329612217419D-03 -0.336375429732D-04  0.207023436323D-02 -0.120014814305D-03
 -0.486777913620D-03 -0.827447840406D-02 -0.230198172835D-03  0.231382257086D-02
  0.458822195570D+00  0.204370337335D-03 -0.228640084322D-02  0.121720936872D-02
 -0.532731478193D-02  0.719294296293D-03 -0.944090465649D-03 -0.701664277430D-03
  0.536650779353D-02 -0.429017763928D-02 -0.172182889919D-04 -0.213350797754D-03
  0.255154665328D-02  0.114664806856D-02  0.580843283650D-02  0.237064615760D-03
  0.229593029236D-02  0.111758382561D-01 -0.106607322592D-03  0.368357421874D-04
  0.609537709977D-02 -0.207982851189D-03  0.459871425036D-02 -0.287910549608D-02
  0.291259235316D-02  0.300817161530D-03  0.195106197848D+00  0.255395609968D-02
  0.418678788745D-02  0.297398337732D-02 -0.968028277057D-04  0.565169497496D-03
  0.779171194777D-03 -0.131197856879D-02  0.602574974369D-05 -0.103567942895D-03
  0.968636977819D-04  0.484695887324D-03  0.213956273142D-02  0.563896446499D-03
  0.173419082812D-03  0.125278131012D-03  0.379171665561D-03  0.953627038406D-04
  0.107612401564D-03 -0.452553194373D-03 -0.473209383884D-04 -0.109159993302D-03
  0.705535793086D-03  0.643744669492D-04  0.486323131685D-03  0.509240649967D-02
  0.522710670683D-03  0.525101949736D+00  0.607025295352D-02 -0.899926201441D-03
 -0.163905215613D-01 -0.405367617208D-03  0.649018870370D-02 -0.171587390180D-02
 -0.215231067742D-01  0.813338427113D-03 -0.280295695158D-03 -0.409989189096D-03
 -0.151131530101D-02  0.127648185772D-03  0.976677467451D-02  0.300337567095D-03
  0.348223018027D-04 -0.993723183557D-02  0.825914472310D-04  0.131511515243D-03
  0.309058378731D-03 -0.236708731467D-03 -0.881411931457D-03 -0.165411571345D-01
 -0.785533123271D-04 -0.351512311683D-02  0.809915524981D-03  0.190408000122D-02
  0.466014236808D-04  0.342314924833D+00  0.241078247931D-03  0.393048900890D-03
  0.230278420519D-03 -0.328381660677D-03 -0.248813671042D-03 -0.166976337198D-03
  0.825782723675D-05  0.363014727015D-03 -0.256741065789D-03  0.399117321620D-05
  0.284975343711D-04  0.358295946980D-03  0.701898115264D-04  0.360766189255D-03
  0.402067738734D-04  0.330523961996D-03  0.269095449340D-03 -0.186533072752D-04
 -0.968199752939D-05 -0.544784089501D-04  0.122190266136D-04  0.659078304652D-03
  0.164061414855D-04  0.245153534286D-03  0.199132058314D-04  0.130654636299D-02
  0.392995284242D-04  0.283205490181D-03  0.481599048902D-01  0.216951798811D-02
  0.295484043850D-02  0.124215958397D-02 -0.837214554956D-05 -0.156396668438D-02
 -0.914783518148D-03 -0.844198794752D-04 -0.494945279947D-04 -0.367576675136D-04
  0.434223839943D-04 -0.200339624812D-03  0.597343643669D-03  0.776943621830D-05
  0.661334718964D-04 -0.945366244414D-05  0.452478748422D-03  0.144767533853D-03
 -0.408216944544D-04 -0.415115386811D-05  0.838857373543D-04  0.139827161402D-03
  0.106453011010D-02  0.115654553304D-04 -0.138367975322D-02 -0.382239879485D-03
  0.810934785968D-04  0.116941174789D-04  0.361969338416D-03 -0.390505613792D-05
  0.448467712634D+00 -0.529322734007D-02 -0.919435132217D-02  0.571829508788D-03
 -0.323077132093D-03  0.184396679128D-01  0.308842166890D-02 -0.126058550262D-02
  0.872064295273D-03 -0.478118909378D-04  0.355810763046D-03  0.152254940845D-02
 -0.477889517166D-02  0.209157750750D-02 -0.542903581508D-04  0.797892716066D-04
 -0.567654356199D-02 -0.631291703445D-03  0.134390722448D-04  0.818079178867D-03
 -0.575436186574D-03 -0.639001319355D-03 -0.962352468325D-02 -0.165360416943D-03
  0.844362301133D-02 -0.907676053052D-02  0.135542383782D-02  0.499706460151D-03
 -0.486693513300D-02  0.211990846720D-03  0.290453458736D-03  0.367306151161D+00
  0.133533686509D-02  0.327768670696D-02  0.116317301710D-02 -0.173402713408D-02
 -0.455321712259D-02 -0.203025857499D-02  0.112467894969D-02  0.219154868075D-02
 -0.110809221179D-02  0.196204071886D-04 -0.702259948449D-04  0.257653571431D-02
  0.442945259706D-03  0.187736068159D-02  0.320229202993D-03  0.258326708742D-02
 -0.728285133983D-02 -0.129895065996D-03 -0.158460047637D-03 -0.911141157030D-02
  0.420976572847D-04  0.520661464779D-02  0.428212360961D-02  0.181072280718D-02
 -0.324367837890D-04  0.505943102011D-02  0.196356508770D-03  0.254238622052D-02
  0.161164832823D-02 -0.545417397312D-04  0.174573810753D-02  0.841640720617D-01
 -0.131891397618D-02 -0.197946323060D-02 -0.569100138455D-03 -0.197514656715D-04
  0.677831856688D-03  0.418887346321D-03 -0.275485154474D-03  0.838844956010D-04
  0.150443239832D-04 -0.100835695018D-04 -0.400978749212D-04 -0.466251699367D-03
 -0.809957982876D-04 -0.355460520853D-04 -0.794299367669D-04 -0.347487058467D-03
 -0.122055133656D-03  0.328540199830D-04  0.360293718140D-04 -0.873625999719D-04
 -0.974606557338D-04 -0.789239759293D-03 -0.136794717770D-04  0.330045459138D-03
 -0.292850969045D-04  0.499042919461D-04  0.118771298054D-03 -0.166511563340D-03
  0.159996913813D-04  0.531815930646D-04 -0.253841215035D-03  0.163787022532D-03
  0.443753911526D+00  0.267790765818D-02  0.310100237240D-02 -0.825294344339D-03
  0.129043316081D-03 -0.399745101741D-02 -0.727682672673D-03  0.159252054406D-02
 -0.317173982743D-03  0.285249031866D-04 -0.104098685822D-03 -0.636399905435D-04
  0.113215065617D-02 -0.688057722329D-03 -0.117732748612D-05  0.382099227265D-04
  0.176232446733D-02  0.239004884058D-03 -0.502242364475D-04 -0.165133225431D-03
  0.232165900056D-03  0.249571042166D-03  0.309164180354D-02  0.471111792953D-04
 -0.155198458693D-02  0.358873421626D-03 -0.567408511750D-03 -0.626191784462D-03
  0.127856550194D-02 -0.827634728652D-04 -0.121110666192D-03  0.144103047302D-02
 -0.666511328006D-03  0.687553268204D-04  0.374873495124D+00  0.304637000038D-03
  0.228934598394D-02  0.990287289096D-03 -0.736422660560D-03 -0.394480514212D-02
 -0.153480810428D-02  0.178467857433D-02 -0.242950272710D-03 -0.439075702217D-03
  0.399706666453D-04  0.127778594468D-04  0.139724973743D-02 -0.100152602617D-03
  0.131213071838D-02  0.215249077082D-03  0.178661759193D-02 -0.101633988362D-01
 -0.946074203186D-04 -0.118496756066D-03 -0.114593988140D-01  0.600324143131D-04
  0.352972356206D-02  0.625666951337D-02  0.125629891065D-02 -0.372298755442D-03
 -0.383476846761D-03  0.161000435566D-03  0.207431340756D-02  0.137083131583D-02
 -0.265223049059D-04  0.116989751726D-02  0.352277962039D-01  0.111600981571D-03
 -0.453661204893D-03  0.864785693806D-01 -0.129517930680D-02 -0.798740646968D-03
 -0.443112963790D-03  0.767585461171D-04  0.183014912667D-02  0.331546140298D-03
  0.103279237010D-02 -0.626074334147D-04  0.672418363086D-04 -0.694855009958D-05
  0.510803441592D-04 -0.599874488456D-03  0.138103046221D-03 -0.950325516002D-04
  0.210203050616D-03 -0.359130359527D-03 -0.182232174686D-03 -0.409750507890D-04
  0.691280983482D-04 -0.100229820134D-03 -0.581887493301D-04 -0.576327429613D-03
  0.273592934193D-04  0.154279133237D-02  0.663624524609D-03 -0.272039199954D-03
 -0.319663774029D-03 -0.423738199053D-03 -0.149515726792D-04  0.873299286161D-04
 -0.332512342543D-03 -0.146838314338D-03 -0.460625426393D-04  0.251348065265D-03
 -0.882324633351D-04  0.512932714731D+00 -0.680247779292D-02 -0.158259821919D-01
 -0.304275850275D-02 -0.581029284355D-03  0.269828179003D-01  0.587631706051D-02
 -0.546546303090D-02  0.149552536885D-02 -0.810071868542D-04  0.248930845605D-03
  0.350815378709D-02 -0.636432154785D-02  0.352025863234D-02 -0.845326211230D-04
  0.117872400320D-03 -0.894333944515D-02 -0.122027588391D-02  0.135586767843D-03
  0.993299610962D-03 -0.111618494035D-02 -0.106772000491D-02 -0.161197944690D-01
 -0.244154544105D-03  0.139164603238D-01 -0.947130537284D-02  0.241672691712D-02
  0.779435478871D-03 -0.910932603354D-02  0.373442845590D-03  0.905910695871D-03
 -0.674445218707D-02  0.296091833947D-02 -0.523370258632D-03  0.192232485051D-02
  0.195207092516D-02 -0.484158927844D-03  0.360941018661D+00  0.566708721173D-03
 -0.540441343740D-03  0.258885144390D-03 -0.106429177690D-02  0.149834104646D-02
  0.319973390502D-03 -0.146379349203D-02  0.197688817192D-02 -0.862892758364D-03
 -0.365663961056D-05  0.928101641485D-04  0.651969548721D-03  0.500763885885D-03
  0.781219155387D-03  0.362326618686D-04  0.191306403309D-03  0.672307505109D-02
 -0.281103793390D-04  0.645524715707D-04  0.609275365368D-02  0.334180409178D-05
  0.397756065162D-03 -0.355071247862D-02  0.337464596717D-03  0.282462447766D-03
  0.629304367618D-02  0.140457649240D-03 -0.195811126473D-03 -0.164536809670D-03
  0.248438933529D-04  0.982282627726D-04 -0.124878967793D-01 -0.139523876078D-04
 -0.591542716885D-04 -0.153667678184D-01 -0.245858978578D-04  0.259911012715D-03
  0.669428573779D-01 -0.303352569287D-01 -0.252847092918D-01  0.193556608572D-02
  0.498380156757D-04  0.187827471498D-01  0.147184496286D-01  0.519935880090D-02
 -0.761119254665D-03 -0.383166136485D-03  0.230090516989D-03  0.878142035355D-02
  0.311053202207D-02  0.284626148222D-02  0.657822167020D-03  0.161337956696D-02
  0.103193447054D-02  0.254955196373D-02 -0.150169803921D-03 -0.681799724347D-03
  0.186502331286D-02  0.765011907630D-03  0.370344578270D-02 -0.885082451801D-04
  0.243431182278D-01 -0.155150644521D-01 -0.361092427096D-03 -0.239590863308D-02
 -0.118636540040D-03 -0.191164376949D-03 -0.408544583320D-03 -0.202488343021D-03
 -0.121543667344D-02  0.641534130533D-03 -0.156411428854D-03 -0.750627842125D-03
 -0.309966043828D-03 -0.539706686853D-03 -0.314136429369D-03  0.678891309212D+00
  0.565155255267D-01  0.692931361883D-01  0.224411716040D-01  0.462275467443D-03
 -0.136869277649D-01 -0.439614383267D-01 -0.493779692246D-01 -0.175765242322D-04
  0.556333303512D-03  0.224758848729D-02  0.484326130090D-02 -0.724520790661D-02
 -0.394177468358D-02 -0.917085490853D-03  0.360954866709D-03 -0.118874504572D-01
 -0.132758596808D-02  0.959772928282D-04  0.211908687458D-02 -0.505744685751D-03
 -0.107141714376D-02 -0.201298463845D-01 -0.124833555647D-03  0.137484967235D-01
  0.245468773415D-01 -0.209517413935D-02  0.237968423341D-02 -0.300547673181D-02
 -0.119864570508D-03  0.130309243200D-02 -0.131936609134D-01 -0.110492510531D-02
 -0.456152362398D-03  0.192260739592D-02 -0.102871885250D-02 -0.897239418064D-03
 -0.191326014783D-01 -0.192354769428D-03 -0.256730963974D-01  0.468459131640D+00
 -0.620798564009D-02 -0.133712962683D-01  0.319025889017D-03 -0.789084025512D-02
  0.568762688732D-02  0.308727312914D-03  0.312434750584D-02 -0.214513130043D-02
 -0.748271979705D-02 -0.260931386629D-04 -0.788877958629D-03 -0.177394960295D-02
 -0.362002680107D-03  0.122976101778D-01 -0.189063426626D-03  0.624015689215D-04
  0.168472453095D-01  0.813851007847D-04  0.217203501598D-03  0.635761174010D-02
 -0.706565754413D-03 -0.129740097300D-03  0.321235991047D-02  0.323856954047D-02
 -0.952825132005D-03  0.229059745196D-01  0.700999743963D-03  0.116753486999D-02
  0.136315911445D-02  0.304786093012D-03 -0.531073381666D-03  0.608383136809D-02
 -0.188959463312D-03  0.119034450449D-03  0.437697985429D-02 -0.382730199443D-03
 -0.925494782005D-03  0.314108648540D-02  0.334373093848D-02 -0.377769724462D-02
  0.145592546499D+00 -0.834475833998D-02 -0.911834841778D-02 -0.493880915431D-02
 -0.277094973604D-03  0.129683821456D-01 -0.455243336257D-02  0.133227907863D-01
  0.176990301118D-03 -0.442794794805D-03  0.127831615660D-02 -0.757337802307D-02
 -0.359776637334D-02  0.293613125418D-02  0.563686075965D-03 -0.191887448805D-02
 -0.311066628522D-02  0.286862446870D-02 -0.576322242800D-04  0.520137573532D-03
  0.224056490596D-02 -0.111967591593D-02  0.329233171548D-03 -0.545481054991D-03
 -0.170542058129D-01 -0.432755753895D-01  0.174414483200D-03  0.323491786130D-02
  0.168932812931D-02 -0.896759466287D-04 -0.223099461928D-02 -0.482392782955D-02
  0.105251911824D-03  0.355565373683D-03  0.101552257361D-02 -0.167994276860D-07
  0.122790758910D-02  0.155829171681D-02 -0.690685369723D-03  0.102648181860D-01
 -0.180075362671D-01  0.283951132295D-02  0.529615596505D+00 -0.165817950500D-01
 -0.241515208571D-01 -0.153893105107D-01 -0.448163131749D-03 -0.454310208011D-02
  0.157809463385D-01  0.120922394201D-01  0.443760900664D-03 -0.342494847987D-03
 -0.107337165614D-02  0.362789208467D-03  0.450732817139D-02  0.417144844323D-03
  0.496131523351D-03 -0.955072893961D-03  0.580078849724D-02  0.558625237339D-03
  0.927686171927D-06 -0.799846413844D-03  0.128022020853D-03  0.699703864391D-03
  0.871606745178D-02 -0.621246530709D-04 -0.689933228790D-02 -0.130109870895D-01
  0.181860679365D-02 -0.147959993560D-02  0.740145787230D-03  0.150617300463D-03
 -0.490330891947D-03  0.661449098525D-02  0.121648004717D-02  0.146241961954D-04
 -0.849568035733D-03  0.856654043271D-03  0.137421352041D-02  0.814185509393D-02
  0.233035082448D-03  0.114058227236D-01 -0.114177306183D-01  0.188147807469D-02
  0.538130799623D-02  0.637522494174D+00 -0.164821900469D-01 -0.153784332598D-01
  0.312251926638D-02  0.443671781965D-03  0.164928571210D-01  0.133845212192D-01
  0.125325784728D-01 -0.106999567295D-02  0.600899169577D-04 -0.755436574907D-04
  0.475684334404D-02  0.226787671403D-02  0.127938052972D-02  0.746279322438D-04
  0.122898456432D-02  0.249013331789D-02  0.430876293489D-03 -0.353372497729D-03
 -0.371586674259D-04  0.335191229920D-03  0.114721345573D-02  0.614617431972D-02
  0.343510179229D-03  0.134653825956D-01 -0.144740937046D-01 -0.137565543799D-02
 -0.184756204932D-02  0.325982610515D-03 -0.188394793848D-03 -0.649196309152D-03
  0.176937106107D-02 -0.154955817217D-02  0.535651200044D-03 -0.249415810344D-03
 -0.778660804016D-03 -0.244642077207D-03  0.382927107722D-02 -0.153452083242D-03
 -0.226808712284D-02 -0.176002781626D-01  0.736364350535D-03 -0.407556017613D-03
  0.100481685955D-01  0.711497939952D+00  0.114850555727D-01  0.110013526817D-01
  0.397359283839D-02 -0.482453658726D-03 -0.165457218369D-01 -0.771089132722D-02
 -0.139344324809D-01  0.124788159412D-02 -0.822838056514D-05 -0.141187742703D-03
 -0.186532283657D-02 -0.377040019277D-02 -0.280537134268D-02 -0.132619223609D-03
 -0.160070728683D-02 -0.181327063122D-02 -0.146424137027D-02 -0.986525354845D-04
  0.170374738189D-02 -0.126675001902D-02  0.674227243638D-03 -0.537610787910D-02
 -0.153490351337D-03 -0.109588495446D-01  0.316385176942D-03  0.222195625304D-02
  0.369377799825D-03 -0.295722820713D-03  0.321148025273D-03  0.888905183407D-04
 -0.141127407800D-02  0.225584430117D-02 -0.473745971448D-03  0.531424920260D-03
  0.138001825906D-02  0.695997027423D-03 -0.101669908415D-02  0.549374775244D-03
  0.755633188225D-02  0.118939353437D-01 -0.120450228927D-02 -0.219574340143D-01
 -0.703488951231D-02  0.606444956976D-02  0.548570307866D+00  0.536547408760D-01
  0.594786896730D-01  0.115994750758D-01  0.230923259273D-03 -0.311029786216D-01
 -0.390818743703D-01 -0.293736704810D-01  0.283092717868D-03  0.510436448614D-03
  0.457761578910D-03 -0.415650542135D-02 -0.447937929284D-02 -0.171168435491D-02
 -0.845146314049D-03 -0.202338640946D-04 -0.689362806939D-02 -0.182709268036D-02
  0.431090327905D-03  0.687298842689D-03 -0.101166027746D-02 -0.110176718705D-02
 -0.144070122532D-01 -0.778483300386D-04 -0.161064656211D-01  0.485932768068D-01
 -0.123358161732D-02  0.279417734222D-02 -0.448041521663D-03 -0.241284533357D-04
  0.201648466986D-02 -0.636624862398D-02 -0.631980780762D-03 -0.650587013721D-03
  0.600072870939D-04 -0.825368851780D-03 -0.785491885545D-03 -0.129230438054D-01
  0.150278889731D-03 -0.138416126825D-01  0.439026247522D-01 -0.380276253424D-02
  0.773953081039D-02 -0.174972841637D-01 -0.100608811957D-01  0.970042115521D-02
  0.711732737217D+00 -0.681845350017D-01 -0.939229775039D-01 -0.331492368349D-01
 -0.224709260094D-03  0.324388327001D-01  0.564488445758D-01  0.748170891221D-01
 -0.129834650391D-02 -0.107590626868D-02 -0.235316452472D-02 -0.117643792982D-01
  0.952672829999D-02  0.838974280660D-02  0.180886826866D-02 -0.859829337747D-03
  0.136996136089D-01  0.556692008520D-02 -0.588274409848D-03 -0.186168500313D-02
  0.375040029032D-02  0.977744897741D-03  0.304017754299D-01 -0.540926861823D-04
 -0.182682585949D-01 -0.738951151821D-01  0.670310740645D-03 -0.267244839560D-02
  0.734398259848D-03 -0.239198462622D-03 -0.433894895295D-02  0.164339153744D-01
 -0.110029672723D-02  0.146160099275D-02 -0.158319705423D-02 -0.237319806946D-03
  0.108985940146D-02  0.317872730234D-01 -0.671677754895D-03  0.442882314921D-01
 -0.545199320092D-01  0.866537374431D-02 -0.152051038111D-01  0.241168019302D-01
  0.197376726909D-01 -0.261955385212D-01 -0.451874741897D-01  0.469187646271D+00
  0.346863292096D-01  0.388126979706D-01  0.240712658227D-01 -0.133186877153D-03
 -0.450269110385D-01 -0.179709939926D-01 -0.326779142144D-01  0.812691054570D-03
  0.394333960671D-03 -0.684476139207D-03  0.293667335049D-02 -0.190748223383D-02
 -0.869989737721D-02 -0.627451228790D-03 -0.567803534604D-03  0.178823224038D-02
 -0.345716879570D-02 -0.261788693649D-03  0.239301858822D-02 -0.269690437651D-02
  0.250198566438D-02 -0.348412785226D-02  0.220774044043D-03 -0.508860795358D-02
  0.377152737864D-01  0.162314059231D-02 -0.156980899896D-02  0.287978992543D-02
  0.290185589349D-03  0.146796458793D-02  0.187104937915D-02  0.833857285557D-03
 -0.628408159463D-03 -0.621352001145D-03  0.172494433918D-03 -0.375095318879D-04
 -0.169342114439D-03  0.141434087520D-02 -0.265457824899D-02  0.413627599757D-01
 -0.354418055130D-02 -0.928344082965D-02 -0.172160713428D-01  0.395244073181D-02
  0.196668396523D-01  0.202420550977D-01 -0.478523459578D-01  0.476416755149D+00
 -0.439780613578D-01 -0.693658709809D-01 -0.313182064761D-01 -0.201201889951D-03
  0.403984935286D-01  0.348298523669D-01  0.489124519827D-01 -0.507994548826D-03
 -0.684291760919D-03 -0.895406360479D-03 -0.845837047728D-02  0.189257829003D-02
  0.827964143271D-02  0.104881441316D-02 -0.122332490013D-02  0.219202404657D-02
  0.397836284092D-02 -0.184334398425D-03 -0.849278922155D-03  0.285253154568D-02
 -0.110385127002D-02  0.102847997696D-01 -0.279984435288D-03 -0.810087228269D-02
 -0.671665911063D-01  0.396003830929D-04  0.268933065406D-03 -0.502453078478D-02
 -0.153862876388D-03 -0.300408044174D-02  0.522145955216D-02 -0.235648806454D-03
  0.766591102129D-03  0.432730692766D-03  0.166087992727D-03  0.812202503812D-03
  0.134965560808D-01 -0.940321513380D-03  0.314999420736D-01 -0.502598199496D-01
  0.522429066836D-02 -0.184852854398D-01  0.206079562089D-01  0.129099157492D-01
 -0.276119797340D-01 -0.314624218231D-01  0.329599659551D-01 -0.413243096102D-01
  0.452837274102D+00 -0.329102101300D-02 -0.694050241404D-02 -0.217114201646D-03
 -0.341807941908D-02  0.287781857806D-02  0.242822302010D-03  0.182199440690D-02
 -0.805041416829D-03 -0.323269796592D-02 -0.336278568242D-04 -0.507356933298D-03
 -0.126024514125D-02 -0.264990507688D-03  0.524857361037D-02 -0.141057707490D-03
 -0.267784559811D-03  0.811458830865D-02  0.743748027822D-04  0.909065878758D-04
  0.364005677049D-02 -0.389585485822D-03 -0.635553903530D-03  0.901269353156D-03
  0.133997140640D-02 -0.435017040580D-03  0.100045312941D-01  0.223485991566D-03
  0.338300874080D-03  0.503774887909D-03  0.136746763835D-03 -0.428396377262D-03
  0.435991089912D-03 -0.985705995026D-04  0.141010104984D-03 -0.570142174729D-03
 -0.177356356899D-03 -0.790247007494D-03  0.231430422377D-02  0.196247137205D-02
 -0.155250791915D-02  0.226600887094D-01  0.197252308554D-02  0.714483597243D-03
  0.390723738409D-03 -0.998285812595D-03 -0.176495122721D-02  0.464730068903D-02
 -0.251358287841D-02  0.310630525253D-02  0.296456519574D-01  0.984277083898D-03
  0.117942332202D-02 -0.585341649432D-03  0.115742633375D-02 -0.606901296243D-03
 -0.101287973166D-03 -0.385654487894D-03  0.532634146475D-02  0.165015013930D-02
 -0.710512397840D-04 -0.235536074263D-03  0.553775241697D-03  0.399805147394D-03
 -0.379915192894D-02  0.100842663108D-04  0.220671755053D-03  0.799331444390D-03
  0.340367258075D-04 -0.716020350728D-04  0.398633734268D-02 -0.396163610090D-04
  0.557162347718D-03 -0.590661418501D-02 -0.152991552932D-03  0.556736517420D-03
  0.125270498761D-02 -0.309550187762D-03 -0.104177723981D-03 -0.313359803031D-03
 -0.728478994798D-04  0.305746852652D-03 -0.100824437623D-01  0.497480117317D-04
 -0.617355375500D-04 -0.138424095063D-01  0.119720466795D-04  0.402339681243D-03
  0.666297846544D-02 -0.730136552893D-04  0.954077125277D-03 -0.174201112649D-01
  0.106888219216D-02 -0.283554702478D-03 -0.741121277707D-03  0.203698326559D-03
  0.710057316642D-03 -0.807171499996D-03 -0.486292881566D-03  0.201335079793D-03
 -0.644662427140D-02  0.403231835636D-01  0.474174341010D-02  0.101386707959D-01
  0.498422055025D-03  0.433211409174D-02 -0.459303017670D-02 -0.610220338311D-03
 -0.244053888878D-02 -0.214888899474D-04  0.399789753730D-02  0.636827671674D-04
  0.743930726469D-03  0.201437069617D-02  0.385425184703D-03 -0.619741583852D-02
  0.238806857201D-03  0.621481626702D-03 -0.122725443248D-01 -0.127606363523D-03
 -0.142780288171D-03 -0.700390072229D-02  0.564224432636D-03  0.138924154758D-02
  0.672957002669D-03 -0.171205584951D-02  0.503082425240D-03 -0.138828382443D-01
 -0.235507873098D-03 -0.203658668867D-03 -0.469139170388D-03 -0.192946210296D-03
  0.751100774620D-03  0.545272455533D-02  0.153019164552D-03 -0.264291646487D-03
  0.792756736203D-02  0.231230462066D-03  0.139937636106D-02 -0.625243446704D-02
 -0.293308799347D-02  0.190996781795D-02 -0.266877241405D-01 -0.298424939343D-02
 -0.823895408637D-03 -0.634137212104D-03  0.162198735908D-02  0.235904133900D-02
 -0.665071242655D-02  0.371432439452D-02 -0.449330537206D-02 -0.121975501966D-01
  0.400041328718D-02  0.387032082950D-01 -0.583938400161D-02 -0.924778269827D-02
 -0.730147909250D-03 -0.105417832033D-02  0.500194665272D-02  0.170158357714D-02
  0.302028502921D-02 -0.122276105289D-01 -0.239351579222D-02  0.535995027572D-04
 -0.145255336693D-03 -0.490949485278D-02 -0.185231159886D-02  0.612839194091D-02
 -0.453457528976D-03 -0.304174139943D-02  0.231204320427D-02  0.165975796602D-03
  0.218436687667D-03 -0.268814724399D-02 -0.278545319204D-03 -0.637831258543D-02
  0.942036775349D-02 -0.861189037658D-03 -0.143471943172D-02 -0.731412985902D-02
  0.197022196579D-03 -0.156456395160D-02 -0.431593432257D-03  0.212294871116D-03
 -0.240788505061D-02 -0.161854113511D-03 -0.265083790843D-03  0.862639469345D-03
  0.716584540830D-02  0.137818070623D-04 -0.411821444689D-02 -0.683004012368D-02
  0.311761694813D-02 -0.117215757093D-02  0.299116257766D-01  0.959176791380D-03
 -0.493733119742D-03  0.288810979489D-02 -0.376155560600D-02 -0.197075459407D-02
  0.654402040387D-02 -0.391922985031D-02  0.363376528470D-02  0.122608860806D-01
 -0.255832015342D-01 -0.106360857905D-01  0.715007146228D-01  0.955515292866D-02
  0.235451052831D-01  0.240648130339D-02  0.308575514873D-03 -0.504608907449D-02
 -0.188087374383D-01 -0.257191933543D-01 -0.630190480958D-04  0.461700974674D-03
  0.172105073738D-02  0.159695523533D-01 -0.184518149715D-02 -0.830315111732D-02
 -0.725082774809D-03  0.503261490155D-04 -0.240599791769D-02 -0.100061719149D-02
  0.409154031034D-03 -0.199012855698D-03 -0.301855373011D-03 -0.700686138850D-03
 -0.494111186676D-02 -0.152881052680D-03  0.351978256523D-01  0.396575720566D-02
 -0.182274071540D-02  0.205508492685D-02  0.596910055655D-02 -0.172785127723D-03
  0.152260167997D-02 -0.671993356356D-02 -0.154494043312D-02 -0.423670979661D-03
 -0.290429707696D-03 -0.154572422778D-02  0.577703238949D-03 -0.143878234909D-01
  0.538134326596D-04 -0.210349510688D-01 -0.154314601053D-03 -0.314746957988D-02
  0.118857152849D-01 -0.669639957170D-02 -0.812089932085D-02  0.588228149890D-02
  0.150413918867D-01  0.155143358046D-01  0.285055132189D-02  0.624165410168D-02
 -0.123612508697D-02  0.878179586949D-03  0.148194843159D-02 -0.839567421791D-03
  0.542355665998D+00 -0.830582913852D-02 -0.978228827392D-02  0.609313819211D-02
  0.512103125089D-03  0.196122122783D-01  0.544387837575D-03  0.322020792602D-03
 -0.470328158289D-03  0.399548954888D-03  0.102375013255D-02  0.273713212619D-02
 -0.492311852682D-02 -0.250697912464D-03 -0.579313617024D-03  0.115260001654D-03
 -0.444419730143D-02 -0.594441158482D-03 -0.190311973234D-03  0.107930626048D-02
 -0.904500611885D-04 -0.249521694590D-03 -0.552774471430D-02  0.455856430491D-04
  0.134215871722D-01 -0.198684354516D-01 -0.208557490533D-02  0.157727553103D-02
 -0.102547409350D-02 -0.167234289099D-03 -0.944172115280D-04 -0.567691411052D-02
 -0.145352162311D-02 -0.989606290490D-04  0.103208538032D-02 -0.104064438535D-02
 -0.293257250995D-03 -0.551862564433D-02 -0.245072362053D-03 -0.957503875806D-03
 -0.149409314617D-01 -0.217765554948D-02 -0.168132630165D-01  0.687149767639D-02
 -0.100250117215D-02 -0.174367194318D-02  0.298769428318D-02  0.413826512122D-03
  0.783051003402D-02 -0.100182311240D-01 -0.819576041736D-03  0.389941874365D-03
  0.915220061732D-03  0.511105985424D-03 -0.564179649766D-02  0.552276407494D+00
 -0.543503384066D-02 -0.564286949284D-02  0.145483022911D-03 -0.365482435107D-03
 -0.139863396066D-01  0.962839228527D-02  0.285961585468D-02 -0.224248607004D-04
 -0.517382427772D-03 -0.630786624300D-03  0.572756493421D-03  0.726632504494D-02
  0.401656266866D-03  0.805256787437D-03 -0.839176120518D-03  0.633393225418D-02
  0.184577689480D-02 -0.301338629869D-04 -0.727929079103D-03  0.109946989598D-02
  0.107433548733D-02  0.104420491017D-01 -0.101327759547D-03 -0.706605019294D-02
 -0.805629659006D-02  0.154887917259D-02 -0.343002189420D-03  0.212964324746D-02
  0.366122370506D-04 -0.987762176570D-03  0.667475793267D-02  0.283531447782D-03
  0.420038013597D-03 -0.161689712225D-02  0.209394793113D-03  0.909655830556D-03
  0.107464436112D-01  0.177352536072D-03  0.546875695515D-02 -0.270780035993D-02
  0.350915349604D-02 -0.480849598940D-02 -0.264116818253D-02  0.484348583348D-02
 -0.347208714333D-02 -0.428589142477D-02  0.356855264987D-02 -0.396895808748D-02
  0.590649804804D-02  0.166913613408D-02 -0.328698326651D-03 -0.230908348708D-02
  0.121395095379D-02 -0.239894903710D-02  0.474217214291D-02  0.634094502619D+00
 -0.236554185604D-01 -0.279389378725D-01 -0.636112559615D-02  0.207456223634D-03
  0.180720707218D-01  0.170508925579D-01  0.143848595587D-01 -0.615162562938D-03
 -0.785460525498D-04 -0.404524916948D-03  0.176110349279D-02  0.155453800732D-02
  0.346972596821D-02  0.196250531472D-03  0.705923108323D-03  0.107108642962D-02
  0.911253764383D-03 -0.166292273000D-03 -0.376119524426D-03  0.672698708856D-03
  0.328045776279D-03  0.313221515876D-02  0.123755682706D-03  0.754839604227D-02
 -0.163096306936D-01 -0.809723760287D-03 -0.172447397221D-02 -0.236757120545D-02
 -0.118572798659D-03 -0.549716813714D-03  0.174611792288D-02 -0.632860582664D-03
  0.330498582534D-03  0.192425224372D-03 -0.159278378371D-03 -0.646737295294D-04
  0.289618271106D-02 -0.390329951541D-03  0.292767950849D-02 -0.214771327812D-01
  0.119888609025D-02  0.458387567546D-02  0.103094586794D-01  0.337110238537D-02
 -0.296920362744D-03 -0.171421091045D-01  0.305812926346D-01 -0.893584341536D-02
  0.221919566352D-01  0.731635957649D-03 -0.289743171649D-03 -0.107421484411D-02
  0.205980558823D-02 -0.748623094091D-02  0.753896250992D-04  0.513998815419D-02
  0.715824466534D+00 -0.743335427072D-02 -0.150652508473D-01 -0.180602485964D-01
  0.649398492803D-04 -0.158560467670D-02  0.379216577256D-02  0.218865291989D-02
  0.350887247757D-04  0.129886847754D-03 -0.528928938758D-03 -0.171420581596D-02
 -0.308985028744D-02 -0.519439232446D-03 -0.222896160868D-03 -0.727332547350D-03
 -0.174535807855D-03 -0.233069525547D-03 -0.114145256521D-03  0.570560578737D-03
 -0.290590428809D-04  0.108209539164D-03 -0.112641997988D-02 -0.799748576247D-04
 -0.360831744240D-02 -0.119276722579D-01 -0.519749498162D-03 -0.215464264366D-02
 -0.727645352004D-03 -0.278084549277D-04 -0.121020069390D-03  0.231213674200D-03
 -0.428138760309D-03 -0.287566744932D-03  0.117779178770D-02 -0.463398030814D-03
  0.838130866024D-03 -0.615777803678D-03  0.171023706602D-04  0.101810462002D-01
 -0.723764623499D-02 -0.947909642253D-03 -0.393965860567D-02  0.242212672686D-02
  0.774865782016D-02 -0.472498548518D-02 -0.104739151617D-01  0.106959697239D-01
 -0.473938734103D-02  0.415267743097D-02 -0.345495194844D-03  0.346654111912D-03
  0.393563518901D-03 -0.324485289359D-03 -0.334770053776D-02 -0.138361658496D-02
 -0.508503080104D-03  0.670166306818D-02  0.553403666047D+00  0.567527823049D-01
  0.668688085424D-01  0.336977891665D-01  0.340443126647D-03  0.106169171582D-01
 -0.409829263631D-01 -0.332531568835D-01  0.719354998011D-03  0.934122853216D-03
  0.246515286764D-02  0.625195967438D-02 -0.812344827899D-02 -0.371761497053D-02
 -0.148090909782D-02  0.153880889988D-02 -0.136607205446D-01 -0.484205558755D-02
  0.460516900475D-03  0.115922756195D-02 -0.334848459000D-02 -0.186602449639D-02
 -0.237513557987D-01  0.302355351475D-03  0.158689116661D-01  0.469605112631D-01
 -0.932418664669D-03  0.709042501052D-02 -0.316529728266D-02  0.159150281312D-03
  0.313314803391D-02 -0.149361697545D-01  0.668524004429D-03 -0.838847076186D-03
  0.260880781035D-03  0.269363165789D-03 -0.228277049641D-02 -0.252729560157D-01
  0.468317867307D-03 -0.332737364495D-01  0.355963305441D-01 -0.696527686959D-02
  0.924764020024D-02 -0.134521282071D-01 -0.222614955175D-01  0.169731272334D-01
  0.422533896102D-01 -0.479784987866D-01  0.313946337764D-01 -0.415572823441D-01
 -0.386703977384D-02  0.599644919927D-04  0.561783154355D-02 -0.436723375075D-02
  0.366554360427D-02 -0.550528895128D-02  0.369735209648D-02 -0.274875859213D-01
 -0.160142205078D-01  0.474838825248D+00 -0.953649709092D-01 -0.104281463253D+00
  0.274359358215D-02  0.712572046873D-03  0.302152350871D-01  0.625719095779D-01
  0.280057014080D-01 -0.160103007190D-02  0.114420524909D-06 -0.101920916882D-02
  0.721213856013D-02  0.414344281453D-02 -0.876433489324D-03  0.165825428406D-03
 -0.694142227494D-03  0.869031451982D-02  0.204700725947D-02 -0.758455921557D-04
 -0.603010443428D-03  0.172577286890D-02  0.393558098961D-03  0.141949642069D-01
  0.244606279431D-03  0.384168476054D-01 -0.523812531191D-01 -0.319205223764D-02
 -0.283216044662D-03  0.163498604602D-02 -0.379645387986D-03 -0.209374937514D-02
  0.972614869413D-02 -0.169994076790D-02  0.757423539859D-03 -0.888710345566D-03
 -0.396548771495D-03 -0.111098696247D-02  0.193247446749D-01 -0.143538260957D-02
  0.280663081606D-01 -0.607164990616D-01  0.165343236262D-02 -0.489165214065D-02
  0.243486061611D-01  0.213400833935D-01 -0.134547368724D-01 -0.427418899225D-01
  0.754614673294D-01 -0.254841293967D-01  0.532306164883D-01  0.141711977791D-02
 -0.237015901267D-03 -0.220672655620D-02  0.500903747003D-02 -0.261295505665D-01
 -0.438305492443D-02  0.182705378109D-01  0.275487592265D-01  0.218354296307D-02
 -0.576686887401D-01  0.517087884068D+00  0.619058352950D-01  0.674299815424D-01
  0.996950596128D-02 -0.272027882273D-03 -0.678884234211D-02 -0.450265346113D-01
 -0.185180756200D-01  0.183948595162D-02  0.789140552084D-03  0.731387824781D-03
 -0.102737699372D-01 -0.869121184408D-02  0.350339575371D-02 -0.132749842189D-02
  0.129525341913D-02 -0.133648650622D-01 -0.648087988623D-02  0.377898392537D-03
  0.570784788783D-03 -0.501267509809D-02 -0.159595254443D-02 -0.250243421817D-01
  0.418787303649D-03 -0.344791310966D-01  0.727977766566D-01  0.213478999459D-02
  0.446871501988D-02 -0.616015508156D-02  0.575026499815D-03  0.366680799114D-02
 -0.121281282420D-01  0.313172946422D-02 -0.136652296846D-02  0.744428238040D-03
  0.189371854525D-02 -0.143814635984D-02 -0.232270658191D-01  0.135172487463D-02
 -0.218434258655D-01  0.579018073388D-01 -0.705694884644D-02  0.222242734742D-01
 -0.200982223729D-01 -0.173654066750D-01  0.133800350727D-01  0.340406258780D-01
 -0.664656334522D-01  0.176216350788D-01 -0.458617256505D-01 -0.463794801395D-02
 -0.623028563449D-03  0.713340363295D-02 -0.751160903256D-02  0.395737827460D-01
  0.113834092737D-01 -0.595940725126D-02 -0.277025767579D-01 -0.120929888644D-01
  0.635605990005D-01 -0.762197006651D-01  0.490696648406D+00 -0.474965978309D-03
 -0.475289032820D-03 -0.178965632015D-02  0.474443090970D-02  0.329412939143D-02
  0.221391269136D-02 -0.116459541744D-02 -0.499973458604D-02  0.352801666927D-02
 -0.136285057814D-04  0.195658968236D-03 -0.341313702104D-02 -0.863830255268D-03
 -0.520040098404D-02 -0.389945487919D-03 -0.356768209892D-02  0.112748387558D-02
  0.169009152587D-03  0.915337279134D-04  0.584589811126D-02  0.121478515889D-03
 -0.710619018638D-02 -0.284947029372D-02 -0.353652054812D-02  0.908267088364D-04
 -0.170802035961D-01 -0.529317463433D-03 -0.350622478331D-02 -0.234262688829D-02
 -0.342523735317D-04 -0.223735148642D-02 -0.371431411760D-01 -0.149907545003D-03
  0.893046488015D-03 -0.350649926226D-01  0.297961313305D-03 -0.383102904282D-02
  0.903497087650D-02  0.957298599430D-03  0.259764919293D-02 -0.192588897014D-01
 -0.321335610627D-03 -0.225010076245D-02  0.190608802121D-02 -0.307700760409D-02
  0.176019014364D-02 -0.351815391115D-03 -0.129038180225D-02 -0.309245388473D-03
 -0.615177083934D-02  0.985359413839D-02  0.235399188094D-02  0.341319514431D-02
  0.287378640073D-02  0.261744182101D-02 -0.142277404759D-02  0.795707059880D-03
  0.847327155846D-03  0.562921589348D-03  0.288455555174D-02 -0.332864731588D-02
  0.688787963076D-01  0.473771418650D-03  0.479887078181D-04  0.197415382332D-03
 -0.160556893531D-03  0.858491263593D-03  0.330833643628D-03 -0.108424901832D-02
  0.742861506100D-03 -0.127414231368D-03  0.935049030399D-05  0.153392324774D-03
  0.321627182650D-03  0.247510818975D-03 -0.633843242172D-04  0.186489490755D-04
 -0.200784488024D-04  0.293480524110D-02 -0.237018323540D-04  0.494658028164D-04
  0.302743883815D-02  0.579222221124D-04 -0.457697525078D-04 -0.187454327834D-02
 -0.457803575237D-04  0.126030091296D-03  0.194950824397D-02  0.832244196313D-04
 -0.275286372901D-03 -0.202945438023D-03  0.117114679566D-04 -0.205492756208D-04
 -0.790325111821D-02 -0.123646891428D-04 -0.903661677603D-05 -0.916875054826D-02
  0.171971499485D-04  0.357529501003D-04  0.434682233425D-02 -0.342557020274D-03
 -0.120883265081D-04 -0.252106224346D-03 -0.839922976538D-03  0.195739163086D-04
  0.792409393895D-04  0.307126784597D-03  0.198486835023D-03 -0.776384822469D-03
  0.120335706187D-02 -0.968067445321D-03  0.413654280379D-03  0.388172601589D-02
 -0.240123549261D-02 -0.363616349154D-02  0.111948844329D-03 -0.111183718486D-04
 -0.710863270122D-04 -0.230364838787D-03  0.205699206890D-04  0.688608391800D-03
 -0.848856859547D-03  0.125664127567D-02  0.683633382362D-02  0.240894282528D-01
  0.158453853293D-03  0.293266141221D-02  0.175591360074D-03  0.199325447262D-02
 -0.351155592689D-02 -0.781708675120D-03  0.178882379770D-02 -0.279317775539D-02
  0.172451271648D-02  0.378689905374D-04  0.981268628470D-04 -0.132548021435D-03
 -0.634245634653D-03 -0.176664721252D-02  0.551610428639D-04  0.303404437108D-03
 -0.134137979164D-01 -0.212083121779D-04 -0.116169931671D-03 -0.119873322245D-01
  0.144113995662D-03  0.576537905140D-03  0.633798062372D-02 -0.426951183605D-03
 -0.433549589184D-03 -0.108277605762D-01 -0.137635525824D-03  0.723173232991D-03
  0.449675305177D-03 -0.639202708136D-04  0.274286651986D-03  0.254036767417D-01
  0.665048713858D-04 -0.840189366264D-04  0.303770144646D-01  0.606672281530D-04
  0.380016338812D-03 -0.152081868756D-01 -0.406634484362D-03  0.233068954179D-03
 -0.758942384428D-02 -0.191601141845D-04 -0.212654760610D-03  0.198542913682D-04
  0.549862622973D-05 -0.326458644241D-04 -0.506646790155D-03 -0.713598536195D-03
  0.160289016145D-03 -0.526836745069D-02 -0.115473201007D-01  0.129528794799D-01
  0.923702770568D-02 -0.312041661844D-03  0.194289020890D-03 -0.591804604071D-03
  0.264931832022D-03 -0.965140592732D-04  0.629033272304D-03  0.126470591339D-02
  0.382956148061D-03 -0.194538772063D-01 -0.820499293338D-02  0.512276909776D-01
 -0.236838447580D-02 -0.245554625826D-02 -0.111176177099D-02  0.338064820752D-02
  0.222195001159D-02  0.161326771236D-02  0.114949109428D-02 -0.887633383677D-02
  0.203975850107D-02  0.401236966421D-04  0.152959591162D-03 -0.388860975738D-02
 -0.151367395923D-02 -0.165069170234D-02 -0.365489753333D-03 -0.309441088867D-02
 -0.520280935379D-02  0.142607722473D-03  0.972938871434D-04 -0.357663865748D-02
  0.565154683544D-04 -0.631723923172D-02  0.499091716388D-02 -0.259719349839D-02
 -0.653498538349D-03 -0.180566712043D-01 -0.260151527140D-03 -0.230463327488D-02
 -0.130676872606D-02  0.387930112033D-04 -0.210148274894D-02 -0.933062954804D-02
 -0.160152721365D-03  0.803750292738D-03 -0.292520713863D-02  0.209654734950D-03
 -0.362550976860D-02 -0.469788575760D-02  0.143288976066D-02  0.116719288189D-02
 -0.396333523490D-02 -0.120442977004D-03 -0.160213848186D-02  0.228253188514D-02
 -0.312314210929D-02  0.271810237519D-03  0.181643537072D-02 -0.222379553761D-02
  0.964812822426D-03 -0.170505130790D-02 -0.951311779724D-02  0.391016685040D-02
  0.259397284906D-01  0.115184527672D-02  0.178047857542D-02 -0.660452064185D-03
  0.132680789916D-02  0.274827420197D-03 -0.805511814824D-03  0.400830266469D-02
 -0.422961977020D-02  0.189781890090D-01 -0.134348896577D-02  0.643940640357D-02
  0.521041484981D-01 -0.272084947412D-01 -0.901429955085D-02 -0.704254004663D-02
  0.666288673947D-03 -0.182147702537D-01  0.177646745307D-01  0.133983113762D-01
 -0.269981834372D-02 -0.549159488050D-03 -0.586241253187D-04  0.552342859617D-02
  0.204248565879D-01  0.365885830507D-02  0.111541062428D-02  0.181311280023D-02
  0.149565779726D-01  0.610122221157D-02  0.591838941555D-03 -0.567674094506D-02
  0.489924242498D-02 -0.192157645301D-03  0.265124228983D-01 -0.176162779824D-03
  0.667283738651D-02  0.190467478347D-01 -0.356616373120D-02  0.203974217463D-03
  0.117211043209D-01 -0.780937977117D-03 -0.631727727205D-03  0.115022435131D-01
 -0.588301282788D-02  0.135724140185D-02 -0.416977128307D-02 -0.418387270898D-02
  0.627894862352D-04  0.143528158446D-01 -0.814080168118D-03 -0.179491482801D-01
 -0.928145696033D-02  0.626224979612D-02  0.521102417357D-01  0.197642227963D-03
 -0.959296784252D-02 -0.755033040324D-03 -0.172494918450D-01  0.591895248225D-01
 -0.526650012813D-01  0.737227423306D-01  0.426426284842D-02  0.235609591821D-03
 -0.676624703039D-02  0.920635390647D-02 -0.153968640022D-01  0.167534417187D-01
 -0.815301279286D-02  0.178706477903D-02  0.539577106274D-02 -0.345675046927D-02
  0.270828969947D-01 -0.887429572989D-02  0.670431853318D-02 -0.762550401601D-03
 -0.153325188050D-02  0.635614444760D-02  0.995950444400D+00 -0.149785361897D-01
 -0.295289067571D-01 -0.109107371792D-01  0.275042046782D-03  0.381497552025D-01
  0.862185634940D-02  0.134856066861D-01 -0.669099494193D-03  0.710193599560D-04
 -0.196252713206D-03  0.588817914814D-02 -0.145681775734D-02  0.522049269370D-02
  0.205068749344D-05  0.218991124766D-02 -0.416025147649D-02 -0.449193190690D-05
 -0.989168066639D-04 -0.245189843314D-03 -0.132430319752D-04  0.388509749222D-03
 -0.408051355906D-02  0.284243434299D-03  0.168712227019D-01 -0.126292464789D-01
 -0.967227450951D-03 -0.260185024671D-02 -0.545849726191D-02 -0.115519747801D-03
  0.381976572744D-03 -0.322002342734D-02 -0.780287960135D-03  0.464396382639D-03
  0.359075136406D-03 -0.297653297013D-03 -0.685945442654D-03 -0.934431593650D-02
 -0.180503339120D-03 -0.838237808645D-02 -0.216225778474D-01  0.248299075909D-03
  0.211157435512D-01  0.109423551561D-01 -0.246506745724D-02  0.115017571319D-01
 -0.187101296884D-01  0.429580350005D-01 -0.147297940823D-02  0.274032947498D-01
  0.111236424530D-03 -0.614821213257D-03 -0.126780480653D-03  0.184708012317D-02
 -0.174797624896D-01  0.858093308598D-03  0.896228778550D-02  0.581343486041D-03
  0.125474444961D-01 -0.454165433798D-01  0.313364275736D-01 -0.339764219102D-01
  0.112462947051D-02  0.237939761396D-04  0.214252512453D-03  0.149588105848D-02
 -0.751901973807D-02  0.664448915296D+00  0.511033982356D-01  0.763727943901D-01
  0.172157586575D-01 -0.455751266337D-03 -0.533009191108D-01 -0.381278423266D-01
 -0.333945275369D-01  0.102689500275D-02 -0.190548263497D-04  0.688828437026D-03
 -0.338000611460D-02  0.303367286379D-03 -0.483619706585D-02 -0.800911145238D-04
 -0.951038650156D-03  0.400964086781D-04 -0.119983664895D-02  0.153655114816D-03
  0.647857319372D-03 -0.100356694823D-02  0.556769331358D-03 -0.279116428772D-02
 -0.216920533756D-03 -0.259812187595D-01  0.425714484521D-01  0.225032705357D-02
  0.194062583711D-02  0.705561131228D-02  0.242640577310D-03  0.749225045748D-03
 -0.243268642396D-02  0.847939193180D-03 -0.338508805869D-03 -0.769857037303D-03
 -0.222456783124D-04  0.668499885624D-03 -0.291956822064D-02  0.113753690996D-02
 -0.135741790130D-01  0.484350855669D-01 -0.100031104454D-02 -0.135918754341D-01
 -0.212564055840D-01 -0.847046675187D-02  0.718345685486D-02  0.354081111269D-01
 -0.610737944907D-01  0.283386139820D-01 -0.416772781446D-01 -0.892821398818D-03
  0.264399206820D-03  0.130436200138D-02 -0.338588899960D-02  0.190102224766D-01
  0.371241414094D-02 -0.143519855525D-01 -0.158369156257D-01 -0.895315047783D-02
  0.612814960405D-01 -0.536898882081D-01  0.569880158768D-01 -0.174569810497D-02
  0.683287704806D-03 -0.112973556877D-02 -0.267974248785D-02 -0.339966952526D-01
 -0.170447138789D-02  0.710106852096D+00  0.195964033885D-01  0.148479021300D-01
  0.343592195121D-02  0.185734424881D-03  0.552188134125D-02 -0.263926246316D-01
 -0.213913681639D-01  0.110116702694D-02  0.803489939309D-03  0.607175873944D-03
 -0.371664474126D-02 -0.131940127565D-01  0.162721555770D-02 -0.139835031528D-02
 -0.125843367768D-03 -0.146592907959D-01 -0.378923573164D-02  0.288130599790D-03
  0.201783202581D-02 -0.245294021640D-02 -0.159274875684D-02 -0.267085683878D-01
 -0.495726705073D-04 -0.742636864895D-02  0.203381023412D-01 -0.967649683794D-03
  0.225004936937D-02 -0.786514876267D-02  0.183246504823D-03  0.231202056787D-02
 -0.127230605324D-01  0.145166569152D-02 -0.108749271313D-02  0.223095377061D-02
  0.866407070751D-03 -0.933939904170D-03 -0.224230097395D-01 -0.132697670904D-03
 -0.593772582087D-02  0.173414062940D-01 -0.648711547687D-02  0.534317989870D-03
 -0.670404451616D-02 -0.357050469130D-02  0.488463990335D-02  0.114873502410D-01
 -0.178025370816D-01  0.180323031196D-01 -0.246933496799D-01 -0.327589529326D-02
  0.951316906135D-03  0.469711629381D-02 -0.487122336196D-02  0.536653521543D-02
 -0.375283714609D-02  0.436980919337D-02 -0.108418696876D-01 -0.736432428038D-02
  0.106992417615D-01 -0.258192849147D-01  0.134389476066D-01 -0.102523548440D-03
  0.939580259143D-04  0.117803006417D-02 -0.134259331245D-02  0.860556895615D-02
 -0.162280818055D-01  0.286536162583D-01  0.566227281655D+00  0.782909275223D-01
  0.120577425352D+00  0.817196683544D-01  0.845875103526D-03 -0.395790776532D-01
 -0.739605740115D-01 -0.858463092701D-01  0.101585456908D-02  0.172478474276D-02
  0.457387511955D-02  0.555611746509D-02 -0.187049482300D-01 -0.165242935638D-01
 -0.271849010888D-02 -0.313348325315D-03 -0.187979494410D-01 -0.859876390275D-02
 -0.679566095192D-04  0.624141721787D-02 -0.588635972434D-02 -0.623116657123D-03
 -0.352326307138D-01  0.553600002583D-03  0.204059893096D-01  0.711940855644D-01
 -0.177132412378D-02  0.103477915354D-01  0.557954316522D-02  0.290635689913D-03
  0.225954490667D-02 -0.243940691513D-01  0.796947638587D-03 -0.108075276372D-02
  0.225758289096D-02  0.306541725807D-03 -0.401103353519D-02 -0.255216582221D-01
  0.103952297873D-02 -0.351647398665D-01  0.820788720405D-01 -0.126052476775D-01
 -0.699344694220D-01 -0.249524530340D-01 -0.270423461302D-01  0.256195300100D-01
  0.110636531896D+00 -0.171434974029D+00  0.114403086876D+00 -0.148979492846D+00
 -0.704330013344D-02  0.140518179142D-03  0.100074750533D-01 -0.763102646638D-02
  0.439021441644D-01 -0.275065610309D-01 -0.285766439743D-02 -0.454373416915D-01
 -0.280328681242D-01  0.126335164733D+00 -0.147664110126D+00  0.145639676358D+00
  0.128776600361D-02  0.147192142995D-02  0.102724531314D-02 -0.110903633345D-02
 -0.121000958068D-01 -0.975437283723D-02  0.111362410811D+00  0.551142865454D-01
  0.577512095705D+00 -0.141027509582D-01 -0.277995046883D-01  0.367466681536D-01
 -0.683861095536D-03  0.225555304280D-01  0.158173113193D-01  0.434299848418D-01
  0.171602159937D-02  0.264621130041D-03  0.102889137354D-02  0.115204215727D-01
 -0.766914589345D-02 -0.300978287275D-01 -0.549482433825D-03 -0.148869991937D-02
  0.164073424558D-01 -0.246101894480D-02  0.184872962291D-03  0.790354901200D-03
 -0.172451149848D-02  0.759729144927D-03  0.256789719534D-01 -0.496903515249D-03
  0.263360671680D-01 -0.187144934403D-01  0.195014572841D-02  0.421176145440D-02
  0.253221679506D-01  0.120488999975D-03  0.698990417602D-03  0.791678305038D-02
  0.126209718966D-02 -0.460868608753D-03 -0.331906390764D-02 -0.160922854428D-03
  0.735704758165D-03  0.872860658741D-02  0.115799689544D-02  0.755402824055D-02
  0.855638878806D-03 -0.377872084673D-02  0.139671805748D-02 -0.795233198322D-02
  0.388533589871D-02 -0.102427714582D-02  0.138347549506D-02  0.620952605822D-02
 -0.159025995567D-02  0.238791465249D-02 -0.208938769488D-02  0.117799848347D-02
  0.302678698447D-02 -0.598033790968D-02 -0.404145468355D-01 -0.326307785251D-02
  0.718218648515D-02  0.710540700321D-02 -0.118396739742D-01 -0.106123363668D-01
  0.215880650788D-01 -0.898769915922D-03 -0.150203097516D-02  0.721636348096D-03
 -0.107269734202D-02 -0.359537644072D-02  0.132777996161D-01 -0.135701306983D-01
  0.439764567335D-02 -0.497369834782D-02  0.209400190114D-01  0.129838667022D+00
 -0.272389517584D-02 -0.308190789562D-02  0.747191083034D-02  0.519733269574D-03
 -0.870805300215D-02 -0.436986639322D-02 -0.104244617722D-01 -0.266651075158D-03
  0.410539024784D-03 -0.767972299532D-03 -0.499745570066D-02 -0.118787473010D-01
  0.228281042992D-02 -0.647152357402D-03 -0.110065203994D-02 -0.723079195714D-02
 -0.852688008417D-03 -0.892777634183D-03  0.465998983842D-02 -0.314626165929D-03
  0.229562955734D-02 -0.126833846560D-01  0.231472672268D-04 -0.102192187006D-01
 -0.308386333799D-01 -0.170343334635D-02 -0.592429839763D-02 -0.632022966418D-02
 -0.600502090870D-04 -0.131601379238D-02 -0.507045460263D-02 -0.632772814891D-03
 -0.735440787548D-05  0.356548454041D-02 -0.290662442718D-03  0.691919194836D-03
 -0.227523655839D-02 -0.290073039489D-03  0.156603716333D-01 -0.828541610094D-02
 -0.247453219620D-02 -0.552915170488D-01  0.853802563306D-02  0.142909421484D-01
  0.619226220152D-02 -0.643213990888D-02 -0.132958625000D-01  0.523577487999D-01
 -0.339564546497D-01 -0.105137210954D-02  0.458111703263D-03  0.123018657409D-02
 -0.236032751318D-03  0.495519033268D-03 -0.137508195596D-01  0.519099847394D-02
  0.686306626391D-02  0.108155851664D-01 -0.280393064466D-01  0.186563962522D-01
 -0.353814689051D-01  0.161870637060D-02 -0.578199440376D-05  0.606438175973D-03
  0.117816592010D-02 -0.157378908513D-01  0.229680385571D-01 -0.654894779682D-02
 -0.796312782279D-02 -0.295516312351D-01  0.291523412491D-01  0.364288488281D+00
  0.706368475811D-03  0.187412050734D-02 -0.150243371610D-03  0.136218916716D-02
 -0.815842898950D-03  0.393250710708D-04 -0.376224539169D-03 -0.588215817899D-03
  0.118471628156D-02  0.847234360798D-05  0.138964858667D-03  0.496078898901D-05
 -0.381997485574D-04 -0.175633597186D-02  0.612065115131D-05 -0.219670994554D-03
 -0.319589553747D-02 -0.565806082252D-05 -0.273945196660D-04 -0.168489869226D-02
  0.112806217037D-03 -0.404461242583D-03  0.318473209454D-03 -0.647073125884D-03
  0.902540478459D-05 -0.484634558646D-02 -0.115710720866D-03 -0.321648985992D-03
 -0.252397160974D-03 -0.424686778539D-04 -0.641169886631D-04 -0.232761408888D-03
  0.179860199757D-04  0.354108447024D-04  0.748560121815D-03  0.730380743079D-04
 -0.103706706729D-03 -0.152814246266D-02 -0.400516936563D-03  0.534531746574D-03
 -0.730440846486D-02 -0.480095841203D-03 -0.348850677109D-03  0.775397839748D-04
 -0.363078888959D-04  0.511918042102D-03 -0.107710475539D-02  0.365007047802D-03
 -0.679419563667D-03 -0.323366439295D-02  0.829696120066D-03  0.429780529483D-02
 -0.119453024444D-02  0.485689060137D-03  0.414829365894D-03 -0.562583160246D-03
 -0.599756011616D-04  0.148663234660D-03  0.954494771497D-03  0.878667243897D-04
  0.793156275830D-03  0.293973409244D-02 -0.482452625738D-03  0.293322379262D-02
  0.273703994762D-02 -0.580144730268D-03  0.110046242739D-03 -0.104296351386D-03
  0.849465031615D-03  0.170966404128D-02  0.365642115741D-03  0.406073643806D-03
  0.144770393923D-01  0.147685845701D-02  0.212550533473D-02 -0.628952499517D-04
 -0.553673211795D-04 -0.139741754835D-02 -0.604106095088D-03 -0.637966117895D-03
  0.293593206610D-02  0.270768638781D-03 -0.311765360992D-04 -0.112240079195D-03
  0.120506334820D-02  0.535767490998D-03 -0.100740531678D-02  0.106707529192D-03
  0.731898728229D-03  0.511744957101D-03 -0.249979682847D-04 -0.820787958369D-04
  0.130466295712D-02  0.129736855949D-04  0.159281491321D-02 -0.235091400771D-02
  0.204484899813D-03  0.453815462185D-03  0.269295051047D-02 -0.101203267229D-03
  0.362622665529D-03  0.123713114313D-03 -0.672223625464D-04  0.607633521206D-03
 -0.364320396950D-03  0.755116114792D-04 -0.205617339454D-03 -0.229183991963D-02
 -0.284969486336D-04  0.102610704862D-02  0.201743796672D-02 -0.602613781501D-03
  0.409990647537D-03 -0.515254767510D-02  0.300419829793D-03  0.117079453151D-03
 -0.920054440553D-03  0.821755328735D-03  0.565726740826D-03 -0.140752478843D-02
  0.431671150476D-03 -0.474670878847D-03 -0.196062718994D-02  0.595917401561D-02
  0.118658666175D-02 -0.116846314611D-01  0.405600623787D-03 -0.140281531791D-03
 -0.252963633802D-03 -0.515494364036D-03  0.162383707299D-03  0.735699189362D-03
 -0.110581531753D-02  0.119237626633D-02 -0.959881071427D-03  0.977270880281D-03
 -0.311573103557D-02 -0.647704562464D-02 -0.173663276667D-02 -0.567613156302D-03
  0.711893440768D-03  0.118474914547D-02  0.101454150714D-02  0.167310834290D-02
 -0.726968566336D-04 -0.399552936780D-04  0.393381918971D-01  0.417566830821D-03
  0.201936711192D-04  0.165974749720D-03 -0.111208683188D-02 -0.207409539856D-03
 -0.346582363474D-03 -0.393872071440D-03  0.210633458068D-02 -0.782363249851D-03
 -0.146397069324D-04 -0.888732584797D-04  0.852830440118D-03  0.420021529038D-03
  0.839345153337D-03  0.749727825716D-04  0.646504482591D-03  0.244132272204D-02
 -0.276023947480D-04 -0.113459448925D-04  0.167913289032D-02 -0.459897814343D-04
  0.133472633031D-02 -0.139260204970D-02  0.658597653129D-03  0.182032939026D-03
  0.537509335209D-02  0.783985488741D-04  0.453502986471D-03  0.311421472572D-03
  0.711129282018D-06  0.431224101183D-03  0.887542722194D-03  0.289981648116D-04
 -0.168048290767D-03 -0.892430135383D-03 -0.651355022351D-04  0.751561819853D-03
  0.199802527640D-02 -0.212279591402D-03 -0.350382740175D-03  0.290193519558D-02
  0.123351410820D-03  0.417847407757D-03 -0.524188081154D-03  0.670237303701D-03
 -0.127234453712D-03 -0.195340011341D-03  0.443417539486D-03 -0.112231021047D-03
  0.136139190242D-02  0.229147281603D-02 -0.241382610776D-02 -0.550760227739D-02
 -0.261098755343D-03 -0.481518772708D-03  0.269229662904D-03 -0.303795992566D-03
 -0.719322558361D-04 -0.341212901303D-04 -0.961115910576D-03  0.707831521636D-03
 -0.379724573419D-02  0.747202221657D-03 -0.330884413899D-02 -0.591323638186D-02
 -0.114218714859D-02 -0.350056997006D-03  0.663030300494D-03  0.688555258866D-04
 -0.170264566413D-03  0.967046088070D-03 -0.402872962520D-03 -0.100278216399D-02
  0.149170357306D-02  0.265097991438D-01
$end
