$coord
   -1.58434717937341     -6.37390942966934      1.55909235087727  ag
  -10.37522647938373      2.82800358767541     -5.05387529989613  ag
   -6.75072513268378     -3.14532617932052     -2.33040649252995  n
   -4.90799564911222     -4.18504791345026     -0.94322877659301  c
   -4.67383995737199     -6.73180542473148     -0.77173100236009  n
   -6.29586915065879     -8.29075661677283     -1.99702180516517  c
   -8.25389661446631     -7.21140643140328     -3.47085026411564  c
   -8.42833634091205     -4.64481621826405     -3.59767706051127  c
   -3.24570515183362     -2.97606299416862      0.31243533008743  o
   -5.98510323535156    -10.75874088742790     -1.76723887480853  n
   -7.16212982726481    -11.97396196474983     -2.65671194294504  h
   -4.57194472245177    -11.48532937298032     -0.70374215910727  h
   -9.59066351265326     -8.38287845510269     -4.48054434679145  h
   -9.86121685799652     -3.66450513329779     -4.67596060414987  h
   -6.90228966588933     -1.22359951281955     -2.44104141478788  h
    3.60248939953371     -9.57913189645028      5.46588842309140  n
    1.75228860765086     -8.54422294140373      4.07205532104220  c
    1.51997573957310     -6.00060279251557      3.90142564482628  n
    3.12969525314835     -4.43441682465145      5.11837506051056  c
    5.09952626390458     -5.51337881290905      6.60231565657530  c
    5.28200941618782     -8.06638621168553      6.73544245580738  c
    0.10813764889396     -9.77412859195195      2.82959249894768  o
    2.82208583189924     -1.97176813462703      4.89067849472553  n
    3.99716147345174     -0.75434574949636      5.77915505481759  h
    1.40840896949854     -1.24644428227391      3.82560273217948  h
    6.43056306044020     -4.33376543747587      7.60840429226571  h
    6.72345734736855     -9.03110893678940      7.82103720027619  h
    3.72423174459768    -11.49656428648254      5.55428638074431  h
$user-defined bonds
$redundant
     number_of_atoms            28
     degrees_of_freedom         78
     internal_coordinates       78
     frozen_coordinates          0
# definitions of redundant internals
   1 k  1.0000000000000 stre  18    1           val=   3.90675
   2 k  1.0000000000000 stre   1    5           val=   3.88662
   3 k  1.0000000000000 linc  18    5    1    4 val=   0.19971
   4 k  1.0000000000000 linp  18    5    1    4 val=  -0.00343
   5 k  0.7071067811865 tors   2    9    4    3 val=  89.98686
        0.7071067811865 tors   2    9    4    5
   6 k  1.0000000000000 stre   9    2           val=  10.64493
   7 k  1.0000000000000 bend   4    2    9      val=  63.16951
   8 k  0.5000000000000 tors  11   10    6    5 val=  89.99847
        0.5000000000000 tors  11   10    6    7
        0.5000000000000 tors  12   10    6    5
        0.5000000000000 tors  12   10    6    7
   9 k  1.0000000000000 stre  10   11           val=   1.91137
  10 k  1.0000000000000 stre  10   12           val=   1.91206
  11 k  0.8164569455307 bend  12   11   10      val=  -1.35635
       -0.4152317771332 bend   6   11   10
       -0.4012239117420 bend   6   12   10
  12 k  0.0080877315969 bend  12   11   10      val=  -0.34123
        0.7030286574765 bend   6   11   10
       -0.7111155288449 bend   6   12   10
  13 k  1.0000000000000 outp  11    6   12   10 val=   0.01093
  14 k  1.0000000000000 stre   7   13           val=   2.04421
  15 k  0.7071067812975 bend   8   13    7      val=  -0.55182
       -0.7071067810756 bend   6   13    7
  16 k  1.0000000000000 outp  13    6    8    7 val=  -0.00084
  17 k  1.0000000000000 stre   8   14           val=   2.04373
  18 k  0.7071067820873 bend   7   14    8      val=   3.81332
       -0.7071067802858 bend   3   14    8
  19 k  1.0000000000000 outp  14    3    7    8 val=  -0.00022
  20 k  1.0000000000000 stre   3   15           val=   1.93087
  21 k  0.7071067980702 bend   8   15    3      val=   0.03956
       -0.7071067643029 bend   4   15    3
  22 k  1.0000000000000 outp  15    4    8    3 val=  -0.00389
  23 k  1.0000000000000 stre  17   22           val=   2.39992
  24 k  0.7071067812081 bend  18   22   17      val=  -5.36661
       -0.7071067811650 bend  16   22   17
  25 k  1.0000000000000 outp  22   16   18   17 val=   0.00088
  26 k  0.5000000000000 tors  24   23   19   18 val=  89.99991
        0.5000000000000 tors  24   23   19   20
        0.5000000000000 tors  25   23   19   18
        0.5000000000000 tors  25   23   19   20
  27 k  1.0000000000000 stre  23   24           val=   1.91110
  28 k  1.0000000000000 stre  23   25           val=   1.91284
  29 k  0.8164717845968 bend  25   24   23      val=  -1.38905
       -0.4137622733522 bend  19   24   23
       -0.4027090837164 bend  19   25   23
  30 k  0.0063816145459 bend  25   24   23      val=  -0.20119
        0.7038944550458 bend  19   24   23
       -0.7102759119889 bend  19   25   23
  31 k  1.0000000000000 outp  25   24   19   23 val=   0.00097
  32 k  1.0000000000000 stre  20   26           val=   2.04337
  33 k  0.7071067819460 bend  21   26   20      val=  -0.45315
       -0.7071067804270 bend  19   26   20
  34 k  1.0000000000000 outp  26   19   21   20 val=  -0.00015
  35 k  1.0000000000000 stre  21   27           val=   2.04621
  36 k  0.7071067859614 bend  20   27   21      val=   3.50645
       -0.7071067764117 bend  16   27   21
  37 k  1.0000000000000 outp  27   16   20   21 val=  -0.00018
  38 k  1.0000000000000 stre  16   28           val=   1.92333
  39 k  0.7071074111586 bend  21   28   16      val=   1.32672
       -0.7071061512139 bend  17   28   16
  40 k  1.0000000000000 outp  28   17   21   16 val=   0.00170
  41 k  1.0000000000000 stre   4    9           val=   2.40864
  42 k  0.7071067819893 bend   5    9    4      val=  -5.98979
       -0.7071067803838 bend   3    9    4
  43 k  1.0000000000000 outp   9    3    5    4 val=   0.00145
  44 k  1.0000000000000 stre   6   10           val=   2.49806
  45 k  0.7071067815299 bend   5   10    6      val=  -2.04261
       -0.7071067808432 bend   7   10    6
  46 k  1.0000000000000 outp  10    7    5    6 val=   0.00075
  47 k  1.0000000000000 stre  19   23           val=   2.49221
  48 k  0.7071067812158 bend  18   23   19      val=  -1.73973
       -0.7071067811573 bend  20   23   19
  49 k  1.0000000000000 outp  23   20   18   19 val=  -0.00023
  50 k  1.0000000000000 stre   5    6           val=   2.56177
  51 k  1.0000000000000 stre   6    7           val=   2.67788
  52 k  1.0000000000000 stre   7    8           val=   2.57564
  53 k  1.0000000000000 stre   8    3           val=   2.58241
  54 k  1.0000000000000 stre   3    4           val=   2.53001
  55 k  1.0000000000000 stre   4    5           val=   2.56324
  56 k -0.2886751345948 bend   5    7    6      val=   0.62908
       -0.2886751345948 bend   6    8    7
        0.5773502691896 bend   7    3    8
       -0.2886751345948 bend   8    4    3
       -0.2886751345948 bend   3    5    4
        0.5773502691896 bend   4    6    5
  57 k  0.5000000000000 bend   5    7    6      val=  -0.08854
       -0.5000000000000 bend   6    8    7
        0.5000000000000 bend   8    4    3
       -0.5000000000000 bend   3    5    4
  58 k -0.4082482904639 bend   5    7    6      val=  -0.06865
        0.4082482904639 bend   6    8    7
       -0.4082482904639 bend   7    3    8
        0.4082482904639 bend   8    4    3
       -0.4082482904639 bend   3    5    4
        0.4082482904639 bend   4    6    5
  59 k -0.2886751345948 tors   6    7    8    3 val=   0.00286
       -0.2886751345948 tors   7    8    3    4
        0.5773502691896 tors   8    3    4    5
       -0.2886751345948 tors   3    4    5    6
       -0.2886751345948 tors   4    5    6    7
        0.5773502691896 tors   5    6    7    8
  60 k  0.5000000000000 tors   6    7    8    3 val=  -0.00596
       -0.5000000000000 tors   7    8    3    4
        0.5000000000000 tors   3    4    5    6
       -0.5000000000000 tors   4    5    6    7
  61 k -0.4082482904639 tors   6    7    8    3 val=  -0.00529
        0.4082482904639 tors   7    8    3    4
       -0.4082482904639 tors   8    3    4    5
        0.4082482904639 tors   3    4    5    6
       -0.4082482904639 tors   4    5    6    7
        0.4082482904639 tors   5    6    7    8
  62 k  0.5000000000000 tors   6    5   18   17 val=  90.01103
        0.5000000000000 tors   6    5   18   19
        0.5000000000000 tors   4    5   18   17
        0.5000000000000 tors   4    5   18   19
  63 k  0.7071118119281 bend   1    6    5      val=  28.29164
       -0.7071017504092 bend   1    4    5
  64 k  1.0000000000000 outp   6    1    4    5 val=   0.02095
  65 k  1.0000000000000 stre  18   19           val=   2.55443
  66 k  1.0000000000000 stre  19   20           val=   2.69193
  67 k  1.0000000000000 stre  20   21           val=   2.56298
  68 k  1.0000000000000 stre  21   16           val=   2.59248
  69 k  1.0000000000000 stre  16   17           val=   2.53713
  70 k  1.0000000000000 stre  17   18           val=   2.55990
  71 k -0.2886751345948 bend  18   20   19      val=   0.74767
       -0.2886751345948 bend  19   21   20
        0.5773502691896 bend  20   16   21
       -0.2886751345948 bend  21   17   16
       -0.2886751345948 bend  16   18   17
        0.5773502691896 bend  17   19   18
  72 k  0.5000000000000 bend  18   20   19      val=  -0.10973
       -0.5000000000000 bend  19   21   20
        0.5000000000000 bend  21   17   16
       -0.5000000000000 bend  16   18   17
  73 k -0.4082482904639 bend  18   20   19      val=   0.08819
        0.4082482904639 bend  19   21   20
       -0.4082482904639 bend  20   16   21
        0.4082482904639 bend  21   17   16
       -0.4082482904639 bend  16   18   17
        0.4082482904639 bend  17   19   18
  74 k -0.2886751345948 tors  19   20   21   16 val=  -0.00083
       -0.2886751345948 tors  20   21   16   17
        0.5773502691896 tors  21   16   17   18
       -0.2886751345948 tors  16   17   18   19
       -0.2886751345948 tors  17   18   19   20
        0.5773502691896 tors  18   19   20   21
  75 k  0.5000000000000 tors  19   20   21   16 val=   0.00157
       -0.5000000000000 tors  20   21   16   17
        0.5000000000000 tors  16   17   18   19
       -0.5000000000000 tors  17   18   19   20
  76 k -0.4082482904639 tors  19   20   21   16 val=   0.00197
        0.4082482904639 tors  20   21   16   17
       -0.4082482904639 tors  21   16   17   18
        0.4082482904639 tors  16   17   18   19
       -0.4082482904639 tors  17   18   19   20
        0.4082482904639 tors  18   19   20   21
  77 k  0.7071404832967 bend   1   19   18      val=  28.34864
       -0.7070730774700 bend   1   17   18
  78 k  1.0000000000000 outp  19    1   17   18 val=  -0.00240
        78 non zero eigenvalues  of BmBt
           1          11.277331348    1    0
         1
           2          11.147485246    2    0
         2
           3           6.092901105    3    0
         3
           4           5.551815845    4    0
         4
           5           5.084059904    5    0
         5
           6           4.947087803    6    0
         6
           7           4.704439585    7    0
         7
           8           4.610463789    8    0
         8
           9           4.407624878    9    0
         9
          10           4.365047607   10    0
        10
          11           3.994174800   11    0
        11
          12           3.972997114   12    0
        12
          13           3.853204279   13    0
        13
          14           3.804536064   14    0
        14
          15           3.609729263   15    0
        15
          16           3.507122563   16    0
        16
          17           3.377203728   17    0
        17
          18           3.309845734   18    0
        18
          19           3.182776107   19    0
        19
          20           2.932638363   20    0
        20
          21           2.921463666   21    0
        21
          22           2.837354513   22    0
        22
          23           2.796220501   23    0
        23
          24           2.725000827   24    0
        24
          25           2.624229070   25    0
        25
          26           2.464816094   26    0
        26
          27           2.211178693   27    0
        27
          28           2.197020351   28    0
        28
          29           1.940444011   29    0
        29
          30           1.865803328   30    0
        30
          31           1.808852353   31    0
        31
          32           1.788256794   32    0
        32
          33           1.774753731   33    0
        33
          34           1.577567164   34    0
        34
          35           1.488960629   35    0
        35
          36           1.317162237   36    0
        36
          37           1.256366885   37    0
        37
          38           1.115725081   38    0
        38
          39           1.037697060   39    0
        39
          40           0.983157495   40    0
        40
          41           0.965833940   41    0
        41
          42           0.940076626   42    0
        42
          43           0.911251197   43    0
        43
          44           0.779240525   44    0
        44
          45           0.607707312   45    0
        45
          46           0.558034531   46    0
        46
          47           0.521715939   47    0
        47
          48           0.502175293   48    0
        48
          49           0.475371640   49    0
        49
          50           0.463674157   50    0
        50
          51           0.415285730   51    0
        51
          52           0.406394938   52    0
        52
          53           0.393997841   53    0
        53
          54           0.382691917   54    0
        54
          55           0.364648533   55    0
        55
          56           0.347038963   56    0
        56
          57           0.329267306   57    0
        57
          58           0.322953582   58    0
        58
          59           0.301233143   59    0
        59
          60           0.253406825   60    0
        60
          61           0.217717742   61    0
        61
          62           0.208101213   62    0
        62
          63           0.158695526   63    0
        63
          64           0.152675306   64    0
        64
          65           0.138393011   65    0
        65
          66           0.134750487   66    0
        66
          67           0.101047332   67    0
        67
          68           0.080149991   68    0
        68
          69           0.077954520   69    0
        69
          70           0.066752713   70    0
        70
          71           0.053566576   71    0
        71
          72           0.049573342   72    0
        72
          73           0.027287760   73    0
        73
          74           0.022803969   74    0
        74
          75           0.018356051   75    0
        75
          76           0.011967984   76    0
        76
          77           0.004088569   77    0
        77
          78           0.003276563   78    0
        78
$end
