$energy      SCF               SCFKIN            SCFPOT            ADC(2)
     1 -1077.381380952      897.690046     -1975.07143     -3.927435743766
     2 -1077.375875660      897.692747     -1975.06862     -3.950155376538
     3 -1077.352291377      897.843545     -1975.19584     -3.997710452768
     4 -1077.284585534      898.2602661688     -1975.544851703
     5 -1077.284585527      898.260285     -1975.54487     -4.083858488784
     6 -1077.288429624      898.255074     -1975.54350     -4.085198699780
     7 -1077.291842119      898.170681     -1975.46252     -4.080661992851
     8 -1077.300210522      898.153880     -1975.45409     -4.076106192985
     9 -1077.280393689      898.303903     -1975.58430     -4.097799262485
    10 -1077.306686544      898.146263     -1975.45295     -4.072923380081
    11 -1077.310705356      898.138652     -1975.44936     -4.070035002919
    12 -1077.303467016      898.190306     -1975.49377     -4.078567100231
    13 -1077.297144664      898.235546     -1975.53269     -4.085845215588
    14 -1077.299131193      898.229876     -1975.52901     -4.084806850072
    15 -1077.306898895      898.195975     -1975.50287     -4.078234498162
    16 -1077.303870192      898.202621     -1975.50649     -4.082145562133
    17 -1077.296732605      898.218136     -1975.51487     -4.089261188504
    18 -1077.297845209      898.210153     -1975.50800     -4.089045265483
    19 -1077.296535562      898.211951     -1975.50849     -4.091166805953
    20 -1077.291895074      898.220583     -1975.51248     -4.096575238452
    21 -1077.283905404      898.239486     -1975.52339     -4.104562242068
    22 -1077.285338281      898.234742     -1975.52008     -4.103837849250
    23 -1077.285807560      898.2363645141     -1975.522172074
    24 -1077.285807561      898.236371     -1975.52218     -4.103855675567
    25 -1077.284413849      898.248299     -1975.53271     -4.105647422143
    26 -1077.289731483      898.2415484441     -1975.531279927
    27 -1077.289731485      898.241547     -1975.53128     -4.100495914757
    28 -1077.286176494      898.252358     -1975.53853     -4.104333470924
    29 -1077.282703615      898.262122     -1975.54483     -4.107928205121
    30 -1077.283782827      898.246883     -1975.53067     -4.106897562608
    31 -1077.286941410      898.228527     -1975.51547     -4.104057457362
    32 -1077.277570370      898.291429     -1975.56900     -4.113476022454
    33 -1077.282758915      898.259017     -1975.54178     -4.108507930871
    34 -1077.282248480      898.257689     -1975.53994     -4.109169197797
    35 -1077.282525777      898.250143     -1975.53267     -4.109274007277
    36 -1077.279154692      898.264270     -1975.54342     -4.113161708904
    37 -1077.273952753      898.287032     -1975.56098     -4.118953376232
    38 -1077.267283190      898.317929     -1975.58521     -4.126360503268
    39 -1077.261218282      898.349934     -1975.61115     -4.133439240337
    40 -1077.258608144      898.360755     -1975.61936     -4.137455547329
    41 -1077.255586182      898.342438     -1975.59802     -4.141784347411
    42 -1077.263053817      898.246858     -1975.50991     -4.134858589492
    43 -1077.260801264      898.269795     -1975.53060     -4.138355854419
    44 -1077.248752237      898.312122     -1975.56087     -4.150515905636
    45 -1077.254022958      898.285470     -1975.53949     -4.145499100867
    46 -1077.262205855      898.245397     -1975.50760     -4.137329549950
    47 -1077.258873982      898.266480     -1975.52535     -4.140958048812
    48 -1077.257539339      898.274591     -1975.53213     -4.142441879706
    49 -1077.257493765      898.277827     -1975.53532     -4.142666956146
    50 -1077.256689394      898.283817     -1975.54051     -4.143825522630
    51 -1077.257216305      898.280087     -1975.53730     -4.143595468864
    52 -1077.259022199      898.272323     -1975.53135     -4.141982783317
    53 -1077.257677553      898.274880     -1975.53256     -4.143410144194
    54 -1077.259651354      898.267138     -1975.52679     -4.141434811506
    55 -1077.260617629      898.267974     -1975.52859     -4.140517035358
    56 -1077.259710927      898.270685     -1975.53040     -4.141433175675
    57 -1077.259795886      898.270744     -1975.53054     -4.141349632721
    58 -1077.259963316      898.270644     -1975.53061     -4.141182655439
    59 -1077.259998919      898.270359     -1975.53036     -4.141147491415
    60 -1077.260000123      898.270387     -1975.53039     -4.141146951899
    61 -1077.259999695      898.270438     -1975.53044     -4.141147337876
    62 -1077.260004097      898.270503     -1975.53051     -4.141142318274
    63 -1077.260001124      898.270547     -1975.53055     -4.141145308383
    64 -1077.260002174      898.270520     -1975.53052     -4.141144250556
$end
