$hessapprox internal
  0.252514884243D+00 -0.294000290762D-01  0.242980190438D+00  0.549897980026D-01
 -0.674233330642D-01  0.177065019710D+00 -0.453605348926D-02  0.149610219930D-01
  0.745089900060D-03  0.877117763288D+00  0.221139261840D-01 -0.105884517557D-01
 -0.722527579039D-02 -0.315715540019D-01  0.197412151342D+00  0.191421404966D-02
 -0.237730536510D-02  0.937516071428D-03 -0.939058890588D-03  0.991438215431D-02
  0.261990762785D-02  0.756244548863D-02 -0.208141456367D-01  0.861373332023D-02
 -0.667506969836D-02  0.230052144547D-01  0.115191309382D-01  0.899947007674D-01
 -0.364995886975D-03  0.239818177279D-03 -0.133508597534D-02  0.956524301416D-02
  0.190160975780D-03 -0.285548540383D-04 -0.167578707680D-03  0.327052366858D-01
 -0.883200451805D-05  0.242683129658D-02  0.155126612885D-03 -0.255040495408D-02
  0.177603878600D-03 -0.143401494765D-03 -0.717325365475D-03 -0.290132072675D-04
  0.517242225300D+00 -0.975291267292D-03  0.284381735912D-02  0.515274854051D-03
  0.901600743340D-03  0.248427609356D-03 -0.157944103297D-03 -0.737527543830D-03
  0.272992812265D-03 -0.444572874377D-04  0.515501572191D+00 -0.866111015690D-02
  0.387904422876D-03  0.299199604783D-02 -0.127419784013D-04  0.361439412204D-03
  0.484698373942D-03  0.272517453223D-02 -0.264470918592D-04  0.258372376679D-04
 -0.499729975527D-04  0.347940867916D+00 -0.457131595078D-02 -0.151873496757D-01
  0.405265789561D-02  0.154214047381D-02 -0.617395243080D-03  0.265846377774D-03
  0.265829989045D-02 -0.166488613284D-03  0.277106027127D-03 -0.374691961340D-03
 -0.557126949249D-03  0.380373982892D+00  0.197949618165D-02  0.145034021624D-02
 -0.131307747540D-02 -0.118915121786D-01  0.117137480757D-02 -0.308261944467D-03
 -0.177059383488D-02  0.335170710925D-03  0.909944790108D-04  0.269385581563D-03
  0.422274417453D-03 -0.111764460961D-03  0.478823458821D-01 -0.242571712148D-03
  0.189419601057D-02  0.177048306581D-04  0.615933061563D-03  0.168811254615D-03
 -0.679376855983D-04 -0.277654725130D-03  0.101160531602D-03 -0.104571341808D-03
  0.617220401074D-05  0.395427079319D-04  0.159682951578D-03 -0.801221680043D-05
  0.446326804835D+00 -0.272089981916D-02 -0.166996556180D-01  0.154732978149D-02
  0.152381786947D-02 -0.993540120401D-03  0.103282466700D-02  0.562351967439D-02
 -0.178574010652D-04  0.280154829597D-03 -0.159347672658D-03 -0.892465834569D-03
 -0.313473824218D-02  0.597870385711D-03  0.248547668902D-03  0.368561903779D+00
  0.304807092466D-02 -0.257777041786D-02  0.706401298341D-02 -0.639775175358D-02
 -0.109594194133D-03  0.122287889935D-02  0.673091381814D-02 -0.149683971974D-02
  0.112190915151D-03 -0.551323821678D-03  0.295289047407D-04  0.173748765982D-02
  0.953934462313D-03 -0.193371083137D-03  0.484179699174D-03  0.965628904721D-01
  0.799838386188D-03  0.240232235485D-03  0.588737914000D-03  0.908998103148D-03
 -0.227747449628D-03  0.463763305256D-03 -0.935564326685D-03  0.667053181937D-04
  0.804729872028D-04  0.758795034025D-04  0.510119202780D-04 -0.131661280026D-03
  0.281685982280D-05  0.563904229652D-04  0.175541076994D-04  0.215355520829D-03
  0.443931799010D+00  0.394626074687D-03 -0.103931915791D-01  0.558574472831D-02
  0.776394519395D-02  0.355034298511D-03 -0.248734780578D-02 -0.192686567670D-02
 -0.182427146090D-04  0.349323469277D-03 -0.157112841377D-03  0.102738872280D-02
 -0.659561091810D-02 -0.225976619827D-02 -0.634052886630D-05 -0.911666789336D-03
  0.266122765005D-02 -0.898760359719D-03  0.353924647369D+00  0.152943756205D-03
  0.190079100381D-03  0.548074897682D-02  0.293209980944D-01 -0.776872481986D-03
  0.214179762421D-03  0.963252643547D-03  0.429437919042D-04  0.320563996895D-04
  0.295611794496D-03  0.330568253669D-03  0.116055297451D-02 -0.316012355431D-02
  0.393506196017D-03  0.108302558881D-02  0.303450755856D-01 -0.254778235442D-04
  0.447798586058D-03  0.101628332670D+00  0.742187669671D-02  0.538847671656D-02
  0.539216737485D-02 -0.108942320692D-01 -0.280290290176D-03  0.402344081113D-02
  0.820876787529D-02  0.170432809517D-03 -0.304987775119D-03  0.116323959886D-03
  0.127714019546D-02  0.224234508610D-02 -0.424820918687D-03 -0.329314557478D-03
  0.301849311090D-02 -0.163642443831D-04  0.118576506984D-03 -0.307560391690D-02
 -0.160982333309D-02  0.501213934657D+00  0.546124219110D-01  0.326465243509D-02
  0.869844991028D-02  0.608636238454D-02  0.157320301865D-02 -0.337109013053D-02
 -0.201384274463D-01 -0.166427946896D-03  0.503841566107D-03 -0.175417871012D-04
 -0.397192686429D-02 -0.367147740172D-02  0.361499818346D-02  0.381754867649D-03
 -0.913751939457D-02 -0.173811400029D-02 -0.966476384485D-03  0.591180954360D-02
 -0.214846592830D-02 -0.113336164139D-02  0.216260702792D+00 -0.378136441341D-02
 -0.421246989673D-03  0.750281866103D-03  0.123362073449D-01  0.159341806078D-02
 -0.561537573238D-03 -0.483726400025D-03 -0.994671939261D-03  0.731073682270D-04
 -0.553324173995D-03 -0.701736347376D-03 -0.209873693161D-03 -0.312335273223D-03
  0.294486547129D-03 -0.159706132320D-02 -0.385339403721D-02 -0.503305312571D-03
  0.427763062235D-02 -0.107160808756D-01  0.256187121094D-02  0.297510851377D-03
  0.914932298273D-01 -0.213933518645D-01 -0.126021133987D-01  0.156306612200D-01
  0.289004511449D-01  0.331157068279D-02 -0.517222948882D-03 -0.373230550419D-02
  0.968946971424D-03 -0.343570766371D-04 -0.622574325364D-03 -0.137024533962D-02
 -0.422405202116D-02 -0.362306211542D-03  0.268386811379D-03 -0.183357063598D-02
 -0.431161722914D-03 -0.295531176199D-03 -0.480273775986D-02  0.314974556044D-02
  0.198771854221D-02  0.195861602083D-02  0.123692006639D-02  0.842898088119D+00
  0.292621135552D-01  0.170344317055D-01  0.965105268828D-02  0.100500731505D-01
  0.646607294969D-02 -0.729083864501D-04 -0.201139586653D-02 -0.666587848112D-04
 -0.749282499883D-03 -0.156792209408D-02 -0.204105878229D-03  0.141055951699D-02
 -0.274288598360D-03  0.898414065853D-04  0.263016776837D-03  0.178565838230D-02
 -0.864012731003D-03  0.345322390341D-02  0.284385655043D-03 -0.458134369274D-02
  0.723472911298D-02  0.632501051331D-02  0.182217258855D-01  0.608170020707D+00
 -0.101294552981D-01  0.646386621291D-02 -0.151376374491D-01  0.845097219397D-02
  0.344472969611D-02 -0.182895840656D-02 -0.107222093793D-01  0.388872265242D-02
 -0.293864567867D-03  0.218513663822D-02 -0.120077030911D-03  0.144488617817D-03
  0.278105211819D-02  0.606562830768D-03  0.950984884715D-03 -0.714724916511D-02
 -0.537752404388D-04  0.310217791345D-03  0.116667100315D-01  0.796405820411D-03
 -0.683191371110D-03 -0.354500317503D-02  0.391860048686D-02  0.500789904424D-02
  0.278492374296D+00 -0.765562297662D-03 -0.206179293737D-02 -0.178032569768D-02
  0.133755108040D-01  0.189710494493D-03 -0.127859312602D-03 -0.792501144411D-03
  0.780254582906D-03  0.329731657005D-04  0.305448544014D-03  0.517144613953D-04
 -0.950121756012D-04  0.113157313901D-03  0.175748998836D-03 -0.227899296737D-04
 -0.574836482972D-03  0.190568294658D-04  0.415725665845D-03  0.262282681084D-02
  0.994081202872D-04  0.435867668329D-03 -0.946234308976D-03  0.116059062995D-02
 -0.166475739459D-02  0.429263772698D-02  0.348164381310D-01  0.797592633186D-04
  0.982727892987D-03 -0.267226433189D-03 -0.842502364342D-02  0.667792014356D-03
 -0.100094699269D-03 -0.573428736683D-03  0.122825858401D-03 -0.715829030173D-04
  0.232124339262D-04  0.135825655538D-04  0.448983899484D-03  0.469107753303D-03
 -0.534189998566D-04  0.262742851180D-03 -0.569253197795D-03  0.101366562217D-03
  0.105447319348D-02 -0.970780660913D-03 -0.229859063803D-03  0.957911244476D-03
 -0.897529779682D-03  0.879330262861D-04 -0.134287014457D-03  0.954850198632D-03
  0.329931292751D-05  0.517549027187D+00  0.181469706768D-02 -0.167546096387D-02
 -0.761968519912D-03  0.193663571552D-02  0.283012375516D-03  0.185273048341D-03
  0.143028308169D-02  0.204102700303D-03  0.911587027402D-04 -0.490843433489D-04
  0.120563465509D-04 -0.501924242474D-03  0.229929733966D-03  0.102751171682D-03
 -0.480300486706D-03 -0.649885436915D-03 -0.901125345596D-04  0.158429198452D-03
 -0.121326927537D-02 -0.140692363507D-03 -0.143573586670D-02 -0.816409496507D-03
 -0.342257401504D-03  0.100701589351D-02  0.222970697761D-02  0.350170430556D-04
  0.284387175935D-04  0.510511572736D+00  0.592391694801D-02  0.584927964459D-02
  0.411283651902D-02  0.695756841458D-02 -0.291586432706D-03  0.362390058259D-03
  0.645065673993D-02 -0.192140475179D-04  0.158627595837D-03 -0.187439284830D-03
 -0.349428659188D-03 -0.430864176610D-02 -0.722142230840D-03 -0.629718562259D-04
 -0.177777853172D-02  0.187898502595D-02 -0.547641577118D-03 -0.980008397530D-02
  0.115580435494D-02 -0.801384492556D-03 -0.144492102580D-01  0.109794417515D-02
 -0.191488524777D-02  0.680933101024D-02 -0.490086379597D-03  0.704880069720D-03
  0.896583804236D-03  0.945060078319D-03  0.340709436151D+00  0.370818203717D-02
 -0.823650335544D-02  0.113423080658D-01  0.176773810210D-01 -0.119227349985D-02
  0.355491227592D-03  0.117573693584D-01 -0.998321141962D-04  0.476475806355D-03
 -0.641397339157D-03 -0.468983815699D-03 -0.126224391371D-01 -0.213865016435D-02
 -0.703839656692D-04 -0.505938445417D-02  0.549592434700D-02 -0.108621554621D-02
 -0.269103901743D-01  0.344992114604D-02 -0.211343404207D-03 -0.177471318469D-01
  0.270742642858D-02 -0.723109120033D-02  0.106664409782D-01 -0.146940106313D-02
  0.129619620139D-02  0.199534850785D-02  0.117334741577D-02 -0.191168779577D-01
  0.338591022441D+00  0.238882091485D-02 -0.142271445427D-02  0.923536235109D-03
 -0.636813185959D-02  0.348507814631D-03 -0.169290821313D-03 -0.825627761959D-03
 -0.679652990793D-04  0.213890201801D-04 -0.171837253120D-04  0.772535317567D-04
 -0.190768255327D-03  0.217494914762D-04 -0.172695795225D-04  0.268187289719D-04
 -0.113530113141D-02  0.205328014416D-04 -0.109777271818D-02 -0.121349402520D-02
  0.138375807704D-03 -0.831511320193D-03  0.159060795059D-02  0.350145197058D-03
  0.281653128738D-02 -0.425288675342D-03 -0.129341705323D-03  0.110640416187D-03
  0.151288202748D-03 -0.785646771954D-03 -0.184286635371D-02  0.475064791319D-01
  0.135241344104D-03  0.731953544753D-03 -0.365059238500D-03 -0.872763018631D-02
  0.486431733763D-03  0.288957309807D-04  0.979889503349D-04 -0.806244615538D-04
  0.327682437754D-04  0.244627257832D-04  0.300546781443D-04  0.172518571744D-03
  0.180692782082D-03 -0.113450793573D-04  0.127774654892D-03  0.816196043468D-04
 -0.280442135433D-04 -0.965582903824D-04 -0.835117894346D-03  0.117310820433D-04
  0.123993818611D-03 -0.461249271734D-03 -0.221752665465D-03  0.338291061352D-03
 -0.796296132836D-03 -0.167437462888D-03  0.152111123110D-03  0.952825645248D-04
 -0.268987182865D-04 -0.157133074768D-04  0.554733822818D-04  0.446955888363D+00
 -0.150233648582D-01 -0.218388190486D-01  0.109909844124D-01  0.596209063214D-02
 -0.178920288597D-03  0.444931611764D-03  0.841917862577D-02 -0.171808713744D-03
  0.385868515605D-03 -0.516098682302D-03 -0.192684202993D-02 -0.799685597088D-02
  0.345873338897D-03  0.137443385356D-03 -0.560599582602D-02  0.244815283015D-02
 -0.291630062071D-03 -0.942809593496D-02  0.165244846780D-02  0.331334771132D-02
 -0.235068048760D-01 -0.103634629414D-02 -0.664588776431D-02  0.627221400528D-03
 -0.987928699761D-03  0.395359755197D-03  0.851693831319D-03 -0.117550235316D-03
 -0.905986839176D-02 -0.225979560130D-01 -0.679060031426D-03  0.164737742185D-03
  0.355822792782D+00  0.118299571136D-02 -0.143304605426D-02 -0.268859479727D-02
 -0.109215398073D-01 -0.202405345855D-02  0.565275788889D-03  0.277466425936D-02
 -0.129629467542D-02 -0.111252656907D-03 -0.765586117720D-03 -0.284198474118D-03
  0.420658841701D-03  0.233352130349D-03 -0.206709172231D-03 -0.724985834644D-03
  0.134023013798D-02  0.324514874593D-03  0.228950536398D-02 -0.695737924815D-02
  0.125672215675D-02 -0.532975453543D-03 -0.371889967904D-02 -0.131889141277D-02
  0.416540893195D-02 -0.125827156627D-01 -0.250591565001D-02 -0.215008463167D-03
  0.781384266612D-03  0.119252312552D-02  0.218290966449D-02  0.115128758467D-02
  0.478831050175D-03  0.159911957339D-03  0.996388738158D-01  0.321746741030D-04
  0.707561041407D-04 -0.110701208972D-02  0.841606519487D-02  0.210925713945D-04
 -0.833033280324D-04 -0.345129761035D-03  0.294276517377D-03  0.879572458095D-05
  0.172843794160D-03  0.149172044750D-03  0.133954451455D-03 -0.324461181000D-03
  0.578919420217D-04  0.332768189451D-03 -0.546440881645D-03 -0.133689860334D-03
 -0.705450915974D-03  0.757046275267D-03 -0.695689612981D-03  0.229210794505D-03
  0.607669940989D-03  0.788219487128D-03  0.795099507021D-05  0.166260909388D-02
  0.385206260876D-03  0.230650435643D-04  0.188555455606D-03 -0.198325243523D-03
 -0.417266168259D-03 -0.131359767612D-03 -0.166918261554D-03  0.250533763644D-03
 -0.647826854529D-03  0.444552106502D+00 -0.655376028324D-02 -0.182524621026D-01
  0.901482280897D-02  0.775351669057D-02 -0.789918419281D-03  0.410856384929D-03
  0.777156252625D-02 -0.232495604053D-03  0.426858930430D-03 -0.620868792142D-03
 -0.118549244267D-02 -0.877711430212D-02 -0.416731035894D-03  0.165228985472D-03
 -0.521981431217D-02  0.318470802220D-02 -0.424123639168D-03 -0.127859115387D-01
  0.211903868910D-02  0.304559148507D-02 -0.147486686826D-01 -0.688175069224D-04
 -0.639435204697D-02  0.413706975882D-02 -0.770444417971D-03  0.287081053871D-03
  0.982578402801D-03 -0.158972755340D-03 -0.985891438882D-02 -0.258917990779D-01
 -0.760873418205D-03  0.166257282355D-03 -0.155452098711D-01  0.607972432041D-03
  0.149960920102D-03  0.356729162276D+00 -0.121537328715D-01  0.580833194704D-02
 -0.718612036875D-02  0.301818196687D-01 -0.439710949400D-03 -0.444300875054D-03
 -0.296460610987D-02  0.692892415426D-03 -0.451293558161D-04  0.426242283216D-03
 -0.636061981943D-03 -0.107986279859D-02 -0.105860516571D-02  0.276847909218D-03
 -0.568199896421D-03 -0.102683975339D-02 -0.398419154142D-03 -0.102228356262D-02
  0.862874842928D-02 -0.172179754938D-03 -0.167707542996D-02  0.480678760428D-02
 -0.910919992269D-03 -0.642646043073D-03  0.365067236409D-02  0.162847508430D-02
 -0.137524306110D-03  0.111688175240D-02 -0.406437374582D-03 -0.230908848896D-02
 -0.245318196246D-02 -0.517802401048D-03 -0.262698505562D-02  0.281982522605D-01
  0.749519739597D-03 -0.207234542069D-02  0.983139816052D-01  0.163136076621D-02
  0.162546087905D-02 -0.130410154104D-02  0.162147204625D-03  0.255114558768D-03
 -0.593238015946D-04 -0.300452881674D-03  0.229307518008D-03 -0.143956297356D-03
  0.570974256857D-04  0.119381464223D-03  0.404513259480D-03  0.940768320936D-04
 -0.893675841002D-04  0.504201725091D-03 -0.128498601634D-03  0.342952370012D-04
  0.605057947416D-04 -0.687530628877D-04 -0.589580153716D-03  0.556015760786D-03
 -0.120007464457D-03  0.832983194911D-03  0.896889973212D-03  0.100183263941D-02
  0.289955434841D-03  0.329382086572D-04  0.376997460129D-03  0.111868645557D-03
  0.337744281953D-03 -0.958956171242D-04  0.153717427705D-04  0.584365641068D-03
 -0.256382766380D-03  0.574115175537D-04  0.603218072292D-03  0.211570173336D-03
  0.506148079785D+00 -0.606367925600D-02  0.941660562085D-02 -0.578035032611D-02
 -0.119172718900D-01  0.798777361481D-03  0.291885565028D-03 -0.375816677762D-02
  0.105560293111D-03 -0.347455831570D-03  0.329466711223D-03  0.468451169316D-03
  0.623939117779D-02  0.800178838504D-03 -0.132588314856D-03  0.342386959331D-02
 -0.206515398001D-02  0.621075168753D-03  0.112588981309D-01 -0.128244008274D-02
 -0.345029868538D-03  0.176020189395D-01 -0.139811241925D-02  0.298340614587D-02
 -0.870651014373D-02  0.401591468124D-03 -0.377186418739D-03 -0.860712578893D-03
 -0.790669419532D-04  0.877172073082D-02  0.217129451178D-01  0.854032507789D-03
  0.219794616923D-04  0.118117798879D-01 -0.876164045311D-03  0.857900110103D-04
  0.126264767929D-01  0.826854444700D-03 -0.372086555181D-03  0.364453151809D+00
 -0.131809192271D-02 -0.283515686701D-04  0.296710039323D-02  0.113581711390D-01
 -0.167496372327D-02  0.479920554088D-03  0.255153472461D-02 -0.897841719611D-03
 -0.168135096061D-03 -0.466209459255D-03 -0.197513397348D-03  0.101324541482D-02
 -0.627889919882D-03 -0.168888330978D-03 -0.845670326037D-04  0.387901972041D-02
 -0.402555886459D-04  0.239050627350D-02  0.957045875277D-03  0.929662246232D-03
 -0.126176765683D-02 -0.121650607383D-03 -0.363976998468D-03  0.467517369114D-03
  0.199890465799D-01 -0.972865830644D-03 -0.554223639429D-03  0.459412173303D-03
  0.662111430620D-03  0.271035340383D-02  0.144139944219D-02 -0.168588598656D-03
  0.120972916906D-02 -0.550167467045D-02  0.118506168165D-03  0.171868240236D-02
 -0.222607930936D-01 -0.224321502959D-03 -0.136621726700D-02  0.794731443875D-01
 -0.286853203973D-02 -0.351303655240D-01 -0.221769184182D-01  0.270581445437D-01
 -0.388022580553D-02  0.995177207409D-03  0.123332599817D-01  0.179415630546D-03
  0.654655657972D-03  0.108326483966D-02  0.119155972293D-02  0.285005177274D-02
 -0.366306610294D-03  0.436757734204D-03 -0.283137970258D-03 -0.361433936631D-02
  0.352146691010D-03  0.610948679601D-02 -0.194850053142D-02 -0.319611245370D-02
  0.728550726319D-03  0.127955960396D-02  0.525353893716D-02 -0.152935350668D-01
  0.337326040435D-03 -0.596266938703D-03 -0.760620201947D-03 -0.789077717675D-03
  0.610248895165D-02  0.139254352912D-01  0.395738425902D-03 -0.581015281542D-03
  0.631978292623D-02 -0.291448885902D-02 -0.239647734321D-03  0.700801342441D-02
  0.141923203928D-02  0.158212614317D-03 -0.510431740212D-02  0.112565233589D-02
  0.861570535230D+00 -0.308572822216D-01  0.113695170926D+00 -0.247329681927D-01
 -0.732070639947D-02  0.548645425831D-03 -0.565082832543D-02 -0.496578440411D-01
  0.125145439398D-02  0.867885938937D-03  0.299029423239D-02 -0.389718791279D-02
 -0.101410222458D-02  0.361827462154D-02  0.101143984798D-02 -0.706569177020D-02
 -0.919609042140D-02 -0.229897426221D-03  0.552402148727D-02  0.258309814448D-02
 -0.122209510844D-02 -0.534915651437D-01 -0.277208015153D-03 -0.231171305812D-01
  0.196014416143D-01  0.999113351194D-02  0.183123539874D-02  0.853264891700D-03
  0.116798010912D-02 -0.564179732122D-02 -0.765094144020D-02 -0.258069858055D-02
  0.390694505417D-03 -0.167898685389D-01 -0.782164430571D-02  0.614679234177D-03
 -0.848343245128D-02  0.915635473380D-02  0.397748579638D-04  0.591928943971D-02
 -0.103411640756D-01  0.340779798175D-01  0.666725347598D+00 -0.886428722992D-02
  0.126273372536D-01 -0.110522974055D-02  0.184873614125D-01  0.482451284390D-02
 -0.920071591802D-03 -0.395596081299D-02  0.285406621948D-02 -0.188937561224D-03
  0.167397901522D-02  0.510750752060D-04  0.139894084713D-02  0.172204715903D-02
  0.358695250654D-03  0.130444030253D-02 -0.675564839612D-02  0.681252191326D-03
  0.205025378966D-02 -0.546005877541D-02 -0.981250763540D-03 -0.314347334518D-02
  0.198704644601D-01  0.520035782381D-02 -0.202871302507D-02  0.414968795049D-01
  0.151244117149D-02  0.331573185730D-03 -0.285390072612D-03 -0.195772826935D-03
  0.196751510876D-02  0.217463607974D-02 -0.714264143241D-03  0.624556011779D-03
 -0.705064599683D-02  0.954797338295D-03  0.135123180753D-02  0.518669141009D-02
  0.804455362928D-03 -0.875684914236D-03 -0.847643539410D-02 -0.234063620283D-02
  0.212670211288D-01  0.276206145509D+00  0.168352537071D-03 -0.674659980243D-02
  0.308005982551D-02  0.280185753546D-01 -0.570294364398D-03  0.714475261282D-03
  0.396834690599D-02  0.623720974582D-03  0.765471572590D-05  0.269601242512D-03
  0.147434308709D-03  0.949138583912D-03 -0.850274591072D-03  0.485955137207D-04
  0.112020082072D-02 -0.146076793036D-02 -0.335031694688D-03 -0.105775127729D-02
  0.263932385205D-03 -0.259177909737D-02 -0.204487335139D-02  0.195296467600D-02
  0.415013871099D-02  0.436575427385D-02  0.169972949388D-02  0.995560045562D-03
 -0.876708171702D-04  0.511734877391D-03 -0.424850589196D-03  0.741750358143D-04
 -0.467459178728D-03 -0.552227396069D-03  0.806073587101D-03 -0.102496285552D-02
  0.585164869462D-04  0.114140228194D-02  0.104608586209D-02  0.650051396642D-04
 -0.175454185687D-03  0.511026581608D-03 -0.141020362148D-02 -0.175617540608D-01
  0.393073474743D-03  0.725346648314D+00  0.186606293509D-01 -0.205509697052D-01
 -0.321160300973D-02  0.371975167056D-02 -0.170256508353D-02 -0.501081368911D-03
 -0.631334731578D-02 -0.314707192554D-03  0.364124249962D-03 -0.151593261357D-03
  0.990058794844D-03 -0.190066621914D-02 -0.908768822205D-03  0.236262803951D-03
 -0.867003684788D-03  0.101195900730D-02 -0.281706735319D-03 -0.438551590552D-02
 -0.310531458697D-04 -0.760718920673D-03 -0.176022971629D-02  0.203657928094D-02
  0.401698808438D-03  0.127012891511D-02 -0.155244655934D-03 -0.633331360291D-03
  0.705297886667D-04 -0.110363041632D-02 -0.964146032987D-03 -0.396869086613D-02
  0.181114273620D-04 -0.240204737535D-04 -0.914827008570D-03  0.129407175146D-02
 -0.302602660047D-03 -0.233432912773D-02  0.306401999790D-03  0.134828854411D-03
  0.252548488831D-02  0.148086252477D-02 -0.280671617205D-02  0.347861121727D-03
  0.248431172877D-03  0.471572922193D-03  0.435298852294D+00  0.636787938371D-02
  0.473630332554D-02 -0.877013995731D-02 -0.102895230478D+00  0.902975434482D-02
 -0.303127662826D-03 -0.291841174826D-02  0.269902855664D-02  0.488270306965D-03
  0.165240409915D-02  0.474127205449D-03  0.194777583884D-03  0.103575963159D-01
 -0.389938539576D-04  0.642648306546D-03  0.156079275533D-01  0.931260187255D-03
 -0.848979405481D-03 -0.239717384983D-01  0.320486069539D-02  0.379320022569D-02
 -0.961389539397D-02 -0.321114615011D-02 -0.469006962272D-02  0.171626602012D-01
  0.632129223815D-03  0.315459353897D-02  0.177788856290D-02  0.197465571162D-03
 -0.512889098747D-03  0.933986621705D-03  0.207724203557D-02  0.138266886997D-02
 -0.839357392766D-04 -0.119456324056D-02 -0.237672847787D-03 -0.105793613069D-01
  0.151272857861D-02  0.160551467922D-02 -0.653309063792D-02 -0.583651660604D-02
  0.868626555886D-02  0.389931536258D-02 -0.395608922727D-02 -0.334465652347D-02
  0.198146674304D+00  0.500048803898D-02  0.742972775345D-02 -0.204366346214D-02
 -0.260159802009D-01  0.198131936972D-02 -0.183661452113D-03  0.103660636233D-02
  0.289490607317D-03 -0.211966608522D-03  0.530969508673D-03  0.779644555027D-03
  0.782179822090D-03 -0.264380941829D-03 -0.432592534253D-03  0.257941070219D-02
  0.842842811307D-03 -0.240470975178D-03 -0.638950723603D-02 -0.123483503148D-03
 -0.287687365148D-02 -0.220297006054D-02  0.955326147260D-03  0.985651330026D-03
 -0.595189179347D-02 -0.156527797019D-02  0.973807876094D-03  0.930335485034D-03
  0.152924033517D-02 -0.497035075841D-02 -0.958765148139D-02 -0.541012541542D-03
  0.103558233174D-03 -0.297558565885D-03 -0.940616980285D-03 -0.923570777812D-03
 -0.122043267475D-02 -0.292013694935D-02 -0.735606488268D-03  0.338586505820D-02
 -0.788682393405D-03  0.182887754629D-02 -0.610314407544D-02  0.478469856745D-03
 -0.273161395619D-02  0.229676231328D-03  0.817112665081D-02  0.737836598376D+00
 -0.193074625626D-01 -0.143086918280D-02  0.723357639088D-02 -0.793871080199D-02
  0.145159557505D-02  0.381112669598D-04 -0.151795877750D-02  0.501938035169D-04
  0.136762298437D-03  0.189896905977D-04 -0.123597929982D-02  0.894451314817D-03
  0.128106974725D-02  0.228274444895D-03 -0.104886194755D-02 -0.199998200645D-02
  0.150723055101D-03  0.622302127550D-02 -0.151398999167D-02  0.126423341070D-02
 -0.692897351374D-02 -0.165368654426D-02 -0.269861638795D-02 -0.885066244745D-02
  0.104163132762D-02 -0.390049691208D-03 -0.402086676053D-03 -0.127361074001D-02
  0.273237130244D-02  0.803875113431D-02  0.393429582476D-03  0.110929443420D-03
  0.157426143722D-03 -0.123686269260D-02  0.325636755001D-03  0.214011504396D-02
 -0.119792625282D-02  0.416235940127D-03 -0.238228151476D-02 -0.544247606396D-03
 -0.110155850549D-02 -0.445909446369D-02 -0.406420869638D-03 -0.407866242628D-03
  0.143667271525D-02  0.174018803253D-02  0.548043497571D-02  0.435340553754D+00
  0.125545857768D-01 -0.336760345519D-02 -0.167868222174D-02 -0.101785578895D+00
  0.658907225435D-02 -0.262025394952D-03 -0.433386035060D-02  0.123472119248D-03
  0.394273152976D-03  0.674970642473D-04  0.515982882383D-03 -0.111115130922D-02
  0.244495353006D-02  0.129545597029D-03 -0.210430563458D-04 -0.730918897126D-03
  0.338463601083D-03 -0.296160407104D-02  0.130275890964D-02  0.468327696055D-02
  0.726552209062D-02 -0.215269404156D-02 -0.104771376078D-02  0.364000938238D-02
 -0.302511342964D-02 -0.149886236554D-03  0.160478566593D-02  0.162764714738D-02
 -0.125547529972D-03 -0.345731960627D-02  0.900332831184D-02  0.154022360686D-02
 -0.412079489026D-03  0.121231772340D-01 -0.571068688278D-03 -0.229539998115D-02
 -0.126425405608D-01  0.302107047654D-03  0.262469138374D-02  0.587002200847D-02
 -0.296856453629D-03 -0.633477422577D-02 -0.390057497037D-02 -0.204525480924D-02
 -0.146876173960D-02  0.235608242195D-01  0.682652897649D-02  0.101846006036D-02
  0.181671757435D+00 -0.930610613226D-02  0.316541660650D-01 -0.124380445580D-01
  0.665901946459D-02  0.132084282827D-02  0.120500194920D-03  0.715300613205D-02
  0.463867775417D-03 -0.600232468851D-03  0.648720221006D-03 -0.613976399913D-03
  0.574927338285D-02  0.396220283654D-03 -0.382709543666D-03  0.257966829801D-02
 -0.132326941115D-02  0.211005098471D-03  0.910011452927D-02  0.125909319372D-02
 -0.176128355397D-02 -0.906432764342D-02  0.432063976865D-03  0.405150316742D-02
 -0.234796878526D-03 -0.306788892295D-02  0.118700383295D-02 -0.323857454737D-03
  0.295826884539D-02  0.272225321386D-02  0.109355204925D-01 -0.520203553724D-03
 -0.216697795460D-03  0.516178532456D-02 -0.142511821675D-02  0.226403086962D-03
  0.813517158799D-02  0.149414726733D-02 -0.646531708390D-03 -0.585349522389D-02
 -0.132723806990D-02  0.133952990897D-02  0.176221966528D-01 -0.204581848690D-02
 -0.247081307820D-02  0.482209470799D-02 -0.932609386384D-03 -0.526875662956D-02
 -0.566481074824D-03  0.232333350186D-02  0.647864950585D+00  0.166668618223D-01
 -0.131277047940D-01  0.357658864959D-02 -0.610412728064D-03  0.368539688171D-03
 -0.171732961050D-02 -0.155619236966D-01  0.429980821335D-03 -0.360439157280D-03
 -0.454288242885D-03  0.147227225371D-02 -0.361686954565D-02 -0.100456987423D-02
 -0.275757851274D-03  0.571689270762D-03  0.122272447814D-02 -0.132870067905D-03
 -0.107246102053D-01  0.326903701563D-03 -0.344188244076D-02  0.706324377689D-02
  0.217255978648D-02 -0.203947305521D-02 -0.422607075848D-03  0.510693992869D-02
  0.370161350305D-03  0.197726521367D-03 -0.798666200929D-03 -0.351155266190D-02
 -0.118144071393D-01 -0.305015102584D-03  0.261605446899D-03 -0.259177353890D-02
  0.118668944726D-02  0.366058159191D-04 -0.540708055742D-02  0.707442977286D-03
 -0.211408995770D-03  0.481806588230D-02  0.174512697444D-02  0.325552188295D-02
 -0.213026750715D-02  0.395638846042D-02  0.172404341629D-02 -0.469358575896D-02
  0.227004361676D-02 -0.162380942671D-02  0.422809510690D-02 -0.133873727220D-02
  0.600673007335D-02  0.535772500756D+00 -0.391655109911D-02 -0.224713206979D-01
  0.101085138257D-01  0.295143453691D-01 -0.755793741134D-03  0.203205878873D-02
  0.127339465530D-01  0.516385825887D-03 -0.133894518744D-03 -0.127850363284D-04
 -0.497883355946D-03  0.218871509107D-02 -0.461175328462D-03  0.150430421015D-04
  0.144547769769D-02 -0.140432331869D-02 -0.168256252366D-03  0.395747506131D-02
  0.142879017834D-02 -0.397909022828D-03 -0.280643243925D-02  0.370589349404D-04
  0.705494903568D-02 -0.223512008206D-02  0.225906421890D-02  0.923717985956D-03
 -0.397246446958D-03  0.668666513989D-04  0.186926806148D-02  0.671382317994D-02
  0.224828735941D-03 -0.692337380242D-03  0.310744107257D-02 -0.574657903488D-03
  0.276310186350D-03  0.399297931846D-02  0.600210990376D-03  0.153045650421D-03
 -0.278115151584D-02  0.386817442099D-03 -0.612876532493D-02 -0.638516153648D-01
 -0.263762842148D-02  0.338959088232D-02  0.266258578828D-02 -0.577301644240D-02
  0.175209734430D-03 -0.281894071912D-02  0.115586977656D-04 -0.998368068011D-02
  0.757418815730D-02  0.719759657734D+00  0.184339719142D-02 -0.185829489429D-01
 -0.195048244832D-02 -0.166414982180D-01  0.155834244626D-02 -0.333523342759D-02
 -0.955096469329D-02 -0.257997949033D-04 -0.721533027030D-04 -0.254941737903D-03
  0.131715342342D-02 -0.672122054570D-03 -0.448210089660D-03 -0.298865719094D-03
  0.187418932387D-02  0.207806472207D-03  0.134767392220D-03 -0.547468026617D-02
 -0.405345959089D-02  0.331691240798D-03  0.279534836094D-01 -0.220207838395D-02
  0.130800011892D-02 -0.144231073831D-02 -0.193529623893D-02 -0.252274286436D-03
  0.499676399304D-03  0.437520971140D-03  0.564998650233D-03 -0.272623664626D-02
 -0.384971747351D-04  0.230045310347D-03  0.285039838420D-02  0.238628525505D-02
 -0.504263349574D-03 -0.586082781413D-04 -0.152650518171D-02 -0.112256477321D-03
 -0.923782323068D-04  0.530056739037D-03 -0.234326802073D-02 -0.126597315852D-01
 -0.368731518963D-02  0.143809512222D-02 -0.749337076053D-03  0.651568295549D-02
  0.184569569861D-03  0.372117925387D-02  0.218496164435D-02 -0.165873242143D-03
 -0.223010118498D-02  0.793301645496D-02  0.599410329781D+00 -0.163165851408D-01
  0.871484784963D-02  0.398006424545D-02 -0.143906241113D-01  0.249989926147D-02
 -0.232071008615D-02 -0.813048496486D-02 -0.500800371179D-04  0.458995051550D-03
 -0.190499935260D-03 -0.315618509494D-02 -0.351257806691D-02  0.268548801043D-02
  0.767513593504D-03 -0.611384976185D-02 -0.176805878692D-02  0.125060796965D-03
  0.784747251845D-02  0.178921263852D-02  0.117949645513D-01 -0.219340967214D-01
 -0.389165130584D-02 -0.599810701267D-02  0.665330532694D-02  0.343632754181D-02
 -0.275471188566D-03  0.439393818674D-03 -0.112676879532D-02 -0.699400680873D-03
 -0.295014962461D-03  0.656099731615D-03  0.482846048485D-03 -0.879413453901D-02
 -0.308415027570D-02  0.114712041050D-02 -0.628286324265D-02 -0.701251634448D-03
  0.122409725721D-02  0.230197775008D-02 -0.384165473066D-02  0.622764503053D-02
  0.600942555450D-03  0.423680283323D-02  0.196105589100D-02  0.190133641944D-02
  0.267523248021D-02  0.863896378931D-02 -0.496256264089D-02 -0.241636928830D-03
  0.218607889804D-02  0.744819744592D-02 -0.440112739782D-02  0.408894108015D-02
  0.639094807809D+00 -0.226502329153D-02  0.109033904802D+00 -0.205030179541D-01
 -0.142183455811D-01  0.311337761161D-02 -0.147094748190D-02 -0.106718122338D-01
  0.120488085547D-02  0.219512248715D-03  0.226012085857D-02  0.108800603530D-02
  0.316914844043D-02  0.210268342143D-03  0.227474644078D-03  0.162690900690D-02
 -0.689879025012D-02 -0.303956450281D-03 -0.303599126038D-02 -0.239979144923D-02
 -0.749331570128D-02 -0.104464515944D-01  0.412319928046D-02 -0.624105435481D-02
  0.135971845720D-01  0.445606606925D-02  0.114496252485D-02  0.675007028149D-03
  0.156014975384D-02 -0.464038946577D-02 -0.680430199255D-02 -0.173113457339D-02
  0.180967607563D-04 -0.772299327514D-03 -0.734500025022D-02 -0.779227372689D-03
  0.530674731521D-03  0.251764418663D-02 -0.439716769930D-03  0.146666533220D-02
 -0.411905113331D-02  0.112555271818D-01  0.164299130530D+00  0.134391363247D-01
 -0.130225955927D-01 -0.153515117225D-02  0.732843261736D-02 -0.980253688256D-02
  0.461326444675D-02 -0.361794862859D-02  0.120909273456D-01 -0.530063214269D-02
 -0.411116647477D-01 -0.178515746438D-01  0.211246491483D-01  0.733043261267D+00
  0.623062637120D-04 -0.688940457646D-01  0.272490558504D-01  0.805013940205D-03
 -0.244634648065D-02  0.252050374193D-02  0.129632107241D-01 -0.123265001072D-02
 -0.136197355910D-04 -0.282039278256D-02  0.685103519331D-03 -0.709896791515D-02
 -0.131773387941D-02  0.249276358546D-04 -0.160409036821D-02  0.667712188315D-02
  0.649244858118D-03 -0.660993708927D-02  0.844081622673D-03  0.886605965330D-02
  0.516429218249D-01 -0.281086932795D-02 -0.364276374381D-05 -0.144840551107D-01
 -0.154942594741D-02 -0.218430953093D-02 -0.641519590825D-03 -0.400272303167D-02
  0.283810615774D-02 -0.294423569549D-02  0.204608198720D-02  0.384229722830D-03
  0.138731659076D-02  0.595575981323D-02  0.776398972392D-03 -0.537625674426D-02
 -0.474620926484D-02  0.104093536734D-02  0.561385236259D-03  0.634856632310D-02
 -0.713435988592D-02 -0.100409027682D+00 -0.634115679737D-02  0.136430029459D-01
 -0.208814680429D-02 -0.654516875218D-02  0.142962015270D-01 -0.115516494637D-03
 -0.315717504649D-02  0.406521770932D-02 -0.405889293539D-02  0.376562456858D-01
  0.441206002078D-02 -0.139093701827D-01 -0.709428858887D-01  0.454977115716D+00
 -0.207399797716D-02  0.419123399002D-01 -0.884635277622D-02 -0.563651472917D-02
  0.950401583715D-03 -0.222033499957D-03 -0.241499119864D-02  0.432993591496D-03
  0.543751169207D-04  0.575537793891D-03  0.647795065908D-03 -0.170756410570D-02
 -0.432878720826D-03  0.685705653855D-06 -0.180788839380D-03 -0.351621555412D-03
 -0.234125445385D-03 -0.792089768379D-02  0.593344752585D-03 -0.459933081061D-02
 -0.238266826702D-02  0.344629975251D-02 -0.589851444996D-02  0.550077688017D-02
  0.199474075728D-02  0.611885548513D-03  0.438500042608D-03  0.113627871897D-02
 -0.476407661355D-02 -0.122204109729D-01 -0.824346933659D-03  0.164992572882D-03
 -0.451780243908D-02  0.253272793939D-03 -0.353984611101D-03 -0.496131200159D-02
  0.140623631182D-02 -0.247245832151D-03  0.461376704866D-02 -0.306251360781D-03
  0.971005371009D-02  0.772179857939D-01  0.592293476695D-02 -0.558172823722D-02
 -0.224864729403D-02  0.350858667500D-02 -0.614068930262D-02  0.343656034666D-02
  0.267999455898D-03  0.111671536959D-01 -0.907561081135D-02 -0.173506197601D-01
 -0.968566549032D-02  0.112566003937D-01  0.461386489911D-01 -0.384245656059D-01
  0.451858918829D+00  0.749563702730D-02 -0.276714681621D-01  0.176305977814D-01
  0.123055161400D-01 -0.736430892082D-03 -0.601365241822D-03  0.152001676653D-02
 -0.603977044308D-03 -0.936582650877D-04 -0.148405782606D-02  0.632868894629D-03
 -0.376135175651D-02 -0.149818572866D-02 -0.188790797747D-03 -0.255230506768D-04
  0.404437733552D-02 -0.716003801782D-05 -0.742953860878D-02  0.501052291441D-03
  0.982512273688D-03  0.142301371275D-01  0.482517808285D-03  0.599215824761D-03
 -0.515374892262D-02 -0.251105185518D-02 -0.625161155453D-03 -0.259656360176D-03
 -0.147405183537D-02 -0.179049349226D-02 -0.768370039420D-02  0.394909740427D-03
 -0.418266066146D-04 -0.124443317600D-02  0.417629889247D-02  0.122679760678D-03
 -0.458480632482D-02 -0.232306484982D-02  0.198296038798D-03  0.324797950851D-02
  0.413960778423D-02  0.494472325333D-03 -0.570992178456D-01 -0.464449328440D-02
  0.594289654495D-02 -0.126807954746D-02 -0.573639127359D-02  0.285924957632D-02
  0.935885218920D-03 -0.256153158789D-02  0.174582604281D-02 -0.487489016001D-02
  0.197057804535D-01  0.300354009341D-02 -0.447862108302D-02 -0.417180439386D-01
  0.181339794495D-01 -0.226019583461D-01  0.443719101867D+00  0.271064184867D-02
  0.399444684279D-02  0.673242196692D-02 -0.118421002131D-01  0.109303633566D-02
  0.133052258887D-03  0.614005476022D-03 -0.221579355048D-02  0.182057560049D-03
 -0.635458662256D-03  0.150269561726D-03  0.186191280726D-02  0.705100002148D-03
 -0.969724760143D-04  0.115142118394D-03  0.249343247901D-01  0.159260480659D-04
  0.401232661731D-02  0.348141758701D-02  0.676889142136D-04  0.107193766519D-02
  0.246413703209D-01 -0.151799511567D-02  0.190385560515D-02 -0.238737349634D-02
 -0.253807609947D-02 -0.105355231934D-02 -0.155763403129D-02  0.224457949553D-02
  0.627364802881D-02  0.118237423959D-02 -0.172709903450D-03  0.265478118319D-02
  0.104163464294D-02 -0.581368910568D-03  0.335867732777D-02  0.142565647865D-02
 -0.461530044226D-03 -0.277169215028D-02  0.251655588806D-02 -0.233747743732D-02
  0.161620733807D-02  0.354487079310D-01 -0.138068509480D-02  0.142130626183D-02
  0.595431127662D-02  0.602173989569D-03 -0.235920694156D-02 -0.323429931534D-02
 -0.145981436913D-02  0.575442619118D-03 -0.304436966435D-02 -0.201619774451D-02
 -0.796144207734D-03  0.158769539951D-03  0.931783511438D-03  0.264132572070D-02
  0.151610345818D-02  0.637954949483D-01  0.579275370152D-02 -0.356563960348D-02
 -0.967772911319D-02 -0.226069547282D+00  0.899352026551D-02  0.534274572058D-03
  0.205690276964D-02 -0.399331634077D-02  0.763707814731D-03 -0.136503949921D-02
 -0.729850744026D-03 -0.129786460858D-02  0.550735041208D-02 -0.392643287098D-03
 -0.233011801207D-02 -0.200757503906D-01 -0.988260240048D-03  0.104716491391D-02
 -0.477553799078D-01  0.619341644489D-02  0.203934909876D-02  0.885233746090D-02
 -0.113216482579D-01 -0.120704256691D-02 -0.372504810915D-01 -0.586615589406D-02
  0.277352237018D-02  0.783179200738D-03 -0.612885335350D-03 -0.375703172601D-02
  0.305989832765D-02  0.341357520575D-02 -0.228482690181D-02  0.799865658044D-02
 -0.290572978680D-02 -0.288667548287D-02 -0.156463484664D-01 -0.308075849529D-03
  0.268576531388D-02 -0.489479366352D-03 -0.521506722988D-02 -0.731919630234D-02
 -0.824076793354D-01 -0.684691623193D-02  0.896714414093D-04  0.468011838903D-01
  0.926402406515D-02  0.248057578831D-02  0.407796435004D-01 -0.208742717769D-02
  0.661449343148D-03 -0.849627741006D-02  0.102443024797D-01 -0.905139712081D-03
  0.175753865774D-02 -0.342767176793D-03  0.109694504378D-02 -0.155192844581D-02
 -0.123029235425D-01  0.183063326430D+00  0.736391511134D-02 -0.106247598382D-01
  0.240487499149D-02 -0.128332097689D+00  0.315222610572D-02  0.128492354216D-02
  0.699927275947D-02 -0.261270430579D-02  0.534075704081D-03 -0.790401920971D-03
 -0.109827462297D-03  0.423969001387D-03  0.350946363278D-02 -0.415524513639D-03
 -0.513284196754D-03  0.380062047565D-01  0.132187603961D-03  0.652463210262D-03
  0.222565705043D-01  0.256298120254D-02 -0.338341089808D-02 -0.295665533112D-01
 -0.680831778993D-02 -0.196871273382D-02 -0.223376643117D-01 -0.203908942882D-02
  0.142485915055D-02  0.354158114798D-04  0.104037850841D-02  0.167313047019D-02
 -0.946980334691D-03  0.214355425875D-02  0.576696382395D-03  0.542194880450D-02
 -0.203655512624D-02  0.613411186476D-03 -0.102803353310D-01 -0.322465390565D-04
  0.823177259115D-03  0.281559864221D-02 -0.761155552775D-02 -0.132253110468D-01
 -0.812188105733D-01 -0.581656842407D-02 -0.655152031735D-03  0.395154160210D-01
  0.687716775917D-02 -0.437860345642D-03  0.242719064530D-01 -0.134851263681D-02
  0.591193393327D-03 -0.503695378771D-02  0.681967923797D-02 -0.151850904214D-02
 -0.717082495677D-02  0.619279826784D-02 -0.141571705980D-02  0.210345560552D-02
 -0.928627280540D-02  0.580445423082D-01  0.120801921430D+00  0.210821576281D-02
  0.579792667767D-03  0.194205703050D-01  0.199982684391D+00 -0.199140894800D-01
  0.197983797789D-03 -0.345238697385D-03 -0.531539634367D-02 -0.614454696000D-03
 -0.290696707306D-02 -0.462756929651D-03 -0.947284267725D-03 -0.842073891991D-02
 -0.875401055232D-03 -0.281233358123D-02  0.139930800715D-01  0.180430636019D-03
  0.227731235581D-02  0.563351260106D-02 -0.314038238784D-02 -0.128524124116D-02
  0.160085822385D-01 -0.724835169745D-02  0.562673572337D-02 -0.504006284087D-01
 -0.407226596672D-02 -0.528836469226D-02 -0.263412253984D-02  0.147825084119D-02
  0.287141239418D-02 -0.318260666924D-02 -0.250038205098D-02 -0.160883241566D-02
  0.146040607744D-01  0.343951748821D-03  0.180586255213D-04  0.542585766630D-02
 -0.268165117350D-02 -0.304368183259D-02  0.167534480599D-01  0.137789117532D-01
 -0.616005032819D-02 -0.371536691611D-01  0.453298618826D-02  0.365609339736D-02
 -0.738780096171D-01 -0.137714970020D-01 -0.542679561122D-02 -0.544457299269D-01
  0.143741011372D-03 -0.810440570174D-02  0.457352216332D-02 -0.715676260888D-02
 -0.118784168629D-01 -0.504436640518D-02  0.178429794149D-02 -0.290992585756D-02
  0.668423116493D-02  0.219781639110D-01 -0.437941021089D-01 -0.226869642089D-01
  0.173966743565D+00  0.355549817312D-01 -0.237410070302D+00  0.466302140555D-01
  0.209427794156D-01 -0.563994012838D-02  0.281783869046D-02  0.148758380818D-01
 -0.256006480364D-02 -0.747554835672D-03 -0.347519046538D-02  0.136240342886D-02
 -0.882251962861D-04 -0.324316318540D-02 -0.129401320919D-02  0.444776592259D-02
  0.120221476016D-01  0.138515021466D-03 -0.431951695031D-02 -0.271146935232D-02
  0.404433799340D-02  0.243621809021D-01 -0.195679525870D-02  0.261527261206D-01
 -0.491796914968D-02 -0.221630586033D-01 -0.204814187706D-02 -0.789569521939D-03
 -0.210050837863D-02  0.386619656276D-02  0.627559352860D-02  0.156744171798D-02
 -0.747618912289D-03  0.861086152726D-02  0.147256013346D-01 -0.124719769887D-02
  0.500451484514D-02 -0.118872914460D-01 -0.104421042610D-02 -0.196333043603D-02
  0.938861126708D-02 -0.337262454370D-01 -0.358985653642D+00 -0.336510677793D-01
  0.192907325099D-01  0.316800402250D-02 -0.144010393112D-01  0.392431711346D-02
 -0.643097408599D-03  0.572708902455D-02 -0.405398950069D-01  0.109190262688D-01
  0.860603229563D-01  0.337227638504D-01 -0.160088593757D-01 -0.231744002673D+00
  0.191984013479D+00 -0.111771276540D+00  0.994454325550D-01  0.528902486079D-03
  0.120504211344D-01  0.176862764659D-01  0.199944065290D-01  0.699983415717D+00
  0.120359552715D-01  0.365847108465D-01 -0.176897847198D-01 -0.719572812184D+00
  0.371221886761D-01  0.121817036868D-03 -0.248579952867D-02 -0.961807107117D-02
  0.233523818856D-02 -0.103029626754D-02  0.338474821644D-02  0.662768566365D-02
  0.108560087174D-01 -0.119299370686D-02  0.837484446974D-02  0.136595855120D-01
 -0.210225510888D-02 -0.880511713891D-02 -0.326830116510D-01  0.568194649032D-02
  0.497421875856D-01 -0.188391113826D-01 -0.246020246046D-01 -0.258239769297D-01
 -0.484736031455D-01 -0.124044051138D-01  0.908632069588D-02  0.184408080111D-02
 -0.396187504038D-03 -0.387404318175D-02  0.646129826216D-02  0.933102047802D-02
  0.153099868887D-01  0.143743159462D-01 -0.986608543212D-02  0.806173260826D-02
 -0.360129009463D-01 -0.877988652907D-03  0.157716691655D-02 -0.829292810911D-02
 -0.272372790962D-01  0.155751839723D-01 -0.139148666249D+00 -0.287187472329D-01
 -0.265476255669D-02  0.126568790611D+00  0.238394813073D-01  0.150499023834D-01
  0.125919610953D+00 -0.752700633626D-02 -0.153311374687D-02 -0.278853737284D-01
  0.140242022904D-01  0.292609152135D-01 -0.832856707733D-02 -0.115176375330D-02
 -0.334705885988D-03 -0.113152761082D-01 -0.179795264441D-01  0.319491956053D+00
  0.206220020475D+00 -0.199284315831D+00  0.810290573946D-02  0.103850352715D+01
 -0.160060442774D-04  0.887195053263D-02  0.360948515713D-02  0.146241684914D-01
  0.111830031129D-02 -0.358829103828D-03 -0.167438219106D-02  0.471836541559D-03
  0.222962009131D-03  0.133882298660D-03 -0.311942808485D-03 -0.258001039578D-03
 -0.364057581238D-03  0.460378553474D-03 -0.588595561257D-03 -0.178085189333D-02
 -0.581992455508D-03 -0.531588689121D-03 -0.692088176137D-04 -0.170837902854D-03
 -0.910709298063D-03  0.105164441333D-02  0.201879655970D-02  0.238381909776D-01
  0.317233844792D-02  0.114655154584D-03  0.251416428700D-03 -0.114391531237D-03
 -0.144380711237D-03 -0.481920946837D-03 -0.116147100018D-03 -0.200324789190D-03
 -0.140839317501D-02  0.568626725982D-04  0.149301951461D-03 -0.778810389580D-03
  0.105452198372D-02  0.779701033379D-03  0.493318577679D-04 -0.111348121897D-03
 -0.104289773622D-02  0.610136315978D-02  0.112007522819D-02 -0.281281317684D-03
 -0.271986619374D-03 -0.277509891973D-02 -0.301130462142D-03 -0.208198464883D-02
 -0.339994723258D-02  0.283036066142D-02  0.249623912441D-02 -0.233901370947D-02
 -0.889547822882D-03 -0.451196247835D-03  0.543764562443D-02 -0.503389016972D-02
  0.304195951244D-02 -0.284146499441D-02 -0.170044527975D-02 -0.375022258123D-02
 -0.444147470358D-02  0.180664384231D-02 -0.100115331367D-01 -0.176749144026D-01
  0.638030650972D+00 -0.114863330775D-01 -0.139280498929D-01  0.316158274034D-02
 -0.306915770685D-01  0.168295744164D-02  0.368472751876D-03  0.240761330625D-02
 -0.344206997723D-04  0.548077158116D-03  0.288078431092D-04 -0.107185480908D-02
 -0.245431741484D-02  0.204275009752D-02  0.380733786564D-03 -0.320957774737D-02
 -0.126140843723D-02  0.293224947299D-03  0.218997136827D-02 -0.207913808491D-02
  0.451034165533D-02 -0.978395038446D-02 -0.525396432770D-02 -0.517573772428D-02
 -0.149979589911D-01  0.211655600340D-02 -0.618471974405D-03  0.412091394825D-03
 -0.150023267195D-02  0.370762774000D-03  0.351596152725D-03  0.598491391482D-03
  0.586203233035D-03 -0.375492651669D-02 -0.187647035075D-02  0.143035911933D-03
 -0.331348800868D-02 -0.233669180728D-02  0.879590590134D-03  0.205266193258D-02
 -0.188327555134D-02 -0.303216446006D-02 -0.249871452438D-02  0.794874441524D-03
  0.681755168853D-05 -0.140468362068D-02  0.922995711437D-02  0.832316009560D-02
 -0.280131791498D-02  0.538512693762D-02  0.353071120571D-02  0.208937668830D-02
 -0.102441585623D-02  0.384991786191D-02 -0.809543301907D-02  0.522394926318D-02
 -0.673901376433D-02  0.256365025486D-02 -0.194939565598D-02 -0.322153750448D-02
  0.852111859387D-02  0.545561368097D-02 -0.171394088515D-01  0.223783595305D-02
  0.440192258829D-01 -0.395465214958D-02  0.536963331595D+00 -0.841544787036D-02
  0.154324500371D-02 -0.136970543188D-01  0.940027466967D-02 -0.216164325172D-03
 -0.985551357012D-04 -0.138636265554D-02  0.654108739610D-03  0.966406340128D-04
  0.117285844814D-02  0.147293187786D-02  0.354836574562D-02 -0.192675050075D-02
  0.186674857150D-04  0.439394044691D-02 -0.138441878133D-02 -0.483253652474D-03
 -0.286745130149D-02  0.127792632703D-02 -0.298325840535D-02  0.133961762975D-01
  0.276116736915D-02  0.326515729126D-03 -0.387833256302D-01 -0.728849333862D-03
  0.131276109893D-02  0.288360606658D-03  0.163282663471D-02 -0.266436982778D-03
  0.110132521732D-02 -0.930497915406D-03 -0.625298059442D-03  0.715837285062D-02
 -0.441290184864D-03 -0.543391285574D-03  0.534429184969D-02  0.204797742115D-02
 -0.428559093566D-03 -0.127924586644D-02  0.147235524556D-02 -0.480156058885D-03
 -0.346133817882D-02 -0.119240682078D-02 -0.261092833328D-02 -0.406017068257D-03
 -0.275803748348D-02 -0.481027505172D-02  0.527961273403D-02  0.212367229710D-02
 -0.295149899840D-02  0.157670003654D-02  0.512799124645D-03 -0.267568745815D-02
  0.886580520785D-02 -0.136267512201D-01  0.141193544104D-01 -0.389091591830D-02
  0.544739240884D-02 -0.160481335897D-02 -0.679898811810D-04 -0.961524869662D-03
 -0.104008573013D-03  0.174934255082D-02 -0.175568924060D-01 -0.526931725719D-02
  0.872082565599D-02  0.722144277281D+00 -0.142725784728D-01 -0.122179036383D-01
  0.439452656864D-02  0.826118934932D-02 -0.360627320599D-03  0.190827462424D-03
  0.346125317350D-02  0.676122332637D-03  0.159533502145D-03  0.180407250758D-03
 -0.117187748345D-02 -0.365174144478D-02  0.830056610064D-03  0.112310609703D-03
 -0.262276106593D-02 -0.348523965639D-03  0.132939476041D-03 -0.320603207422D-02
  0.149374629012D-02  0.312101876921D-02 -0.125950555322D-01 -0.318536936879D-02
 -0.445471961494D-02 -0.200037913059D-01  0.166762666501D-02  0.113442578918D-02
  0.434160331578D-03 -0.917185037513D-05 -0.448799766807D-02 -0.101320039604D-01
 -0.536336191053D-03 -0.749731640765D-04 -0.741874873823D-02 -0.233578818301D-02
  0.411547071503D-03 -0.725974655387D-02 -0.164194206882D-02  0.333989543947D-03
  0.592886976186D-02 -0.429759057068D-03  0.528097468711D-02 -0.150252562736D-01
  0.379028680409D-02  0.777997359044D-03  0.995164263399D-05  0.440317123186D-02
  0.132054542301D-02  0.576590373321D-03  0.225860957745D-03  0.115627218505D-02
  0.685310831419D-03  0.270081014522D-02  0.236566831495D-02 -0.655928989084D-02
 -0.345276645072D-02  0.480143698317D-02 -0.311677045236D-02  0.161940212421D-02
 -0.127418671125D-02 -0.619364063141D-02 -0.184435697945D-02 -0.756100165951D-02
  0.939671100112D-02  0.308818031587D-02 -0.349431764782D-02  0.550862443530D-04
  0.928221496226D-02  0.591219802014D+00  0.578245473055D-02  0.791610383657D-02
 -0.703236007052D-02 -0.186211208362D-02  0.374678849852D-03 -0.397174274101D-03
 -0.366130202823D-02 -0.313098463580D-04 -0.442230413887D-03  0.775316185741D-04
  0.135042750936D-02  0.361404789447D-02 -0.698972393001D-03 -0.371004777194D-03
  0.332687810767D-02 -0.472862013837D-03  0.200821376186D-03  0.219512826458D-02
 -0.329429926039D-03 -0.396810986504D-02  0.151704504717D-01  0.293389019535D-02
  0.384268166172D-02  0.271516831331D-02  0.267264330741D-04 -0.119861867009D-03
 -0.570475602167D-03  0.545510366925D-03  0.390381870214D-02  0.857544627183D-02
  0.323679662020D-03 -0.104646592421D-03  0.747472531309D-02 -0.702395690467D-04
 -0.211182939789D-03  0.700063681610D-02  0.172792658862D-02 -0.662392222282D-03
 -0.538351997288D-02  0.442860472303D-03 -0.420158960655D-02  0.150792565688D-01
 -0.222429137500D-02 -0.361153973999D-03  0.475864070576D-03 -0.201900330104D-02
 -0.241350154215D-02  0.117328669217D-02  0.117845744053D-02 -0.250417971950D-02
 -0.146631298421D-02 -0.114007381424D-02 -0.338845855606D-02  0.890627941143D-02
 -0.664598213885D-04 -0.168034671011D-02  0.104000802140D-02 -0.403204271419D-03
  0.222748930399D-03  0.304387559645D-02  0.146234427267D-03  0.336448201580D-02
 -0.843262736250D-02 -0.829679428115D-02  0.260234818005D-02  0.264585607505D-02
 -0.495639595361D-02  0.298370996613D-02  0.667501221172D+00  0.853977200394D-01
  0.333401127334D-01  0.780511089659D-03 -0.889516549996D-02 -0.152099642175D-03
 -0.199240423400D-03  0.293764473754D-02 -0.759603783490D-03 -0.744974888039D-03
 -0.135345075828D-02  0.630022829798D-03  0.159288168405D-02  0.483234549264D-03
 -0.384790273145D-03 -0.515657221706D-03  0.285680737605D-02 -0.565499194687D-03
  0.229317923406D-02 -0.124549699033D-02 -0.550673642450D-02 -0.258461742648D-01
  0.312768234463D-02  0.197554245584D-01  0.133887246187D+00 -0.194575280870D-02
 -0.138314986950D-02  0.313302691444D-03  0.153536934944D-02 -0.916854990466D-04
  0.216825243404D-03  0.115572413385D-02  0.528856081155D-03 -0.230236405723D-02
  0.406790114332D-02 -0.610721589110D-03  0.724976762607D-03 -0.728550027411D-03
 -0.323033727987D-03 -0.209046251762D-02 -0.214797709866D-02 -0.612386810763D-02
  0.215351443312D-01 -0.295092287345D-02  0.873486139366D-03  0.220293979987D-03
 -0.690565943861D-04 -0.104585374735D-01 -0.318916618789D-02  0.906446748882D-03
 -0.352892421205D-02 -0.304647086262D-02 -0.609395506071D-02  0.983575315955D-03
  0.645494936819D-02  0.158706365362D-01 -0.507689936512D-02  0.701329139572D-02
 -0.491717717010D-02  0.346935304431D-02  0.357615973750D-02  0.318500432398D-02
  0.710231753913D-02 -0.243123769895D-01  0.242500895589D-02  0.205105224138D-01
 -0.805744898496D-02 -0.355624814015D-01 -0.197685012638D-01  0.378157890446D-02
  0.754043863930D+00 -0.671888581045D-02 -0.284613786690D-01 -0.194875193483D-01
  0.942322367472D-02 -0.527113571711D-02  0.802932122284D-03  0.392565339966D-02
 -0.914798120522D-04  0.159466022599D-03  0.651895573775D-03  0.184135742982D-02
  0.266222457425D-02 -0.124867419293D-02 -0.255952713878D-03  0.295552445338D-02
  0.318932869217D-03  0.802126807188D-03  0.157369468382D-02 -0.304784453183D-03
  0.186140012373D-02  0.184829229903D-01 -0.200197275422D-02 -0.308159019279D-02
 -0.915022640768D-01 -0.826662571211D-02  0.506835595582D-03 -0.614297813461D-03
  0.170070399417D-03  0.224937546907D-02  0.662668718395D-02 -0.788480855870D-03
 -0.433549155097D-03  0.101678104098D-01 -0.100721718892D-02 -0.194380553954D-04
  0.649178266792D-02  0.147457813712D-03 -0.860294162349D-03 -0.209701433315D-02
  0.301167098608D-02 -0.580894865934D-03 -0.157038436153D-01 -0.338849961948D-02
  0.532758870167D-03 -0.129547556560D-02 -0.364272377391D-02  0.319991912510D-02
  0.714551531094D-02 -0.353574025754D-03 -0.154992538410D-02 -0.136196267874D-03
  0.694775461694D-02 -0.177014243549D-02  0.726943474286D-03 -0.209869577043D-01
  0.133615706531D-01 -0.667740573286D-02  0.937685524669D-02 -0.179487830675D-02
 -0.195504762036D-02  0.717563614602D-03  0.394421055750D-02  0.268116689366D-01
 -0.853417698877D-02 -0.121722168394D-01  0.100231910036D-01  0.199913352729D-01
  0.174659310398D-01 -0.792359013912D-02 -0.793378774939D-01  0.484774864602D+00
  0.285734591106D-01  0.141153042064D-01 -0.882473644679D-03  0.506522102582D-02
  0.513633825284D-03  0.134653529491D-03  0.259503025673D-02  0.905652831680D-05
 -0.447023512082D-03 -0.390371801766D-03  0.353807698810D-03  0.533019389731D-03
 -0.434289275138D-03 -0.220242174898D-03  0.541511130271D-03  0.138657577703D-02
 -0.399505880877D-03 -0.170989119553D-02  0.109928179251D-02 -0.309313969142D-02
 -0.613929747568D-02  0.302224699624D-02  0.911653447148D-02  0.583588872582D-01
 -0.283910156883D-03  0.510242643657D-04  0.327610439530D-03  0.153053288026D-02
 -0.143556886768D-02 -0.355390810242D-02  0.381165537071D-03  0.155180396764D-04
 -0.160479828615D-02  0.175144615081D-02 -0.289110485537D-03 -0.578444851369D-03
 -0.159224120282D-03 -0.251169751113D-03 -0.110362167287D-03 -0.100121871605D-03
 -0.227611613130D-02  0.779582511088D-02 -0.863048540686D-03  0.385557380018D-03
  0.752772886059D-03 -0.123546931578D-02 -0.747934217211D-02  0.233236945436D-03
  0.148900914355D-02 -0.276595177213D-02 -0.108426911167D-02 -0.146189081283D-02
 -0.102218273795D-02  0.553556351035D-02  0.292957457235D-02  0.167590428746D-02
  0.745318881215D-03 -0.845545341705D-03  0.216318419188D-02 -0.111869720465D-02
 -0.181940350195D-03  0.403163522845D-02 -0.794640643789D-02 -0.106485174879D-01
  0.967748263892D-02 -0.194384033923D-02 -0.170129407871D-01 -0.851494359663D-02
  0.103903608670D-02  0.435734369440D-01 -0.345609706480D-01  0.449512611708D+00
 -0.536872188774D-03 -0.127681487279D-01 -0.724208419535D-02  0.610735130345D-03
 -0.240465889254D-02  0.213915287487D-03  0.241366497028D-02 -0.237904169087D-03
 -0.341361854609D-04  0.275593720687D-03  0.989049363607D-03  0.172483326827D-02
 -0.874037008896D-03 -0.392271719042D-03  0.209967784460D-02  0.297913964189D-03
  0.275990544509D-03 -0.576391778127D-03 -0.351794582108D-03 -0.841083803257D-03
  0.346250096464D-02  0.739946299097D-04 -0.790596327366D-03 -0.450945233093D-01
 -0.666944844017D-02  0.488542579076D-03 -0.304896286188D-03  0.625235688143D-03
 -0.549639253734D-03  0.598331588446D-03 -0.584245527179D-03 -0.283289642502D-03
  0.434952041122D-02 -0.235056391065D-03 -0.299453785036D-03  0.285534039153D-02
 -0.612790700013D-03 -0.883317401621D-03  0.109516022323D-03  0.182719744251D-02
  0.177307031736D-02 -0.140980643468D-01 -0.486716057539D-02 -0.634486935078D-03
  0.123966346836D-03 -0.223463015488D-02 -0.110711491781D-02  0.445879165769D-02
  0.208054861265D-02 -0.304204200364D-02 -0.892403630789D-03  0.337372117270D-02
 -0.125982392922D-03  0.237628303654D-02 -0.148816835725D-01  0.141907912712D-01
 -0.559791172431D-02  0.680799735754D-02 -0.537624976044D-03  0.295343298841D-02
  0.232003897348D-02  0.247496603395D-02  0.161300971565D-01  0.405927485541D-02
 -0.637903448711D-02  0.699467801255D-02  0.843674367962D-02  0.801460290423D-02
 -0.419546137795D-02 -0.420141782254D-01  0.266608723079D-01 -0.191617093663D-01
  0.446777084521D+00  0.724242622114D-02 -0.312706451920D-02  0.139280236017D-02
 -0.248197856613D-01 -0.386224527466D-02  0.210660211139D-03 -0.422470254145D-03
 -0.284175212005D-02 -0.135200152545D-03 -0.132569158238D-02  0.476581241983D-04
 -0.866931499696D-03 -0.718380095747D-03 -0.306524364662D-03 -0.145004074727D-02
  0.619098242496D-02  0.251822941033D-03  0.241739646745D-03 -0.543751150852D-03
  0.296600964489D-02  0.490426765854D-02  0.203716832197D-02 -0.559711961222D-02
  0.588804461887D-02  0.276598192802D-01 -0.368975023793D-02 -0.761477423450D-03
 -0.158314833461D-03  0.397306889724D-03 -0.107454259466D-02  0.290541395354D-02
  0.373321991919D-03 -0.897161043432D-03  0.250076460215D-01 -0.667521295023D-03
 -0.125516134438D-02 -0.183646265375D-02 -0.775752759991D-03  0.176714265772D-03
  0.204375956719D-01  0.735560969129D-03 -0.489629057149D-02 -0.782033108555D-02
 -0.846164735985D-03  0.823987880472D-03 -0.799817704424D-02 -0.130459387796D-02
 -0.378665017006D-03  0.152166093494D-01 -0.225333845809D-03 -0.206414141014D-02
  0.226786647891D-03 -0.107184912866D-02 -0.370180888394D-02 -0.460022919409D-02
  0.922041937638D-03 -0.444393099912D-03  0.204967027738D-02  0.106824800466D-01
  0.887154930846D-02  0.688254903950D-02  0.257297614402D-01  0.134005858463D-01
  0.222919754563D-01  0.147679446823D-03 -0.311353511102D-02  0.180411892227D-03
 -0.440051666750D-02  0.140313734680D-02  0.426578894231D-02 -0.270876424225D-02
  0.232752142874D-02 -0.531952752213D-03  0.646949993631D-01  0.151127296843D-01
 -0.101208398291D-01  0.953397691305D-02 -0.250201882788D+00  0.100609397160D-01
  0.200272013935D-02  0.110360174941D-01 -0.597142464449D-02  0.913833583178D-03
 -0.216242543710D-02  0.542160453147D-03  0.134975299789D-02  0.250900555982D-02
 -0.761266981324D-03 -0.138585387540D-03  0.964986618596D-02 -0.453287612937D-03
  0.124426642077D-02 -0.163429462394D-01  0.400815788261D-02  0.234333550067D-02
 -0.211440352441D-02 -0.104939034642D-01 -0.939352908871D-02 -0.914534373224D-01
 -0.765506026716D-02  0.202502001113D-02 -0.148697397912D-02  0.152973146741D-02
  0.317801776264D-02  0.683534093901D-02  0.369417838867D-02  0.348521607943D-02
 -0.162465384302D-01 -0.382368127384D-02  0.256770834430D-02 -0.580184179245D-01
 -0.600393689443D-03  0.301409518159D-03  0.121244458946D-01 -0.120450188784D-01
 -0.154698621239D-01 -0.492722600279D-01 -0.943473974269D-02 -0.102424932187D-02
  0.272123557872D-01  0.135788765388D-01  0.113197206137D-02  0.660089956051D-01
 -0.135034810219D-03 -0.150096158323D-02 -0.994320150035D-02  0.819994153602D-02
  0.959920566902D-03 -0.494314170210D-02  0.419871104747D-02 -0.109365845055D-02
  0.621596214225D-03  0.274327407248D-02  0.116928208281D+00  0.711431060690D-01
 -0.388671941937D-01  0.245736038669D-01  0.308999053116D+00 -0.832450761168D-02
  0.945849450417D-02 -0.661650561328D-04 -0.215084506983D-02 -0.786322419814D-03
  0.288297535335D-03  0.510308496921D-02 -0.187982789036D-02  0.731347996010D-02
  0.457235368091D-03  0.222663212072D+00  0.135882831465D-02  0.357824290366D-03
  0.267385375102D-03 -0.136853989292D+00  0.522993772801D-02  0.903488119385D-03
  0.441266181488D-02 -0.374020717107D-02  0.411756837737D-03 -0.139270334994D-02
 -0.253569899778D-03  0.132257757993D-02  0.114666296709D-02 -0.579232302236D-03
 -0.459280008911D-04  0.405583808837D-02 -0.176618106723D-03  0.169872396508D-02
 -0.115406957508D-01  0.118633467659D-02 -0.284570812672D-02 -0.396565704645D-03
 -0.618482366947D-02 -0.389186016456D-02 -0.894285968018D-01 -0.481809668132D-02
  0.101148151505D-02  0.379571875884D-03  0.120406822528D-02  0.239138467983D-02
  0.306776841303D-02  0.217510380156D-02  0.106338936855D-02  0.413599812896D-01
 -0.252511678830D-02  0.160031256739D-02  0.216330453872D-01 -0.671399992784D-03
 -0.145942930517D-03 -0.233445807908D-01 -0.778636947963D-02 -0.787004922477D-02
 -0.306391120278D-01 -0.655462863329D-02  0.118686434855D-02  0.114895609454D-01
  0.441045994491D-02 -0.903316906823D-03  0.390409888005D-01 -0.232895379476D-02
  0.135312220768D-03 -0.715885491396D-02  0.643874198907D-02  0.398951555672D-03
 -0.701745785413D-02  0.659195228385D-02 -0.283291968863D-04  0.224925579371D-02
  0.177199353166D-02  0.676772147442D-01  0.389725681055D-01 -0.116982406445D-01
  0.149154125328D-01  0.171596211059D+00 -0.471180033097D-02  0.489278569585D-02
 -0.133677022671D-02 -0.326860323240D-02 -0.415589173410D-03  0.298559309642D-02
  0.283042335980D-02 -0.897667774345D-03  0.340981035428D-02  0.142166673130D-02
  0.778014660464D-01  0.128151774200D+00 -0.170992796911D+00 -0.509750638910D-01
  0.418949230798D-02 -0.440251232987D-02 -0.571910707415D-03  0.109972895548D-02
  0.410141602302D-02  0.458458274656D-03  0.127125046013D-02  0.193447934719D-02
 -0.251420735047D-02 -0.352615386333D-02 -0.144451939778D-03 -0.934800564894D-04
  0.390055395513D-03 -0.395933371654D-02  0.148537032323D-02 -0.622130932147D-02
 -0.410962302916D-02  0.778261243621D-02  0.266973395693D-01 -0.794296046187D-02
 -0.419755271969D-01 -0.274992218494D+00 -0.993545102724D-02  0.247736055434D-02
 -0.452186935661D-03 -0.173694966092D-02 -0.538177206192D-02 -0.927168446798D-02
 -0.348074292234D-02 -0.596941535090D-03 -0.110059467926D-02 -0.454214108540D-02
  0.559647168815D-03 -0.520561818849D-02 -0.289091106386D-02 -0.280228008452D-03
  0.896538973604D-02  0.345176623012D-02  0.223887048119D-01 -0.479563654523D-01
 -0.129320490317D-02 -0.545799957512D-02  0.319393773134D-02  0.558700815423D-02
  0.163542688982D-01  0.717619907466D-02 -0.172594927895D-03  0.394317610423D-02
  0.385960632236D-02  0.584019416827D-02  0.310106634593D-02 -0.141277289012D-01
 -0.303504975191D-01  0.193756833818D-01 -0.125776433552D-01  0.110727194352D-01
 -0.584250527806D-02  0.779190100481D-02  0.281599978827D-02 -0.164440162144D-01
  0.342377338921D-01  0.372991744903D-01 -0.431552613129D-01  0.203886868087D-01
  0.732768042092D-01  0.365134757879D-01 -0.589883454787D-02 -0.213592240882D+00
  0.172250154046D+00 -0.943218707611D-01  0.885759067386D-01 -0.786345386565D-02
  0.200557633624D-01  0.699181652960D-02  0.647320176325D+00  0.325262036462D-02
 -0.145363747837D-02 -0.875083966403D-03 -0.764227751865D+00  0.375081822994D-01
  0.297084188241D-02  0.172014643896D-01 -0.122047712407D-01  0.250420772974D-02
 -0.212002885752D-02 -0.209783864438D-03  0.546962487909D-02  0.130883034265D-01
 -0.124819298587D-02  0.681059067490D-03  0.109247272096D-01 -0.850633382718D-03
  0.715086698574D-02 -0.425570577801D-01  0.115189028522D-01 -0.836106049678D-02
 -0.155932178667D-01 -0.292605588295D-01 -0.281459391312D-01 -0.125655232462D+00
 -0.169830799416D-01  0.827898895403D-02 -0.152577155408D-02  0.242711638212D-02
  0.764679753559D-02  0.110885845716D-01  0.106880644465D-01  0.626756752966D-02
  0.201829511627D-01 -0.953655118153D-02  0.625898283644D-02 -0.462423368360D-01
 -0.391595246170D-03  0.159279731184D-02 -0.203707536194D-01 -0.396532181636D-01
 -0.285788392571D-02 -0.681005366859D-01 -0.306592967351D-01 -0.142732500011D-02
  0.110965445052D+00  0.366995936063D-01  0.373671102889D-02  0.146489555374D+00
 -0.103162735990D-01  0.655577940003D-02 -0.363789882776D-01  0.260366195318D-01
  0.101076929698D-01  0.994573573488D-02  0.516904692610D-02  0.980699898144D-02
 -0.656699799311D-02  0.310646195313D-02  0.294065429593D+00  0.171295280982D+00
 -0.201054927759D+00  0.193159691511D-03  0.861357812016D+00 -0.181869267621D-01
  0.331200340871D-01 -0.330596508727D-02 -0.302164062175D-02 -0.265378404119D-02
  0.304952300036D-03  0.804008019732D-03 -0.705489514847D-02  0.902033514217D-02
  0.116082795010D-01  0.371944457493D+00  0.222037828300D+00  0.372387133741D-01
  0.115924280164D+01
$end
