$grad          cartesian gradients
  cycle =      1    SCF energy =     -192.0363950190   |dE/dxyz| =  0.035540
    0.00000000000000      0.00000000000000      5.00000000000005      q metal
   -1.85228086084263      1.34576081921255      0.00000000000000      c
   -1.85228086084263     -1.34576081921255      0.00000000000000      c
    0.70750833213097     -2.17748674621381      0.00000000000000      c
    2.28954505742332      0.00000000000000      0.00000000000000      c
    0.70750833213097      2.17748674621381      0.00000000000000      c
   -3.54377341427445      2.57470209508515     -0.00000000000003      h
   -3.54377341427445     -2.57470209508515     -0.00000000000003      h
    1.35360099582458     -4.16595550075333     -0.00000000000003      h
    4.38034483689974      0.00000000000000     -0.00000000000003      h
    1.35360099582458      4.16595550075333     -0.00000000000003      h
    0.00000000000000      0.00000000000000      0.00000000000004      q help
  0.00000000000000D+00  0.00000000000000D+00  0.00000000000000D+00
  -.65736773986782D-02  0.47760561955265D-02  0.25871728130299D-13
  -.65736773986782D-02  -.47760561955265D-02  0.25871728130299D-13
  0.25109213352181D-02  -.77278212565421D-02  0.25871728130299D-13
  0.81255121269205D-02  0.00000000000000D+00  0.25871728130299D-13
  0.25109213352181D-02  0.77278212565421D-02  0.25871728130299D-13
  -.11050998795473D-01  0.80290206018469D-02  -.25849404421100D-13
  -.11050998795473D-01  -.80290206018470D-02  -.25849404421100D-13
  0.42211059302364D-02  -.12991228230162D-01  -.25849404421100D-13
  0.13659785730473D-01  0.00000000000000D+00  -.25849404421100D-13
  0.42211059302364D-02  0.12991228230162D-01  -.25849404421100D-13
  0.00000000000000D+00  0.00000000000000D+00  0.00000000000000D+00
  cycle =      2    SCF energy =     -192.0392864127   |dE/dxyz| =  0.002566
    0.00000000000000      0.00000000000000      4.99999999999971      q
   -1.82912852487365      1.32893966250842     -0.00000000000034      c
   -1.82912852487365     -1.32893966250842     -0.00000000000034      c
    0.69866492670978     -2.15026954293644     -0.00000000000034      c
    2.26092719632775      0.00000000000000     -0.00000000000034      c
    0.69866492670978      2.15026954293644     -0.00000000000034      c
   -3.49349563988245      2.53817315377590      0.00000000000044      h
   -3.49349563988245     -2.53817315377590      0.00000000000044      h
    1.33439659488554     -4.10685043214192      0.00000000000044      h
    4.31819808999383      0.00000000000000      0.00000000000044      h
    1.33439659488554      4.10685043214192      0.00000000000044      h
    0.00000000000000      0.00000000000000     -0.00000000000030      q
  0.00000000000000D+00  0.00000000000000D+00  0.00000000000000D+00
  0.26088779806308D-03  -.18954608033184D-03  -.35354533892287D-12
  0.26088779806308D-03  0.18954608033184D-03  -.35354533892287D-12
  -.99650271610585D-04  0.30669200040983D-03  -.35354533892287D-12
  -.32247505290526D-03  0.00000000000000D+00  -.35354533892287D-12
  -.99650271610585D-04  -.30669200041018D-03  -.35354533892287D-12
  -.89103812500702D-03  0.64737709189162D-03  0.35354314601259D-12
  -.89103812500702D-03  -.64737709189162D-03  0.35354314601259D-12
  0.34034627848063D-03  -.10474781382189D-02  0.35354314601259D-12
  0.11013836930527D-02  0.00000000000000D+00  0.35354314601259D-12
  0.34034627848063D-03  0.10474781382190D-02  0.35354314601259D-12
  0.00000000000000D+00  0.00000000000000D+00  0.00000000000000D+00
  cycle =      3    SCF energy =     -192.0392961530   |dE/dxyz| =  0.000169
    0.00000000000000      0.00000000000000      5.00000000000446      q
   -1.82824004417236      1.32829414349362      0.00000000000441      c
   -1.82824004417236     -1.32829414349362      0.00000000000441      c
    0.69832555728024     -2.14922507123011      0.00000000000441      c
    2.25982897378426      0.00000000000000      0.00000000000441      c
    0.69832555728024      2.14922507123011      0.00000000000441      c
   -3.49027841555905      2.53583570348282     -0.00000000000621      h
   -3.49027841555905     -2.53583570348282     -0.00000000000621      h
    1.33316772454344     -4.10306835812070     -0.00000000000621      h
    4.31422138203124      0.00000000000000     -0.00000000000621      h
    1.33316772454344      4.10306835812070     -0.00000000000621      h
    0.00000000000000      0.00000000000000      0.00000000000445      q
  0.00000000000000D+00  0.00000000000000D+00  0.00000000000000D+00
  0.59977056082872D-04  -.43575881947788D-04  0.44194530298049D-12
  0.59977056083227D-04  0.43575881948499D-04  0.44194530298049D-12
  -.22909196879084D-04  0.70507258082841D-04  0.44194530298049D-12
  -.74135718406509D-04  0.00000000000000D+00  0.44194530298049D-12
  -.22909196879084D-04  -.70507258083019D-04  0.44194530298049D-12
  0.11688893779715D-04  -.84924784363616D-05  -.40954768475086D-12
  0.11688893779704D-04  0.84924784363727D-05  -.40954768475086D-12
  -.44647601330050D-05  0.13741118758648D-04  -.40954768475086D-12
  -.14448267293599D-04  0.00000000000000D+00  -.40954768475086D-12
  -.44647601329495D-05  -.13741118758648D-04  -.40954768475086D-12
  0.00000000000000D+00  0.00000000000000D+00  0.00000000000000D+00
  cycle =      4    SCF energy =     -192.0392961704   |dE/dxyz| =  0.000010
    0.00000000000000      0.00000000000000      4.99999999999978      q
   -1.82833136332766      1.32836049074357     -0.00000000000066      c
   -1.82833136332766     -1.32836049074357     -0.00000000000066      c
    0.69836043809374     -2.14933242333559     -0.00000000000066      c
    2.25994185046786      0.00000000000000     -0.00000000000066      c
    0.69836043809374      2.14933242333559     -0.00000000000066      c
   -3.49039942805475      2.53592362420737      0.00000000000081      h
   -3.49039942805475     -2.53592362420737      0.00000000000081      h
    1.33321394720373     -4.10321061684133      0.00000000000081      h
    4.31437096170205      0.00000000000000      0.00000000000081      h
    1.33321394720373      4.10321061684133      0.00000000000081      h
    0.00000000000000      0.00000000000000     -0.00000000000062      q
  0.00000000000000D+00  0.00000000000000D+00  0.00000000000000D+00
  0.33835663849402D-05  -.24583048755744D-05  -.23613272022341D-13
  0.33835663856507D-05  0.24583048755744D-05  -.23613272022341D-13
  -.12924073566012D-05  0.39776208424769D-05  -.23613272022341D-13
  -.41823180578326D-05  0.00000000000000D+00  -.23613272022341D-13
  -.12924073558906D-05  -.39776208422992D-05  -.23613272022341D-13
  -.10465055740871D-05  0.76033080546045D-06  0.45337034962860D-13
  -.10465055739983D-05  -.76033080547155D-06  0.45337034962860D-13
  0.39972955980794D-06  -.12302410858700D-05  0.45337034962860D-13
  0.12935520285584D-05  0.00000000000000D+00  0.45337034962860D-13
  0.39972955985235D-06  0.12302410858700D-05  0.45337034962860D-13
  0.00000000000000D+00  0.00000000000000D+00  0.00000000000000D+00
$end
