$jbas
*
pt def2-SVP
# pt    (11s5p5d3f3g) / [8s5p5d2f3g]     {41111111/11111/11111/21/111}
*
   4  s
  27.303235500      0.42544070000
  16.060726300      -2.8743600000
  9.7344766000       7.4335236000
  5.7829947000      -6.8140678000
   1  s
  3.4017615000      -2.9580148000
   1  s
  2.0208964000       4.1765425000
   1  s
  1.1311508000       1.8607076000
   1  s
 0.66538280000      0.81898520000
   1  s
 0.39140160000      0.36219850000
   1  s
 0.23023630000      0.10054500000
   1  s
 0.11260250000      0.13195800000E-01
   1  p
  6.1685356000      0.26400200000E-01
   1  p
  2.7429261000     -0.83698100000E-01
   1  p
  1.2025503000      0.10539930000
   1  p
 0.52281490000     -0.36230900000E-01
   1  p
 0.22666510000      0.19000100000E-01
   1  d
  3.0954010000      0.14642100000E-01
   1  d
  1.3785036000     -0.54036000000E-01
   1  d
 0.62205050000      0.43368000000E-02
   1  d
 0.28295410000     -0.18870300000E-01
   1  d
 0.12905360000     -0.13434000000E-02
   2  f
  1.6832598000     -0.19875300000E-01
 0.71637180000      0.18026500000E-01
   1  f
 0.30833910000     -0.47508000000E-02
   1  g
  2.1558237000      0.31840400000E-01
   1  g
 0.83437790000      0.85873000000E-02
   1  g
 0.32091460000      0.28695000000E-02
*
cl def2-SVP
# cl    (14s5p5d2f1g) / [8s4p3d1f1g]     {71111111/2111/311/2/1}
*
   7  s
  8044.2766240      0.83066050000
  2924.5123954       1.6146203000
  1110.8168739       5.0051398000
  439.90507610       9.9863273000
  181.19872870       11.344397000
  77.414830200       2.6726629000
  34.197727300      -1.6043227000
   1  s
  15.564839700       5.7539291000
   1  s
  7.2707873000       6.0638907000
   1  s
  3.4711900000     -0.31993260000
   1  s
  1.6860808000     -0.39473200000
   1  s
 0.82931250000      0.93340360000
   1  s
 0.41101240000      0.48641750000
   1  s
 0.20421900000      0.78177800000E-01
   2  p
  12.256499300      0.56308600000E-01
  4.8922575000     -0.56300700000E-01
   1  p
  1.9265460000      0.46922200000E-01
   1  p
 0.75259890000     -0.71758000000E-02
   1  p
 0.29321890000     -0.16232500000E-01
   3  d
  28.437050400     -0.26540400000E-01
  7.2772298000      0.13484800000E-01
  2.3111621000     -0.13645200000E-01
   1  d
 0.85809430000     -0.13160800000E-01
   1  d
 0.33762270000     -0.45372000000E-02
   2  f
  1.2035685000       1.0000000000
 0.47000000000       1.0000000000
   1  g
 0.75211000000     -0.26699000000E-02
*
$end
