$excitation_energies_CCS_____1^a___  threxc=.10000E-02  nstates=    5
    1    0.14110656748458E+00
    2    0.15533238834910E+00
    3    0.15533238834910E+00
    4    0.29308898321602E+00
    5    0.34013540425288E+00
$excitation_energies_CC2_____1^a___  threxc=.10000E-05  nstates=    5
    1    0.19301378587576E+00
    2    0.20732802496992E+00
    3    0.20732808556113E+00
    4    0.28766891578120E+00
    5    0.33195791172116E+00
$t2_norm_of_re0_CC2_____1^a___  threxc=.10000E-05  nstates=    5
    1    0.28827573687157E-01
    2    0.31750824107413E-01
    3    0.31750827474749E-01
    4    0.68285337222384E-01
    5    0.47745248179960E-01
$end
