$coord
    7.93837706009424      3.89499732971487     -1.78297053831527  n
    7.35769359257026      1.42758065167497     -2.62125101546090  c
    9.07659236046849     -0.41794974288314     -2.01692695622272  n
   11.12951825857209      0.15977964647345     -0.74689871746371  c
   11.74032997072855      2.65414446077274      0.10882958960927  c
   10.04499696421779      4.48507530887894     -0.46871061240273  c
    5.40745991605646      1.08548621111794     -3.79618524360403  o
   12.78912094334349     -1.74167948311646     -0.28420047775816  n
   12.19266114228619     -3.50811426248599     -0.68631936276203  h
   14.15940068879529     -1.51524936070597      1.01329875278018  h
   13.44940796723999      3.07458065587067      1.14378866784770  h
   10.28157824268540      6.44662808446352      0.06910871245644  h
    6.64711339848460      5.22948914751203     -2.23830632025790  h
$user-defined bonds
$redundant
     number_of_atoms            13
     degrees_of_freedom         33
     internal_coordinates       33
     frozen_coordinates          0
# definitions of redundant internals
   1 k  1.0000000000000 stre   2    7           val=   2.30237
   2 k  0.7071067836778 bend   3    7    2      val=   3.13503
       -0.7071067786953 bend   1    7    2
   3 k  1.0000000000000 outp   7    1    3    2 val=  -0.22316
   4 k  0.5000000000000 tors  10    8    4    3 val=  93.11439
        0.5000000000000 tors  10    8    4    5
        0.5000000000000 tors   9    8    4    3
        0.5000000000000 tors   9    8    4    5
   5 k  1.0000000000000 stre   8   10           val=   1.90064
   6 k  1.0000000000000 stre   8    9           val=   1.90729
   7 k  0.8589613296382 bend   9   10    8      val=  10.29035
       -0.3594288161319 bend   4   10    8
       -0.3646866604637 bend   4    9    8
   8 k  0.5112503391343 bend   9   10    8      val= 118.46865
        0.6415719291396 bend   4   10    8
        0.5718466144651 bend   4    9    8
   9 k  0.0284345726389 bend   9   10    8      val=   5.28033
       -0.6776403071499 bend   4   10    8
        0.7348435814544 bend   4    9    8
  10 k  1.0000000000000 stre   5   11           val=   2.04178
  11 k  0.7071068363656 bend   6   11    5      val=  -0.59861
       -0.7071067260075 bend   4   11    5
  12 k  1.0000000000000 outp  11    4    6    5 val=   0.30350
  13 k  1.0000000000000 stre   6   12           val=   2.04766
  14 k  0.7071067826036 bend   5   12    6      val=   3.21279
       -0.7071067797695 bend   1   12    6
  15 k  1.0000000000000 outp  12    1    5    6 val=  -0.10606
  16 k  1.0000000000000 stre   1   13           val=   1.91195
  17 k  0.7071068823485 bend   6   13    1      val=   3.09933
       -0.7071066800245 bend   2   13    1
  18 k  1.0000000000000 outp  13    2    6    1 val=  -0.00181
  19 k  1.0000000000000 stre   4    8           val=   2.56591
  20 k  0.7071086776144 bend   3    8    4      val=  -0.81599
       -0.7071048847537 bend   5    8    4
  21 k  1.0000000000000 outp   8    5    3    4 val=  -1.47012
  22 k  1.0000000000000 stre   1    6           val=   2.55212
  23 k  1.0000000000000 stre   6    5           val=   2.56125
  24 k  1.0000000000000 stre   5    4           val=   2.70688
  25 k  1.0000000000000 stre   4    3           val=   2.48219
  26 k  1.0000000000000 stre   3    2           val=   2.59342
  27 k  1.0000000000000 stre   2    1           val=   2.66984
  28 k -0.2886751345948 bend   1    5    6      val=   2.98429
       -0.2886751345948 bend   6    4    5
        0.5773502691896 bend   5    3    4
       -0.2886751345948 bend   4    2    3
       -0.2886751345948 bend   3    1    2
        0.5773502691896 bend   2    6    1
  29 k  0.5000000000000 bend   1    5    6      val=   1.95620
       -0.5000000000000 bend   6    4    5
        0.5000000000000 bend   4    2    3
       -0.5000000000000 bend   3    1    2
  30 k -0.4082482904639 bend   1    5    6      val=  -0.06533
        0.4082482904639 bend   6    4    5
       -0.4082482904639 bend   5    3    4
        0.4082482904639 bend   4    2    3
       -0.4082482904639 bend   3    1    2
        0.4082482904639 bend   2    6    1
  31 k -0.2886751345948 tors   6    5    4    3 val=  -0.26355
       -0.2886751345948 tors   5    4    3    2
        0.5773502691896 tors   4    3    2    1
       -0.2886751345948 tors   3    2    1    6
       -0.2886751345948 tors   2    1    6    5
        0.5773502691896 tors   1    6    5    4
  32 k  0.5000000000000 tors   6    5    4    3 val=  -0.08540
       -0.5000000000000 tors   5    4    3    2
        0.5000000000000 tors   3    2    1    6
       -0.5000000000000 tors   2    1    6    5
  33 k -0.4082482904639 tors   6    5    4    3 val=   0.17117
        0.4082482904639 tors   5    4    3    2
       -0.4082482904639 tors   4    3    2    1
        0.4082482904639 tors   3    2    1    6
       -0.4082482904639 tors   2    1    6    5
        0.4082482904639 tors   1    6    5    4
        33 non zero eigenvalues  of BmBt
           1          10.774888051    1    0
         1
           2           5.101835176    2    0
         2
           3           4.665551814    3    0
         3
           4           4.363492986    4    0
         4
           5           4.241832173    5    0
         5
           6           3.867065376    6    0
         6
           7           3.458397915    7    0
         7
           8           3.273897557    8    0
         8
           9           3.187897317    9    0
         9
          10           2.835797431   10    0
        10
          11           2.563349830   11    0
        11
          12           2.190914292   12    0
        12
          13           1.823970890   13    0
        13
          14           1.761202638   14    0
        14
          15           1.668004937   15    0
        15
          16           1.213400525   16    0
        16
          17           1.099726781   17    0
        17
          18           0.924147695   18    0
        18
          19           0.847178937   19    0
        19
          20           0.736506685   20    0
        20
          21           0.631825482   21    0
        21
          22           0.513415635   22    0
        22
          23           0.421682102   23    0
        23
          24           0.391314069   24    0
        24
          25           0.352556296   25    0
        25
          26           0.330957015   26    0
        26
          27           0.292535595   27    0
        27
          28           0.252712074   28    0
        28
          29           0.183172677   29    0
        29
          30           0.136190847   30    0
        30
          31           0.131120462   31    0
        31
          32           0.086259348   32    0
        32
          33           0.057316744   33    0
        33
$end
