$energy      SCF               SCFKIN            SCFPOT            MP2
     1 -392.7570931540      392.354650     -785.111743     -1.432174081150
     2 -392.7629617998      392.217307     -784.980268     -1.432342572671
     3 -392.7641590518      392.174874     -784.939033     -1.431938415060
     4 -392.7637301382      392.167212     -784.930942     -1.431708979645
     5 -392.7647257183      392.175175     -784.939901     -1.431658746276
     6 -392.7658927588      392.206221     -784.972114     -1.431344033644
     7 -392.7659515898      392.204496     -784.970447     -1.431324333496
     8 -392.7661903756      392.206497     -784.972687     -1.431148063790
     9 -392.7662390534      392.207704     -784.973943     -1.431105896111
    10 -392.7662580525      392.208243     -784.974501     -1.431089203651
    11 -392.7662578883      392.207974     -784.974232     -1.431089698109
    12 -392.7662586863      392.207986     -784.974245     -1.431088961585
$end
