$grad          cartesian gradients
  cycle =      1 MP2 energy =     -394.1892672351 |dE/dxyz| =  0.090994
    7.91488075129936      3.86297684015353     -1.74071310243919      n
    7.38439342947794      1.46891209184377     -2.63669519041151      c
    9.15975522750041     -0.37311603164901     -2.14628725913704      n
   11.28242884681320      0.13276478823738     -0.88070440807003      c
   11.79635158523512      2.61619033905017      0.02553284568586      c
   10.04996741466804      4.42498441594352     -0.45150697394463      c
    5.42785678398236      1.03485900641726     -3.80272556799004      o
   12.93600233084717     -1.72378493573152     -0.49835876501033      n
   12.01820700183016     -3.37198426540775     -0.38810632200087      h
   13.86954017460090     -1.41347829851348      1.11511008173554      h
   13.50770609143032      3.04926284558579      1.04812904127489      h
   10.26968889582088      6.36452562048107      0.15958945070840      h
    6.59747197203693      5.20265623087683     -2.11000735195496      h
  -.31037389518875D-02  -.13154332003800D-01  -.48674576929328D-02
  0.66422217898818D-02  0.24703589699622D-01  0.11742562036549D-01
  -.19918775485761D-01  0.42842598206629D-02  -.10703645802058D-01
  0.57553950644622D-01  -.36229928856739D-01  0.24618907325980D-01
  -.57226910011661D-02  -.21483387718662D-02  -.10394837412484D-02
  0.48702851587579D-03  -.27050537259132D-02  -.18703132575260D-03
  -.61512718593271D-02  -.82385342102702D-02  -.59360456340389D-02
  -.15811498824217D-01  0.17323514866677D-01  -.11989466287837D-01
  0.24151387106608D-02  0.16978696204517D-01  0.75060667662472D-02
  -.14843684420778D-01  0.13456554646462D-02  -.77512404230760D-02
  -.10890685163476D-02  -.19531893406797D-02  -.71730068191611D-03
  0.32211292305395D-03  -.59513495454944D-03  -.29413562626690D-03
  -.77972355212808D-03  0.38879579958984D-03  -.38172895383037D-03
  cycle =      2 MP2 energy =     -394.1953043725 |dE/dxyz| =  0.033043
    7.92843138119601      3.88698245326442     -1.77165725574576      n
    7.37101573278686      1.45175348408130     -2.62356810204577      c
    9.11133363433275     -0.39881637148121     -2.05801856410240      n
   11.19320538818614      0.15081420699363     -0.80647941106554      c
   11.75657961864598      2.64411667455602      0.07185553576810      c
   10.04251035163920      4.46816910027127     -0.45720417975151      c
    5.41914043593154      1.04979702279948     -3.79046243069225      o
   12.91939842717765     -1.73830303706721     -0.47644652400583      n
   12.10062884160622     -3.47163136863589     -0.50500429494859      h
   14.00123409625521     -1.48850688944580      1.08258574984700      h
   13.47430962118447      3.07471073692732      1.09188376109577      h
   10.26032019638015      6.41470089512128      0.13648695217627      h
    6.63614278022061      5.23098173990294     -2.20071475808338      h
  -.17415681846193D-02  -.65646058714792D-02  -.23314703153686D-02
  0.48604521402908D-02  0.12526554478225D-01  0.45227945041413D-02
  -.72026870936153D-02  0.11532299608561D-02  -.42278590558924D-02
  0.16020950444895D-01  -.84835054095508D-02  0.11808445014405D-01
  -.56121416907633D-02  0.12115527549685D-02  -.19397527884948D-02
  0.14422762708071D-02  -.20167553251227D-03  0.15731131811769D-03
  -.28872354016407D-02  -.48186979225271D-02  -.24517807842486D-02
  -.83523905781746D-03  0.33637030124076D-02  -.12912324978601D-01
  -.11692810051243D-02  0.68690079576950D-03  0.49546341995464D-02
  -.34049288833580D-02  0.12660389002431D-02  0.20244315747355D-02
  0.39075714072734D-03  -.39682293091814D-03  -.13920387931110D-03
  -.20483853535147D-04  -.32223629319361D-03  0.64798927881604D-03
  0.15912910692339D-03  0.57956407005211D-03  -.11321413223775D-03
  cycle =      3 MP2 energy =     -394.1960974669 |dE/dxyz| =  0.016617
    7.91245606461067      3.87799283402412     -1.73127760191525      n
    7.37896773410053      1.43438798787508     -2.64351160793721      c
    9.16637558635652     -0.38869867568860     -2.14372371901930      n
   11.18659151313246      0.18542091676278     -0.84364140217817      c
   11.76736361326597      2.66644403094403      0.06411056605585      c
   10.05366855456756      4.48930525189267     -0.47611367438007      c
    5.41791315406592      1.06256443745772     -3.78918181898384      o
   12.87964023328804     -1.74366610279764     -0.38245011693900      n
   12.13648038913859     -3.50195993909481     -0.60688134471282      h
   13.96831340667639     -1.54248779064462      1.18390089102295      h
   13.46302218018893      3.08358489597883      1.12577989621815      h
   10.32586612197804      6.46396917586681     -0.00929608043163      h
    6.55759195417317      5.18791162471119     -2.05445750835356      h
  -.13983807316054D-02  -.20795633780191D-02  0.48349408166781D-04
  -.39630851012840D-03  0.23231275128555D-02  0.17674548241247D-02
  0.39235329839542D-02  -.58230834581430D-03  0.56675410206708D-03
  -.51847153327440D-02  0.79018028202718D-02  -.55475092726018D-02
  -.23987541106605D-02  0.49534752924973D-03  -.11947765517561D-03
  0.96240923926216D-03  0.54618709273235D-03  0.11197301192656D-02
  0.39494668448725D-03  -.91051599479108D-03  -.55648540972619D-03
  0.32949657578296D-02  -.37377063930712D-02  -.49078600620407D-02
  -.11390170135621D-02  -.43484960383022D-02  0.16785200028732D-02
  0.11076223342594D-02  0.16137164073038D-03  0.46424764842641D-02
  -.51986146683536D-03  -.33866001592386D-04  0.21822247002450D-02
  0.17708621237077D-02  0.35486784937522D-03  -.28476867363627D-02
  -.41730198296364D-03  -.90248352059064D-04  0.19735094752369D-02
  cycle =      4 MP2 energy =     -394.1954391178 |dE/dxyz| =  0.034172
    7.94336052792016      3.89159625200097     -1.78261640250432      n
    7.35573959343418      1.41643303572553     -2.62641402493036      c
    9.09735723423360     -0.42254778930544     -2.03624420483120      n
   11.12655393178914      0.18545711135924     -0.78615651265034      c
   11.77690363979985      2.67394681113709      0.05190995220594      c
   10.03127533386752      4.48489773634751     -0.43432846996568      c
    5.39801904221896      1.08416401332884     -3.77780528978714      o
   12.82695630416211     -1.74351121594055     -0.30357758162364      n
   12.18925916734125     -3.51464321936001     -0.66883663810907      h
   14.03865861826025     -1.55152332667014      1.16433536274289      h
   13.56578725142579      3.12182383579011      0.92909324534710      h
   10.17510229639843      6.40752062838284      0.25567548060108      h
    6.68927756469155      5.24115477449158     -2.29177843804916      h
  0.83200525375382D-03  0.20131618291499D-02  -.20359325004449D-02
  -.48926325265255D-02  -.48779781078492D-02  -.86565586236143D-03
  0.11136113963756D-01  -.14021634779748D-02  0.33950496686357D-02
  -.22892519033080D-01  0.13750018883989D-01  -.65986369220230D-02
  0.23303366450342D-02  -.60482925696981D-03  0.80081145612976D-03
  0.29495408988600D-03  0.62492285513649D-03  0.14359270570155D-02
  0.22993160278162D-02  0.20600555074908D-02  0.22652874844731D-02
  0.63048161824319D-02  -.79269203233885D-02  0.87322815642549D-03
  0.13161344101231D-05  -.39779002813658D-02  -.84722215139887D-03
  0.26907175290951D-02  -.48079327691028D-03  0.35750403558890D-02
  0.19966122762582D-02  0.16058995421617D-02  -.38675300515694D-02
  -.21098223242984D-02  -.13664364054407D-02  0.39677796233417D-02
  0.20087856258471D-02  0.58296253670420D-03  -.20981463957992D-02
  cycle =      5 MP2 energy =     -394.1963844646 |dE/dxyz| =  0.021777
    7.94173647958584      3.89042741490350     -1.78140624295509      n
    7.35484554396670      1.41936504104713     -2.62341504327330      c
    9.09365402108782     -0.42177699874332     -2.03467396690233      n
   11.13352195415629      0.17748700898437     -0.77894234957991      c
   11.77268892204408      2.66832751993608      0.06101888455192      c
   10.03482208675671      4.48288073432527     -0.44264748551646      c
    5.39735736120084      1.08212085615484     -3.77910141670988      o
   12.83553744020474     -1.73707913722754     -0.31836485883915      n
   12.19176826116759     -3.50371057453171     -0.67655859283807      h
   14.03807204441040     -1.54782697192973      1.15229057170281      h
   13.54018862144649      3.10899109096439      0.98313462254345      h
   10.20529975176297      6.41928601147997      0.20141923657697      h
    6.67475801775232      5.23627665192433     -2.26949688031487      h
  0.77287604281384D-03  0.11449874378968D-02  -.17174993235965D-02
  -.34799433254036D-02  -.29110968094275D-02  -.18715349798004D-03
  0.63552411095769D-02  -.12760976375610D-02  0.12308505490060D-02
  -.14633115229635D-01  0.89411393450964D-02  -.28500321887037D-02
  0.25618263055813D-02  -.56072369739546D-03  0.14680851818127D-03
  -.41645950724867D-03  0.43543715747063D-03  0.13422217474055D-02
  0.11407972126847D-02  0.12867105133099D-02  0.12210305684306D-02
  0.50516446269491D-02  -.52771303102421D-02  0.40239162840319D-03
  0.17084510955478D-03  -.21115009541237D-02  -.36097260069734D-03
  0.11472468482445D-02  -.48879049716391D-03  0.21908968667308D-02
  0.13716280267060D-02  0.10957647434071D-02  -.26654232930636D-02
  -.14530858113327D-02  -.79457121936954D-03  0.27531555937275D-02
  0.14104985635237D-02  0.51587186531954D-03  -.15062746007408D-02
  cycle =      6 MP2 energy =     -394.1972367924 |dE/dxyz| =  0.004364
    7.94132783850185      3.89154165575131     -1.78295186979735      n
    7.35700333894662      1.42338946708657     -2.61535204843115      c
    9.08349045030002     -0.42128187878193     -2.01666139186612      n
   11.13730313011323      0.16468721507296     -0.75799947703821      c
   11.75349204889894      2.65815010242787      0.09141711727731      c
   10.04766739616408      4.48567646002225     -0.47029055824541      c
    5.40247914247250      1.07810808722377     -3.77995819645709      o
   12.83736158444578     -1.72703172567733     -0.33712936504684      n
   12.20087732154959     -3.48906711633256     -0.70942426658873      h
   14.06745509615745     -1.54028938226663      1.10403396346006      h
   13.46566153775572      3.07888321237983      1.12004247682678      h
   10.27737938110619      6.44739015612435      0.06989329973278      h
    6.64275223913082      5.22461239425712     -2.22236320537994      h
  0.45003658631293D-03  -.79995516903963D-05  -.32696550347255D-03
  -.61943576834622D-03  -.27712910758870D-03  0.50175133689656D-04
  0.88205410401443D-03  -.49331500919614D-03  0.25948061515813D-03
  -.28117540954309D-02  0.85940466989065D-03  0.73060130694547D-03
  0.15064546705812D-02  -.47933257227140D-03  -.85092002323428D-03
  -.60938706864322D-03  0.27370613124944D-03  0.85900679116513D-04
  0.34414396023408D-03  0.29040782612455D-03  0.12391002129064D-03
  0.15846868136880D-02  -.12248570381956D-04  -.85058803902291D-03
  0.13880724193815D-03  -.64408308623420D-04  -.50195652869456D-04
  -.57396245662122D-03  -.29134141533935D-03  0.54506871731874D-03
  -.22424474276495D-03  0.18162011587775D-04  0.10089017137105D-03
  -.13052710057082D-03  0.12004959697443D-04  0.34266881063783D-04
  0.63127901488436D-04  0.17208874436303D-03  0.14837567652504D-03
  cycle =      7 MP2 energy =     -394.1972759233 |dE/dxyz| =  0.001764
    7.93638939877209      3.89103245102560     -1.77588115731322      n
    7.36143740639709      1.42685764708353     -2.62269733806366      c
    9.09354355710702     -0.41530004979820     -2.03610865206268      n
   11.14675145172335      0.16482426272054     -0.76910438789633      c
   11.75320024507107      2.65794718843825      0.09027812809256      c
   10.04552936368086      4.48444949683647     -0.46692146171098      c
    5.40595886636639      1.07855199101296     -3.78646985011397      o
   12.83035863769437     -1.73199258284028     -0.32716907778481      n
   12.18762868966654     -3.49369119652832     -0.68907403563985      h
   14.07300911213160     -1.53693902410874      1.10161799032947      h
   13.46984745060735      3.08106199320346      1.11105087982532      h
   10.27994154285344      6.44716848323682      0.06753401089186      h
    6.63065478347163      5.22079798700549     -2.20379857010761      h
  0.26358816720773D-03  -.15060568947955D-03  -.31822299292450D-03
  -.19850204761496D-03  0.28662697413639D-03  0.29461136465270D-03
  -.28683398518847D-03  -.94135427300301D-04  -.31466624106891D-03
  0.67870009376136D-04  -.45288354438400D-04  0.17830357287352D-03
  0.36910356283748D-03  -.13626734575700D-03  -.29272669843383D-03
  -.45859118363945D-03  0.73791067963569D-04  0.47709863826384D-03
  -.31760810703219D-04  -.50085963832380D-04  -.56216156925970D-04
  0.84585413748606D-03  0.33138682612233D-03  -.49806176078396D-03
  -.48430500062757D-04  -.84324561465010D-04  0.11525451713157D-03
  -.45212967570318D-03  -.24636118448423D-03  0.52005949530631D-03
  -.77308038633817D-04  -.31903314673842D-04  -.15698933240493D-04
  0.61301240336098D-04  0.88698928706776D-04  -.30135624705752D-03
  -.54160820492477D-04  0.58467899227033D-04  0.21162143459152D-03
  cycle =      8 MP2 energy =     -394.1973384394 |dE/dxyz| =  0.001501
    7.94027419444149      3.89547083834055     -1.78564693155099      n
    7.35765578301429      1.42618069236747     -2.61835799993726      c
    9.07747839408686     -0.41780817360577     -2.01303041075568      n
   11.13383843171811      0.16111232097684     -0.74883113514059      c
   11.74002256914925      2.65529412092587      0.11063845490541      c
   10.04569555389097      4.48619101626585     -0.46938037876820      c
    5.40271026552904      1.08119506596654     -3.78452842782108      o
   12.80153827692790     -1.73743887055254     -0.29690389332699      n
   12.19611263501266     -3.50051856713381     -0.70500209874810      h
   14.13898706793696     -1.52712260842263      1.03815630081774      h
   13.44992630449168      3.07501008406369      1.14476069771566      h
   10.28257227803304      6.44911755471077      0.06332423335408      h
    6.64743875131057      5.22808517338476     -2.24194193229790      h
  0.76629761003311D-05  0.29235207004685D-03  0.14905435182611D-03
  0.18887683703905D-03  -.26000061456033D-03  -.40843407508095D-03
  -.54021213032751D-03  0.25960626899568D-03  0.26768813109612D-03
  0.51601175908811D-03  -.50987473553299D-03  -.27766630714021D-03
  -.27801531806837D-03  0.19090548167977D-03  -.42506185404356D-04
  0.17093625690623D-03  -.11323950544728D-03  0.16594532863268D-03
  -.12585909279750D-03  0.12741322958032D-04  0.13229102489554D-03
  0.31294917334179D-03  0.51888850460813D-03  0.18990338754521D-03
  -.16661262976525D-03  -.53198822502765D-04  -.24815122427246D-03
  -.24449449791852D-04  -.16828404118754D-03  0.20186274381828D-03
  0.25698957130338D-04  -.11095877883638D-03  0.61394337611542D-04
  -.28374329264502D-04  0.49306786128689D-04  -.13613387359745D-03
  -.58612880112996D-04  -.10824410437404D-03  -.55247601827846D-04
  cycle =      9 MP2 energy =     -394.1973449495 |dE/dxyz| =  0.000937
    7.93865762979735      3.89519694887711     -1.78323259810423      n
    7.35892016609646      1.42705485827081     -2.62118744461848      c
    9.07629865725323     -0.41790530599457     -2.01261890350716      n
   11.13108919931669      0.16048971752896     -0.74602215105573      c
   11.74053659666009      2.65540728012736      0.10920104531797      c
   10.04557843983190      4.48602814520666     -0.46940855758130      c
    5.41049844153583      1.08461442802108     -3.79907132690507      o
   12.79262160804677     -1.74056612753093     -0.28714378789013      n
   12.19003315388354     -3.50483700876137     -0.69182978700629      h
   14.15290191223911     -1.52174049149043      1.02252401472825      h
   13.45371330175757      3.07646916565079      1.13739433702973      h
   10.28055037429252      6.44772011584407      0.06860295822738      h
    6.64285102483177      5.22683692153803     -2.23395132018883      h
  0.75778384331038D-04  0.25726871951637D-03  -.27241044065818D-04
  0.25722782317938D-04  -.22077783397090D-03  -.18798960843558D-04
  -.19374847114673D-03  0.18760715732746D-03  0.14058609584477D-03
  0.17868878322158D-03  -.29824293355396D-03  -.10081017850849D-03
  -.36823872446412D-03  0.17260277258169D-03  0.12672815863013D-03
  0.29883016409160D-03  -.93973654486490D-04  -.84459629250855D-04
  0.61276243812358D-05  0.17921822789813D-04  -.73688145064921D-04
  0.19921802875800D-03  0.26506005057314D-03  0.12350297756014D-03
  -.16591486110173D-03  -.86430125199044D-05  -.13157188917379D-03
  0.30437747795098D-04  -.10058418481318D-03  0.53728598889968D-04
  0.10630431348524D-03  -.63891301583574D-04  -.70904390998550D-04
  -.71331035306543D-04  0.29083462331769D-05  0.23237965654177D-04
  -.12187461139401D-03  -.11725612499447D-03  0.39690475663656D-04
  cycle =     10 MP2 energy =     -394.1973472562 |dE/dxyz| =  0.000481
    7.93867180171432      3.89520064889046     -1.78339187568371      n
    7.35826825265861      1.42715917268460     -2.62065373551922      c
    9.07712229087749     -0.41767118100020     -2.01534647125014      n
   11.13050999286597      0.16045009600768     -0.74656189493742      c
   11.73996489178008      2.65490833361602      0.10993303035671      c
   10.04507497669957      4.48564001251346     -0.46871696003938      c
    5.40790220009999      1.08426859267497     -3.79518666726403      o
   12.79040624321574     -1.74131393561927     -0.28568352558274      n
   12.18985409748757     -3.50646751622509     -0.68829641427122      h
   14.15893384173482     -1.51840258491425      1.01438407202811      h
   13.45008633118001      3.07514082334424      1.14343987091994      h
   10.28060782643557      6.44719555568238      0.06951990386837      h
    6.64684775879309      5.22866062963257     -2.24018285417915      h
  0.18911762629692D-04  0.14105646292517D-03  0.68314587082785D-04
  0.44319682122484D-04  -.93097701888478D-04  -.29431172396066D-04
  -.15174923468919D-05  0.73480310174290D-04  0.67945352465237D-04
  0.11646545364563D-04  -.78769493873865D-04  -.94819462496787D-04
  -.20962728742902D-03  0.14119853395078D-03  0.29187306575196D-04
  0.15413906009454D-03  -.89772296844259D-04  -.21060351330870D-04
  -.14556770381091D-04  -.83840240132638D-05  0.24639487801181D-05
  0.12964606339771D-03  0.82062289184393D-04  0.83515106029663D-04
  -.13134158105177D-03  0.10937790499099D-04  -.50648480726223D-04
  0.31641545882088D-04  -.56487636218169D-04  -.36444025828253D-05
  0.52406412066830D-04  -.55213042895463D-04  -.13873896457461D-04
  -.36922680693552D-04  -.32909674212434D-05  0.18091033613832D-04
  -.48745138045092D-04  -.63720398935097D-04  -.56039534753749D-04
  cycle =     11 MP2 energy =     -394.1973475864 |dE/dxyz| =  0.000235
    7.93835268409472      3.89500886033240     -1.78285940654181      n
    7.35791826157946      1.42741156266217     -2.62107133593668      c
    9.07689363161152     -0.41785097745403     -2.01649707582250      n
   11.12973831277352      0.16008297966157     -0.74657355683062      c
   11.74016695699618      2.65447177541929      0.10934661173391      c
   10.04485221418886      4.48525672569595     -0.46844843221795      c
    5.40780614651002      1.08516905518237     -3.79616122874458      o
   12.78944800859351     -1.74162357126935     -0.28453060248687      n
   12.19129430495407     -3.50753633103057     -0.68672074882226      h
   14.15984676303506     -1.51643201870929      1.01308258833886      h
   13.44964946583901      3.07477846033355      1.14372533409621      h
   10.28134070839971      6.44693579569006      0.06894289087051      h
    6.64694304696719      5.22909633077345     -2.23897855919010      h
  0.38220894129637D-04  0.66306101154545D-04  0.48514608498973D-04
  -.14564659126970D-04  -.30070457020193D-04  -.64008004538874D-05
  0.34848500717999D-04  -.10451197308470D-04  -.89072008711000D-05
  -.78625889276651D-04  0.42188238415175D-04  -.88840661511824D-05
  -.33828971104377D-04  0.61021968138064D-04  -.76587093049696D-05
  0.55962120566466D-05  -.46520200205791D-04  0.43930963364858D-05
  0.13061816659388D-05  0.92425572044696D-05  -.75207171157388D-06
  0.11940706299285D-03  -.16532084211818D-04  0.57447613415973D-04
  -.72271528319900D-04  0.18356248074447D-04  -.18571272913048D-04
  0.19363808646311D-04  -.28176141723346D-04  -.15507557098005D-04
  0.10420161355995D-04  -.34818759220068D-04  -.42212158577470D-05
  -.47320182970934D-05  0.21443628028806D-05  -.75051849022234D-05
  -.25139637575222D-04  -.32690816387237D-04  -.31947210275218D-04
  cycle =     12 MP2 energy =     -394.1973476479 |dE/dxyz| =  0.000122
    7.93837706009424      3.89499732971487     -1.78297053831527      n
    7.35769359257026      1.42758065167497     -2.62125101546090      c
    9.07659236046849     -0.41794974288314     -2.01692695622272      n
   11.12951825857209      0.15977964647345     -0.74689871746371      c
   11.74032997072855      2.65414446077274      0.10882958960927      c
   10.04499696421779      4.48507530887894     -0.46871061240273      c
    5.40745991605646      1.08548621111794     -3.79618524360403      o
   12.78912094334349     -1.74167948311646     -0.28420047775816      n
   12.19266114228619     -3.50811426248599     -0.68631936276203      h
   14.15940068879529     -1.51524936070597      1.01329875278018      h
   13.44940796723999      3.07458065587067      1.14378866784770      h
   10.28157824268540      6.44662808446352      0.06910871245644      h
    6.64711339848460      5.22948914751203     -2.23830632025790      h
  0.28394355287453D-04  0.11267055155528D-04  0.31651952256184D-04
  -.18041964136017D-04  0.95006871621006D-05  0.55784631893818D-05
  0.37619877621964D-05  -.32275434564966D-04  -.32178116153858D-04
  -.21196618640751D-04  0.33595468409087D-04  0.25212404583641D-04
  0.29882013524940D-04  0.42531999935314D-05  -.17710911954794D-04
  -.31484649307689D-04  -.16110241247702D-05  -.22496208888612D-04
  0.54982180941465D-06  0.69426125977046D-05  -.51993841587716D-06
  0.51098847897890D-04  -.13302867195364D-04  0.29104376759737D-04
  -.24184285683626D-04  0.14941864530549D-04  -.50459266252023D-05
  0.12869475085608D-06  -.65883828663099D-05  -.10887364377155D-04
  -.90409569510896D-05  -.17416085235089D-04  0.61467950827065D-05
  -.66241312324244D-06  0.78629154387500D-06  0.19181896679932D-05
  -.92047152477903D-05  -.10093565375513D-04  -.10773684423704D-04
$end
