$hessapprox internal
  0.100776516421D+01  0.108479522833D-01  0.446011203164D+00 -0.159898299153D-03
  0.123851974334D-02  0.188544938085D+00  0.347704916974D-02 -0.724227609295D-02
  0.459670369343D-03  0.166900990020D-01  0.412310946805D-02 -0.542571175291D-03
 -0.133485003949D-02 -0.143034338445D-03  0.540323573438D+00  0.356676875877D-02
 -0.276769136147D-02 -0.119645234543D-02 -0.167040451587D-02  0.283673307417D-02
  0.543057461060D+00 -0.257241228217D-02 -0.416879832428D-02  0.955452843624D-03
  0.591036936493D-03  0.305645453852D-02 -0.380084042710D-03  0.338266525681D+00
  0.801115475850D-02 -0.367700615601D-01 -0.106351136384D-02  0.168141022071D-01
  0.320709437425D-01  0.279131901872D-01 -0.340062095228D-01  0.124632422471D+00
  0.168022748590D-02  0.130277069750D-01 -0.496265521429D-02  0.129955048572D-01
  0.319038370264D-02  0.152764781731D-01  0.247454711627D-01  0.793873562892D-02
  0.271669894330D+00 -0.495164246769D-03 -0.361555053400D-04 -0.271176380986D-03
  0.101453206022D-02  0.702721762775D-03  0.563643854665D-03 -0.148087225033D-02
  0.211132829538D-02  0.622815808284D-02  0.449709071239D+00 -0.345496871172D-02
 -0.373450853429D-03  0.155126543292D-02 -0.349954391119D-02 -0.147375701963D-02
 -0.548142702773D-02 -0.782828271412D-02  0.732163045622D-02  0.388235187602D-01
 -0.240068918554D-02  0.358236418640D+00  0.138210751651D-02 -0.230085524140D-02
  0.732538112356D-02  0.283018949736D-03  0.155765399202D-02  0.513695615927D-04
 -0.396989557411D-02  0.362883518765D-02  0.171001351834D-01 -0.116634804331D-03
 -0.659730965556D-02  0.867904515264D-01  0.487026554753D-03 -0.640946121054D-03
  0.344654932978D-04 -0.282453371895D-03  0.214062948510D-03  0.243537409464D-03
 -0.402787162976D-04 -0.105359459893D-02 -0.950645099079D-04  0.670637962686D-04
  0.189945309375D-03 -0.207253162758D-03  0.445018033850D+00  0.738487501309D-03
 -0.336833723466D-02  0.881519389156D-03 -0.458801785608D-02 -0.846830699785D-03
 -0.262575675970D-02 -0.266092968936D-02  0.362541180770D-02  0.167386076557D-01
 -0.464237803319D-03 -0.548954255405D-02 -0.192065079487D-02 -0.644976280838D-04
  0.372475192899D+00 -0.505972926805D-03 -0.168261948278D-02 -0.859929455579D-04
  0.147840939990D-02  0.197291726195D-02  0.196709351535D-02 -0.133700631172D-02
  0.656883642030D-02  0.100019245210D-01  0.145926711946D-02 -0.366349769860D-02
  0.326433405052D-01 -0.292924318749D-03 -0.673094040708D-03  0.943232909721D-01
 -0.470288488737D-03  0.596481887616D-03 -0.608882523530D-05 -0.115499261809D-03
 -0.101739094474D-03 -0.864682812813D-04  0.209235134765D-03  0.171202992552D-02
 -0.291726983579D-03 -0.188496520472D-04 -0.423883451232D-04 -0.226237790616D-03
  0.177074065238D-04  0.202868212502D-04 -0.213864285524D-03  0.513667967481D+00
 -0.314279581350D-02 -0.371755626997D-02  0.206453809085D-02 -0.334760393128D-02
 -0.553782285136D-03 -0.617541480486D-02 -0.126315844753D-01 -0.766944717154D-02
  0.526263216341D-01 -0.305902706403D-02 -0.184431373227D-01 -0.800156646995D-02
  0.132230603374D-03 -0.705144394384D-02 -0.408697448604D-02  0.982589488469D-04
  0.348509671553D+00 -0.124358162864D-03 -0.866639703350D-03  0.207009473122D-01
 -0.310498169192D-02 -0.366470660959D-03 -0.739309215469D-03 -0.429235251852D-03
  0.246070361786D-02  0.240166516553D-02  0.172506795237D-03 -0.883558965501D-03
 -0.593023565704D-02  0.101595488740D-03 -0.763057730404D-03 -0.142344404941D-01
  0.149790231927D-04 -0.857209185395D-03  0.823535140505D-01  0.378844569615D-01
 -0.205661962308D-01 -0.664600290301D-03 -0.702532393251D-02 -0.178504003919D-01
 -0.109700951662D-01  0.200809030815D-01  0.827467493667D-01 -0.511931898794D-02
  0.458751560978D-03  0.702862757113D-02 -0.869408260397D-02 -0.192231685012D-03
 -0.259526610629D-02 -0.567972688524D-02  0.904850616755D-03  0.100862558636D-01
  0.282494136884D-02  0.539424485151D+00  0.773941346995D-02 -0.445607001571D-02
  0.527571305294D-03 -0.611586764155D-02 -0.356462863953D-02 -0.231011166501D-03
  0.122039921966D-01 -0.311185641244D-02 -0.452339766932D-01  0.276577804886D-02
  0.178216402517D-01  0.552101033856D-02 -0.522666191874D-03  0.402417471626D-02
  0.111007012521D-02  0.111200099080D-03  0.236522068919D-01  0.285768765072D-03
 -0.207639135769D-01  0.412210271674D+00 -0.112535958911D-02  0.119177781853D-02
 -0.541001281456D-02  0.434084391326D-02 -0.687457847214D-04 -0.242009320834D-02
 -0.568627648668D-02 -0.263927450589D-01  0.173363482738D-02 -0.126842139677D-02
 -0.197840082591D-02  0.104250153250D-01 -0.302655815594D-03  0.105529312659D-02
 -0.160101992888D-01 -0.496614236624D-04 -0.279956595829D-02  0.591518487633D-03
 -0.220974703312D-02  0.607502827324D-02  0.157564250957D+00  0.437620668050D-03
  0.468269635039D-03 -0.730927537725D-04  0.238680006348D-02 -0.294542881099D-02
 -0.302138152402D-02 -0.646936032051D-03  0.797995150999D-02  0.865223727669D-02
 -0.716429642891D-04 -0.337762657905D-02 -0.363380829533D-03  0.353019450436D-04
 -0.317490869501D-03  0.322893075683D-02  0.279442912442D-04 -0.399140172064D-02
  0.708997209870D-03 -0.133146161645D-01  0.598757244770D-02 -0.638781131477D-03
  0.641142248121D+00  0.299858376083D-02 -0.187177545498D-02  0.217954879798D-03
 -0.269638853794D-02 -0.476161092956D-03  0.672043265319D-03  0.433168225659D-02
 -0.472102245397D-02 -0.180520036695D-01  0.691454280112D-03  0.725522766348D-02
  0.242762797515D-03 -0.152041067589D-03  0.143968908472D-02 -0.269199172579D-02
  0.657290150107D-04  0.922971034758D-02  0.254878737130D-03 -0.336208276772D-02
 -0.102138796917D-01  0.116896857995D-02  0.132145265444D-02  0.709186186113D+00
  0.154541979020D-02 -0.333113101834D-02 -0.721260928010D-03  0.817311382206D-03
  0.386229229526D-02  0.397883904636D-02 -0.284587446959D-02 -0.900554258549D-02
  0.496605359695D-02  0.582183717633D-03 -0.125076038946D-02  0.957380162451D-03
  0.790775900377D-04 -0.386688281330D-03  0.254256796525D-03  0.648934392065D-04
 -0.245584232380D-02  0.469857239269D-03  0.488189722953D-02 -0.188077784105D-03
 -0.664069161926D-04  0.770910899721D-04 -0.235114306609D-03  0.550655152719D+00
 -0.146002357386D-01  0.141850900262D-01  0.174817860315D-02  0.697584624895D-03
  0.608283069471D-02  0.484035824170D-02 -0.226130840401D-02 -0.829764582757D-02
 -0.129887471938D-01 -0.976059526217D-03  0.128737511627D-02  0.112993188777D-02
  0.671790777913D-03  0.191853442082D-02 -0.924528119395D-02 -0.615878804966D-03
  0.269615633076D-02  0.948004520323D-03  0.684524686007D-01  0.494901988077D-02
  0.257376659251D-02  0.207288481929D-02  0.308912782552D-02  0.108747497846D-02
  0.668379833876D+00  0.393335052140D-02  0.360220622944D-02 -0.202261966388D-04
  0.200792998215D-03 -0.488350283907D-02 -0.180622964940D-02  0.103935219862D-01
  0.183189298156D-01 -0.311119328978D-01  0.313600137883D-03  0.108666808585D-01
  0.109813032581D-02 -0.198347705905D-04  0.348007597152D-02 -0.327887330292D-02
 -0.205100175813D-04  0.152870210871D-01  0.794203735122D-03 -0.206500907220D-01
 -0.120320641557D-01  0.310218722851D-02 -0.969614836534D-03 -0.316210036238D-02
  0.420056118114D-03  0.814327048619D-02  0.576049430818D+00  0.134804613288D-01
 -0.215479962016D-01  0.100004003310D-02 -0.730309200738D-02  0.524560912198D-04
 -0.250262188736D-02 -0.704957315431D-02 -0.356928762801D-01  0.277548078076D-01
  0.335830980728D-03 -0.495441312301D-02 -0.424241519337D-02 -0.613823402240D-03
 -0.506454393132D-02 -0.215034403740D-03  0.717855302670D-03 -0.100765753919D-01
  0.881790044630D-04 -0.296099864005D-01 -0.843360894679D-03 -0.122788887311D-02
  0.189972206212D-03 -0.113935962205D-02 -0.228703224044D-02  0.176833919518D-01
  0.377906478107D-02  0.551366850352D+00  0.162019329703D-01 -0.147885459075D-01
  0.113875327413D-03 -0.550939799824D-02 -0.522249234940D-02 -0.341411555537D-02
  0.725720637968D-02 -0.153273745322D-01 -0.196686403130D-01  0.105055683439D-02
  0.113763515810D-01 -0.150141385331D-02 -0.755705100786D-03  0.655315356376D-03
 -0.141366081841D-02  0.627301750475D-03  0.127340833177D-01 -0.719112860481D-04
 -0.501434638124D-01 -0.189252167079D-01  0.377289857431D-03  0.181279853821D-04
 -0.658089965070D-02 -0.256829410080D-02  0.211787103537D-01 -0.753877096900D-02
 -0.180109334109D-01  0.403556132233D+00  0.959390167000D-03 -0.733010924558D-03
  0.111865739876D-02 -0.165551744196D-03 -0.419538450220D-02 -0.512463978929D-02
 -0.299766676305D-03 -0.490574791422D-02  0.339946366306D-02 -0.778332447865D-03
 -0.842821083002D-03 -0.191712478673D-02 -0.984834069318D-04 -0.332665328465D-03
 -0.134225692649D-02  0.119401008448D-03 -0.142585076920D-02  0.649097553689D-03
 -0.943739500705D-02  0.418295323847D-02  0.108076802640D-02 -0.404948675954D-04
  0.132408762639D-02 -0.194737772799D-02  0.468139431339D-02  0.164252468190D-02
 -0.277073428348D-02 -0.227898439667D-03  0.434485620896D+00 -0.729735498838D-02
  0.661320210977D-02  0.524894774483D-03  0.102192979033D-02  0.210281000836D-02
  0.928434135091D-03 -0.365855988852D-02  0.136260749774D-01  0.139966673954D-01
 -0.563793954311D-03 -0.715111905801D-02  0.767541782277D-03  0.416367309189D-03
 -0.127220794929D-02  0.302423078010D-03 -0.340326480453D-03 -0.795119138340D-02
  0.124699746172D-03  0.223971943232D-01  0.100969922934D-01  0.842028991292D-03
 -0.248905960084D-03  0.365284884417D-02  0.180373889852D-02 -0.842509570383D-02
  0.416829041999D-02  0.792153705810D-02  0.122412524799D-01 -0.453140913224D-04
  0.424868145312D+00 -0.966063305148D-03  0.171338168059D-02 -0.571863439902D-02
  0.778116645478D-03 -0.203258819991D-02 -0.187109929857D-02  0.396070455548D-03
 -0.607085763536D-02 -0.522341692759D-02 -0.722522081309D-03  0.191301707605D-02
 -0.332425819222D-01  0.189201237266D-03  0.817981361131D-03 -0.376032133794D-01
  0.220240164354D-03  0.192586466541D-02  0.882490022022D-02  0.292022664893D-02
  0.938315928367D-03  0.961332392181D-02 -0.131220729609D-02  0.193002161436D-02
 -0.563978310875D-03  0.280038440026D-02  0.142537876709D-02  0.173383019672D-02
  0.224471614962D-02  0.111244745041D-02 -0.112410685694D-02  0.578186051075D-01
  0.353125037129D-03  0.153144034749D-02  0.146687586539D-01  0.666584576937D-03
 -0.678994296625D-03 -0.890083164028D-03  0.121792227434D-03 -0.724551219355D-02
 -0.836269854857D-02 -0.710005025472D-03  0.236954850975D-02  0.784582326544D-03
  0.230616312142D-04  0.124180808049D-02 -0.181163553423D-01  0.243614692581D-05
  0.309933545421D-02  0.186103566419D-01 -0.111957887803D-03 -0.588156702263D-03
  0.232053808557D-01 -0.127033480197D-02  0.501684332227D-03  0.245312507254D-03
  0.500755207064D-02  0.734918253585D-03  0.672920328056D-03 -0.896568395085D-03
  0.931172509971D-03  0.133908322649D-02  0.930654446535D-02  0.454885449445D-01
 -0.724999332850D-03  0.375172778494D-03  0.117401939816D-01  0.764736118732D-03
 -0.264992846822D-02 -0.227236660890D-02 -0.381305567302D-03  0.112760574577D-02
  0.501676650925D-02 -0.380407539719D-03 -0.128038565886D-02 -0.310504115690D-01
  0.336051665745D-03 -0.177150990844D-03 -0.266238895293D-01  0.285549527967D-03
 -0.237791131049D-02  0.217097989077D-01  0.246497493927D-03  0.523602246083D-02
 -0.195124692241D-01 -0.909741803935D-03  0.298235475937D-02 -0.865342588382D-03
  0.242319410492D-02  0.148357466657D-02  0.108045053704D-02  0.309497541993D-02
  0.481492198048D-03 -0.176401147321D-02  0.245013420997D-01  0.863006936081D-02
  0.590184116507D-01
$end
