$coord
-1.7786196858773518 -6.547324687566291 1.3674001613270161 ag
-4.1925879746926356 2.0431397706513805 -0.2801859144242362 ag
-7.4636925741535185 -3.192788679292785 -2.869492442575403 n
-5.406729456832504 -3.701612558660153 -1.3311023017466568 c
-4.8630004460454765 -6.230699184101652 -0.952276462583999 n
-6.236256868661514 -8.063629599067902 -2.008319676907748 c
-8.34062754550421 -7.493232773078976 -3.588015451571745 c
-8.883742395297714 -5.0191844212879335 -3.9645150378635456 c
-4.1589773056747115 -2.01329910527063 -0.37324358816305425 o
-5.594840355107562 -10.459001092999266 -1.5526821395795931 n
-6.5898794303760635 -11.893063233426487 -2.3141605133260987 h
-4.104402014927067 -10.86934756407573 -0.4261502507344475 h
-9.462170557355805 -8.963154356623487 -4.453472226385 h
-10.441797026276046 -4.387086147300346 -5.13128675500441 h
-7.858257942285607 -1.3376142980041492 -3.139904693434999 h
4.04414431769472 -9.384094632406715 5.855312646502731 n
1.9886230614138867 -9.10628599345895 4.252851341103384 c
1.2980698889257132 -6.643651587516793 3.7090788666152763 n
2.5287049007624463 -4.662766954621314 4.6710118297436125 c
4.628266224594314 -4.999493474972474 6.323076556432258 c
5.318384760071686 -7.406554814768276 6.861982986125519 c
0.8679927872849772 -10.922762562977148 3.3839760517138657 o
1.7501434027652922 -2.345061315067979 4.05208683663559 n
2.636867155489697 -0.810331573760638 4.749403338957068 h
0.25649252815713147 -2.093111688536794 2.8800692397469607 h
5.634239255273685 -3.4112561381831528 7.118433940307704 h
6.885844558018543 -7.86350760148564 8.096202808438301 h
4.54855001736098 -11.189631577335641 6.249677703664623 h
$user-defined bonds 
 
$end