$coord
   -8.32201775714721     12.79915522504309      5.80813956617886      Cu
   -4.12986872607378     14.90444087727211     12.59641563068427      S
   -7.32268728304383     15.78783464682256     13.58606157455804      C
   -7.81586010117465     14.78326796168537     15.33811913718413      H
   -8.71897721223232     15.27017181420710     12.13101617289235      H
   -7.46001942980714     17.82955556764681     13.94549728195301      H
  -10.71760166570045     15.65842903670146      3.46405175812247      S
  -12.60945030954715     16.35238647149783      6.27319419567567      C
  -12.83110136168025     18.40056522246250      6.54304758070453      H
  -11.72607829100795     15.54615470939105      7.97789172023563      H
  -14.50091384935952     15.51374986716799      6.06978548426378      H
   -5.81739846734925     12.54047726783611      9.28201006381958      Cu
   -6.92693397524188     16.99401089766546      4.83622793947884      Cu
   -4.07864815981176     16.69326337967447      8.75358213620212      Cu
   -2.99239246941189     18.43527465345189      5.09835066123614      S
   -1.65812345234610     15.45991969151945      3.89236979234190      C
   -1.66939469804466     15.47043600230153      1.81459729218946      H
    0.30322072246112     15.24659449978763      4.54427283250692      H
   -2.78117683671631     13.84393068169348      4.57054226029509      H
$end
