$coord
  -12.54689223885570     13.26459355935502      8.77827774022150      Cu
   -9.84044121810734     15.16271266601930     11.82082814714376      Cu
  -16.14069829983895     11.49918752798996     10.24577183689069      S
  -18.31685008121799     14.17089321202314      9.87143957777091      C
  -19.82133515384409     14.03901112170278     11.29262336269731      H
  -19.18011032023758     14.08255526509797      7.98760781477648      H
  -17.36708676820443     16.00132604846455     10.07891614656387      H
  -13.73916309036332     12.98225697385042     13.33671950171212      Cu
  -10.91011651925712     14.67147278762744     15.92032440719830      S
   -7.18666123837083     12.41528046049255     17.35742312396278      H
   -8.81777789478028     10.59023164369997     15.04514008053891      H
   -9.06086216223776     11.84024896686585     16.68034088582988      C
  -10.01019193208883     10.78080952812986     18.18935386192345      H
$end
