$energy      SCF               SCFKIN            SCFPOT            MP2
     1 -931.5271796844      841.332477     -1772.85966     -3.490511062665
     2 -931.5354216231      841.071535     -1772.60696     -3.492109704601
     3 -931.5409676592      840.853361     -1772.39433     -3.493396925268
     4 -931.5205940272      841.113012     -1772.63361     -3.498542686991
     5 -931.5316255863      841.041539     -1772.57316     -3.495880014675
     6 -931.5387619831      840.982895     -1772.52166     -3.493857469347
     7 -931.5390299377      841.084004     -1772.62303     -3.493636240137
     8 -931.5411950598      840.999474     -1772.54067     -3.493674613397
     9 -931.5424600539      840.952480     -1772.49494     -3.493834038523
    10 -931.5432702454      840.945768     -1772.48904     -3.493788035697
    11 -931.5441504193      840.985918     -1772.53007     -3.493498933000
    12 -931.5445041521      840.996302     -1772.54081     -3.493338128601
    13 -931.5447354074      841.020400     -1772.56514     -3.493160381234
    14 -931.5448983999      841.003655     -1772.54855     -3.493095952882
    15 -931.5450463262      840.997124     -1772.54217     -3.492986558583
    16 -931.5453054227      840.995006     -1772.54031     -3.492763245495
    17 -931.5457247018      840.995628     -1772.54135     -3.492380761813
    18 -931.5458165632      840.997265     -1772.54308     -3.492312431017
    19 -931.5458285958      840.998297     -1772.54413     -3.492307396475
    20 -931.5458406332      840.997968     -1772.54381     -3.492301588446
    21 -931.5458435900      840.996727     -1772.54257     -3.492305552174
    22 -931.5457851064      840.995601     -1772.54139     -3.492370895473
    23 -931.5457197528      840.994930     -1772.54065     -3.492439811326
    24 -931.5456911432      840.994153     -1772.53984     -3.492470139233
    25 -931.5456992411      840.993926     -1772.53962     -3.492462708264
    26 -931.5457006945      840.993772     -1772.53947     -3.492461079046
    27 -931.5457042225      840.993779     -1772.53948     -3.492457213928
$end
