$hessapprox internal
  0.481462951863D+00  0.299380628315D-02  0.476184020102D+00  0.181803108263D-01
  0.148274532594D-02  0.509638282965D+00 -0.171213881447D-02  0.716851247168D-02
  0.258615965147D-03  0.492292978253D+00  0.997943511424D-03 -0.317392660731D-02
 -0.639785176617D-02 -0.119064100225D-02  0.498228845512D+00 -0.861784132148D-03
  0.107352681730D-01  0.196452788344D-02  0.190475220489D-01 -0.161404158265D-02
  0.491804205478D+00  0.741018521456D-02 -0.600288476113D-02  0.132065985926D-01
 -0.302559917106D-02  0.172916509827D-01 -0.269668645603D-02  0.491365041588D+00
 -0.366176055111D-03  0.199922963071D-01  0.432164131603D-02  0.390247413877D-02
 -0.208040378570D-02  0.238318819215D-01 -0.247335524997D-02  0.490606916469D+00
  0.984686486498D-02  0.302028704602D-02  0.254872184497D-01  0.115111979691D-02
 -0.467144261374D-01  0.700042039865D-02  0.716442774475D-02 -0.260348681691D-02
  0.469886460586D+00 -0.338528730830D-01 -0.172437357945D-02 -0.653093658825D-02
 -0.458396586287D-02  0.370832170240D-02 -0.636165352928D-02 -0.137644748265D-01
  0.612281866236D-02  0.275383018716D-01  0.574147874164D+00  0.584813070891D-03
  0.442312601389D-01  0.937439193955D-02 -0.164278674775D-02 -0.548114891786D-02
  0.250627857424D-01  0.163455663550D-02 -0.259192736700D-01 -0.108741842560D-01
  0.262700443613D-02  0.542062845023D+00  0.256022439052D-02  0.190088116091D-01
 -0.233790203690D-02  0.165202725293D-01 -0.318369611993D-02  0.189469555718D-01
 -0.612527751153D-02  0.368974252733D-02  0.125142921582D-01 -0.838226312001D-02
  0.106646790872D-01  0.447179757300D+00 -0.120141512642D-01 -0.294927882015D-02
 -0.171853444209D-01  0.699397987803D-03  0.476485522859D-01  0.124302502954D-01
 -0.923975377080D-02 -0.103196788967D-01 -0.280300926960D-01  0.106847333476D-01
 -0.147466453758D-01  0.838370346037D-02  0.487345413060D+00 -0.566982181495D-02
  0.326876917676D-02 -0.197374193217D-01  0.135696617350D-01 -0.229506589639D-01
 -0.855406817954D-02 -0.415239603626D-01 -0.217260523862D-01  0.208501542552D-01
  0.252364790057D-02  0.490045274088D-03  0.150128064538D-02 -0.404076111346D-01
  0.196453486777D+00  0.348770263211D-02  0.101644424347D-01  0.606597699297D-02
  0.509160615707D-02  0.768447774242D-02 -0.978493690834D-02  0.883239875652D-02
 -0.672569221222D-02 -0.578773478796D-02 -0.141552095604D-02  0.202651016121D-01
  0.124589052983D-01  0.761129563281D-02  0.573262074525D-01  0.459837293794D+00
 -0.909040592902D-02 -0.334200204079D-02 -0.108382851772D-01 -0.176876888083D-01
 -0.116619763100D-02 -0.364571297830D-02  0.107410582239D-01  0.304203767396D-01
 -0.129553408529D-01  0.180769868386D-01  0.989646811647D-02 -0.127606785996D-01
  0.149134590771D-01  0.803104420953D-01  0.326668555316D-01  0.249738116057D+00
 -0.140320844726D-01  0.157537845043D-02  0.863418640297D-03  0.578532046570D-02
  0.191157547584D-01 -0.293491887441D-03  0.390892954385D-01 -0.128552615637D-01
 -0.311582502999D-01  0.513670574727D-01 -0.550786428188D-02  0.109874690833D-02
  0.648998120520D-01  0.973612587963D-01 -0.593987180873D-01  0.146805207553D+00
  0.382614996026D+00  0.363309878379D-02 -0.155678540844D-01 -0.595475128252D-02
 -0.672664635853D-03 -0.292045434956D-02 -0.277551258324D-01 -0.422297474502D-03
 -0.571081081203D-01  0.217022248313D-01 -0.272927477219D-02 -0.415590711973D-01
 -0.712742992462D-01  0.541308110322D-02 -0.349353057280D-01 -0.271441562933D-01
  0.640607935096D-01 -0.388460627122D-01  0.462578852708D+00  0.553351502466D-02
 -0.272779516900D-02 -0.106000930590D-01  0.329042905501D-02 -0.133430818137D-01
  0.673604097173D-03 -0.267292113741D-01 -0.217161056332D-03  0.923414007218D-02
 -0.997706853685D-02 -0.409756306042D-02 -0.626746345482D-02 -0.234920849429D-01
 -0.108261676133D-01  0.119879742814D-01 -0.995290449217D-02 -0.282501413515D-01
  0.166220712416D-01  0.100605404047D+00 -0.231565098810D-03 -0.470681976246D-02
 -0.225134873139D-03  0.162635410705D-01  0.440595493697D-02 -0.114479129867D-01
 -0.438896643092D-02 -0.479867319503D-01  0.121329472514D-01  0.254152996668D-02
 -0.407571360783D-02 -0.176956682004D-01  0.656159200317D-02 -0.933127924303D-02
 -0.539773191621D-02  0.209445522996D-01 -0.583012659303D-02  0.667317487960D-01
 -0.483209882337D-02  0.987074098992D-01 -0.111032996939D-01  0.178727578348D-02
 -0.242506935516D-02 -0.538862184758D-03  0.417412550016D-01  0.124234481984D-01
 -0.411219386992D-01 -0.247278303278D-02  0.479180101160D-02  0.353513686897D-01
 -0.792243451098D-02  0.134136779825D-01  0.200770725753D-01 -0.101345608263D-01
  0.173505847299D-02  0.127236155392D-01  0.391062077449D-01 -0.331104857392D-02
 -0.461193110720D-01  0.607698880054D-01  0.469250047658D+00  0.129058609988D-03
 -0.136373418361D-01 -0.375738529635D-02 -0.345601763743D-02 -0.818868788111D-04
 -0.580865630975D-01  0.368705502116D-03  0.616251644446D-02  0.298655067821D-02
  0.222129260324D-02 -0.592974026731D-01 -0.442741497397D-01  0.442967811161D-02
  0.380232345632D-02  0.586537446371D-02  0.294085585526D-02 -0.166482663305D-02
  0.697456732017D-01  0.131471629425D-02  0.920614190006D-02 -0.126609942945D-02
  0.574616919016D+00  0.111436915051D-01  0.289075185048D-02 -0.889624946978D-03
 -0.252783235140D-03  0.154533619074D-01 -0.836225807977D-02 -0.169445422771D-01
 -0.394651624646D-02 -0.297268472666D-01  0.952866425308D-02  0.137684452574D-02
  0.161436811958D-02 -0.339727415786D-01  0.328729962286D-01 -0.155045460900D-01
  0.233021969136D-01 -0.814566299606D-03 -0.471561500375D-02 -0.200714188664D-01
  0.775175423708D-02  0.358554627876D-01  0.307342943906D-04  0.117371903768D+00
  0.436919700942D-02 -0.142696952075D-01  0.142121027068D-02  0.202135255711D-02
  0.540204259833D-02  0.304546172467D-01 -0.238133460079D-02 -0.806206661618D-02
 -0.813541886023D-02  0.507491777880D-02 -0.495295580532D-02 -0.138631538389D-01
 -0.114173420472D-01  0.237325173945D-01  0.472994142039D-01  0.356475676676D-03
  0.160265719195D-01  0.389663667875D-01 -0.448081319544D-02 -0.816266015913D-02
  0.559390119551D-02 -0.825398791364D-02 -0.212564971556D-02  0.991927877444D-01
  0.190052408273D-01 -0.718878691944D-02 -0.769908199288D-02  0.531126290601D-03
  0.203701673381D-01 -0.441886583911D-02  0.258947761497D-02 -0.756235999719D-02
 -0.492325189262D-01  0.690646192360D-01 -0.620621784781D-02 -0.922091487316D-02
  0.880300430295D-01 -0.445788863408D-02  0.288054941176D-02  0.114019909601D-01
  0.528304798460D-01 -0.161699033687D-02  0.453282357489D-02  0.137333541422D-02
  0.487854544315D-01  0.105889625783D-01  0.684633625957D-01  0.130645751635D-01
  0.600609192540D+00  0.201625576183D-02 -0.163687906054D-01 -0.123654390501D-02
 -0.228502326601D-03 -0.113631195421D-02  0.285072625448D-01 -0.101768727403D-02
  0.867038303754D-02 -0.297920317208D-02 -0.127253489433D-03  0.798624748436D-01
  0.301658894812D-01  0.102109590265D-01 -0.487458755038D-02 -0.110201943153D-01
 -0.275935760472D-02  0.149963007666D-02 -0.446316384313D-01 -0.819825582352D-02
 -0.184461656275D-01  0.110050511274D-01 -0.979559314194D-01 -0.307448488583D-02
  0.173823390974D-02  0.301647788994D-02  0.546827319657D+00 -0.388758341410D-02
  0.145426775142D-02  0.225719412128D-01 -0.134226120040D-01  0.826320486746D-02
 -0.854853037480D-02 -0.122883574982D-01 -0.546462512877D-03 -0.154058894705D-01
  0.314553683918D-01 -0.131620504784D-02 -0.604920540967D-02 -0.264591226131D-02
 -0.101426624614D-01  0.782906697371D-02  0.246569711286D-02  0.793934815687D-02
  0.471240339581D-02 -0.210731529264D-01  0.232488311632D-02  0.345782254692D-01
  0.849416065933D-02  0.256608516942D-02  0.110786296760D-01  0.300879090596D-01
 -0.123388855316D-01  0.359113212882D+00  0.420570489563D-02  0.154548812339D-02
 -0.117401555595D-01 -0.157276529155D-01 -0.132588414034D-02 -0.510329154930D-02
  0.777370620555D-02  0.242108811924D-02 -0.812957645112D-02 -0.214811726365D-01
  0.286380820716D-02 -0.683869784784D-02 -0.146778694985D-01  0.156064219902D-01
  0.372906586891D-02  0.915715871832D-02  0.145486463785D-01  0.116530492168D-01
  0.200523555466D-01 -0.613749499583D-02 -0.213685501844D-01  0.405103307063D-02
 -0.161912543798D-01  0.104382154709D-01 -0.123972869351D-01 -0.107889374582D-01
 -0.164926054328D+00  0.223934648485D+00 -0.146062755850D-02  0.516008386706D-03
  0.238761560660D-02 -0.462158767196D-02 -0.364536207124D-02  0.522309651806D-02
 -0.655022838489D-02 -0.249703212583D-02  0.134360455173D-01  0.543916762879D-02
  0.194746790371D-02 -0.216617358615D-02  0.180538664992D-02 -0.210433658218D-01
  0.911797113480D-02 -0.156648317707D-01 -0.758046483178D-03  0.961349878257D-02
 -0.113794172436D-01 -0.287785270331D-02  0.146743842863D-01 -0.689759585558D-03
 -0.287565567842D-01  0.155402597479D-01 -0.841168432644D-02  0.626647328692D-02
  0.873578082563D-01 -0.440040027018D-01  0.145363443484D+00 -0.147597750197D-02
  0.429650117241D-02 -0.571815552154D-02 -0.438236594870D-01 -0.164907592484D-02
 -0.177411863601D-01  0.520076924787D-02 -0.256784215715D-01  0.341941552193D-02
  0.173637418445D-02 -0.273178207018D-01 -0.199683479479D-01  0.869294791668D-02
 -0.764525534905D-02 -0.106778180769D-01  0.251943324022D-01 -0.161930736272D-01
  0.760980079954D-01  0.423774161464D-02 -0.261331372568D-01  0.150742822846D-02
  0.289324619990D-01  0.114387886380D-01  0.227915605830D-02  0.529680548320D-02
 -0.192875751743D-01  0.365019789642D-01  0.890134983010D-01  0.735034274563D-01
  0.433918325614D+00  0.453603949733D-02 -0.135002262124D-02  0.318762500298D-02
 -0.132824423613D-01 -0.680760069155D-03 -0.990310102361D-02 -0.285581923968D-02
 -0.634405006181D-02 -0.422008460259D-02 -0.802882265195D-02 -0.129771396395D-01
 -0.862826667444D-02 -0.227388053585D-01 -0.168222658573D-01 -0.179530735603D-02
  0.204384174847D-01 -0.136425104735D-03  0.188859533954D-01  0.900107737505D-02
 -0.908679535584D-03  0.142221815742D-02  0.552973494106D-02 -0.208297198474D-01
 -0.236296790706D-01  0.390122394853D-04 -0.663648163017D-02  0.216135949645D-02
  0.120046058462D-01  0.348719159672D-02  0.744876452075D-01  0.929712100991D-01
  0.131626030771D-01  0.127533147639D-02  0.459133214690D-01 -0.821238275006D-02
 -0.419756666795D-01 -0.101484416972D-01  0.936421174624D-02  0.118491591519D-01
  0.434883429213D-01 -0.669480570545D-01  0.199156009111D-01 -0.887446854615D-02
 -0.420647403390D-01 -0.146813786575D-01  0.938851541140D-02 -0.383393442060D-01
 -0.594707056541D-01 -0.756732260476D-02 -0.176961421829D-03 -0.628795815783D-02
 -0.227735545079D-01 -0.712168825583D-02 -0.119455878446D-01  0.344151697783D-02
 -0.691942605396D-01 -0.417031123926D-02 -0.526576359681D-02  0.312379130784D-01
 -0.364521888598D-02 -0.143054324447D-01  0.477899938675D-01  0.497344342726D+00
  0.904837415662D-03  0.938706345242D-02 -0.173470319444D-02 -0.406622797873D-02
  0.232789646386D-02 -0.207332786517D-01  0.116257129212D-02 -0.512867070642D-02
 -0.598872465623D-02  0.125783525767D-02 -0.129117616291D-01  0.985314084930D-02
 -0.529275621777D-02 -0.502142081991D-02 -0.385349967008D-01 -0.765875390810D-02
  0.336248213020D-02  0.315024281220D-02  0.244859845782D-02 -0.171270952694D-01
 -0.102597272970D-02  0.517579188412D-02 -0.350865710549D-02  0.147911158600D-01
  0.498355996527D-02 -0.121232908903D-01 -0.325916426460D-02 -0.855133129434D-03
 -0.530235239740D-02  0.325812278493D-01  0.148517843183D-01 -0.419128129744D-02
  0.756876667669D-01  0.336472410595D-02 -0.436673675303D-01 -0.745546127027D-02
 -0.996019573373D-02  0.344428345209D-02 -0.507841613853D-01  0.549791234997D-03
  0.235423050848D-01  0.264680528776D-02  0.451918535914D-02 -0.845795946784D-01
 -0.572419125469D-01 -0.641826858705D-02  0.817387823830D-02 -0.702149952625D-02
 -0.174614721369D-01  0.713919762431D-02  0.111143447941D-01 -0.181487947303D-02
  0.537060219180D-01 -0.154986328518D-01  0.656074680618D-01  0.191731361497D-02
  0.230939541214D-02  0.802282907721D-04 -0.757402233318D-01 -0.100973728354D-01
 -0.301663664594D-01 -0.292271931292D-01  0.140882309654D-01  0.327291766056D-01
  0.218220455518D-02  0.357626496533D-01  0.492406873840D+00  0.202407761296D-01
  0.503115019566D-02 -0.191062007087D-02  0.226060025247D-02  0.536947662427D-03
  0.477081516423D-02  0.294462622504D-01  0.237074700453D-02  0.431895995019D-02
 -0.240030549301D-01  0.107687872350D-01  0.249897164741D-02 -0.431084030760D-01
  0.343529153337D-01 -0.600843222180D-02  0.100297499286D-01 -0.552107764922D-02
 -0.700522551107D-03  0.340412157460D-01 -0.138623968721D-02 -0.104375116720D-01
 -0.531769305736D-02  0.213009778814D-01 -0.638394914701D-02 -0.366996752821D-01
  0.406035883393D-02 -0.496994811942D-01 -0.155626879811D-01  0.295968807318D-01
  0.420064046240D-02 -0.135845097656D-01  0.186284120566D-01 -0.231385482472D-02
 -0.226164120326D-02  0.322751152895D+00 -0.212869606753D-02  0.770943543809D-02
  0.145929459914D-01  0.403529548382D-02  0.126246409952D-02  0.813897124628D-02
 -0.172557417065D-01  0.256315641195D-02 -0.146338187398D-01 -0.386923997245D-02
 -0.105046517225D-02  0.567824795470D-02 -0.476263738449D-02  0.545816108771D-02
  0.100551934985D-01 -0.368010236286D-02 -0.169136702934D-01 -0.509875302853D-03
 -0.682676460701D-02  0.130083381589D-01  0.169557948469D-01 -0.265151974287D-02
  0.207669795109D-01  0.572839773721D-02 -0.121118094502D-02  0.594896956326D-02
  0.150193771212D-01 -0.833187734497D-02 -0.692600059802D-02 -0.440806225853D-02
 -0.354955396825D-02  0.824431215055D-02 -0.106622932916D-02  0.368038596997D-02
 -0.136549409643D+00  0.201069921013D+00  0.546216070096D-04 -0.331255549766D-01
 -0.882217080119D-02 -0.145674552368D-01 -0.440538759256D-02 -0.531284942556D-01
 -0.387798595796D-02 -0.294645480081D-01  0.118569011130D-01 -0.376976006083D-03
 -0.250174206903D-01 -0.336466726390D-01  0.147612235629D-01 -0.111710427927D-01
 -0.346400992154D-01 -0.118719691342D-01 -0.599887521440D-02  0.864887297631D-02
 -0.930789720539D-02 -0.130655239435D-01  0.165769119565D-01  0.494718786130D-01
  0.586734339928D-02 -0.121189557627D-01  0.459646540965D-02 -0.303019288315D-01
  0.167097270014D-01  0.164571241793D-01 -0.464315738257D-03  0.296915307397D-01
  0.274955020354D-02 -0.157035344314D-01  0.351223505901D-02  0.425933529648D-01
 -0.318694324820D-01 -0.468213269072D-01  0.425260808731D+00 -0.988758503005D-02
 -0.701680409373D-02 -0.206344340761D-01 -0.478614896517D-02  0.107416591844D-01
 -0.982901069651D-02 -0.414079123984D-01 -0.308840822828D-03 -0.229669857130D-01
  0.463193027578D-01 -0.115879255914D-01 -0.120761591445D-01  0.741869388224D-02
  0.132493905393D-02  0.774023890350D-02  0.214697716168D-02  0.205014157020D-01
  0.167690244281D-01 -0.308882063585D-01  0.158012369872D-01  0.256478712132D-01
  0.199161498230D-02  0.126084198346D-01  0.376519911713D-01  0.290285052058D-01
 -0.161316888255D-01  0.395685231495D-01 -0.779600106820D-02 -0.269577599852D-01
  0.508123140565D-02  0.588370100925D-02 -0.374905894948D-01  0.249558712243D-01
  0.140100438970D-01 -0.783484953114D-01 -0.424579095679D-01  0.119158900519D-01
  0.284761755244D+00 -0.174791486969D-01  0.111436976996D-02 -0.204539954021D-01
  0.106314418385D-01  0.951418108718D-02 -0.337808637301D-03 -0.450996327017D-01
 -0.103037312640D-01 -0.264284083845D-01  0.604309956201D-01  0.154595943439D-01
 -0.554005935087D-03  0.195987485457D-01 -0.121670717687D-01  0.127931017107D-02
  0.138555564937D-01  0.229302780963D-01 -0.185145731143D-01 -0.410781783429D-01
 -0.613433718826D-02  0.317385274782D-01 -0.452295590632D-02  0.117602373594D-01
 -0.836537328517D-02  0.411944769366D-01  0.194109347230D-01  0.617541867745D-01
  0.209764900117D-01 -0.227343998120D-01 -0.567152943491D-02 -0.462120968847D-02
 -0.493489741996D-01 -0.174809873861D-01 -0.155120107090D-01 -0.847768557964D-01
 -0.486979792477D-01 -0.370032026573D-01  0.112410615170D+00  0.353261171874D+00
  0.730018433832D-03  0.200900455900D-01 -0.402789822634D-02 -0.264753361699D-01
  0.269609073930D-02 -0.465123751930D-01 -0.103839961335D-02  0.586637975489D-01
 -0.105621837834D-01 -0.228626734142D-02 -0.517829537877D-01 -0.101787677783D-01
 -0.553611880303D-02  0.330367126198D-02 -0.106638606352D-01 -0.122854794162D-01
  0.272941859410D-02 -0.150151324485D-01  0.680090530921D-03  0.652344554123D-01
 -0.184584820796D-01  0.306536855419D-01  0.389117025902D-02 -0.213228754210D-01
  0.114208851185D-02 -0.600119320746D-01 -0.730449572864D-02 -0.285336645103D-01
 -0.259095596746D-01  0.165755061537D-02  0.372440704634D-01  0.268607910923D-02
  0.144104584389D-01  0.944597477916D-01 -0.598388958575D-02  0.384157720022D-02
 -0.509427123830D-01  0.151963778962D+00 -0.111622373201D+00  0.434806135023D+00
  0.109252034022D-01  0.443688579940D-02  0.152326538599D-01 -0.389857032581D-02
  0.428743700006D-02  0.302645922692D-02  0.259108255527D-01  0.173736271895D-02
 -0.948291558760D-02 -0.181556200736D-01 -0.556638349057D-02  0.640494589708D-02
 -0.153753110864D-01  0.229344399717D-01 -0.652605698636D-02  0.167040899589D-01
 -0.253867286584D-02  0.451710535727D-02 -0.129301936284D-01 -0.598222609589D-02
 -0.402252742584D-01  0.474160177923D-02  0.220293226556D-01  0.422101442625D-02
 -0.270933038503D-01  0.523888473635D-02  0.225145942731D-01  0.951723746881D-02
 -0.367867195645D-01  0.183495833670D-02 -0.120939327562D-01  0.190570017011D-01
  0.148790659006D-03  0.646048518404D-02  0.100498491507D-01 -0.414361948909D-02
  0.602956550566D-02 -0.186635978557D-01 -0.174602630073D-01 -0.279715595064D-02
  0.100750540153D+00  0.531740939522D-02  0.135650417298D-01  0.629932019912D-02
  0.123948966735D-01 -0.590461890992D-03  0.563024763822D-02  0.564216950119D-02
 -0.325244918423D-01  0.758296759581D-02 -0.692585081837D-02  0.192013206716D-01
  0.209560204555D-01 -0.412481172672D-02 -0.145189629442D-01 -0.297329070909D-01
  0.146011650093D-01 -0.482221746104D-02  0.128694341844D-01 -0.275260077492D-02
  0.174443412552D-01 -0.182976113122D-01 -0.477865099125D-01  0.249652199106D-02
 -0.208959629992D-01 -0.938703938200D-02  0.215856004847D-01 -0.482387958394D-02
 -0.244687156812D-01 -0.327184425871D-01 -0.154750676030D-01  0.246459957301D-01
  0.108835589405D-01  0.824439013643D-02 -0.231769757144D-01 -0.762567491088D-02
 -0.130800771365D-01 -0.783477988599D-02  0.229774721195D-02 -0.685601672188D-03
 -0.537112769933D-01  0.213379853630D-01  0.163710384287D+00  0.143078612079D-01
 -0.147215383899D-02  0.121721680267D-01  0.194119470138D-02  0.744513044043D-03
  0.238873374833D-01  0.168837926480D-01 -0.129962233230D-02  0.244507892227D-01
 -0.272687224351D-01 -0.115626671920D-01  0.147503497252D-01 -0.203795799937D-01
 -0.165870740499D-01  0.281366429520D-02 -0.131994026577D-03  0.170277039896D-01
  0.135437603888D-01 -0.265870399322D-01  0.680553892562D-02 -0.760773485151D-01
 -0.104865898407D-01 -0.243998252468D-01  0.113637677628D-01 -0.342177764330D-01
  0.650502346203D-02  0.267775597516D-01  0.222995177129D-01 -0.637260732328D-02
 -0.130243254862D-01  0.545628841399D-02  0.376581142278D-01 -0.804140911519D-02
  0.240921095674D-02 -0.382365545577D-01 -0.315718036021D-01 -0.153225308134D-02
  0.771288802470D-03 -0.503552221380D-02  0.268896012220D-02  0.114482604638D+00
  0.797899882505D-01  0.329917334085D+00 -0.162866639339D-02 -0.718176181872D-03
 -0.390857080265D-02  0.301063027929D-02  0.412023493577D-03  0.153574108239D-01
 -0.543074146413D-02 -0.861171966872D-02 -0.529962287411D-02  0.100676569747D-01
  0.240451938149D-01  0.132132619808D-01  0.114295284555D-02  0.147570027645D-01
 -0.205977454849D-02 -0.188962523360D-01  0.513350265570D-02  0.226451387659D-01
  0.555379482671D-02  0.628802717328D-01  0.873613124574D-02 -0.534591510588D-01
  0.596114958480D-02  0.941818759353D-02  0.646302297262D-02  0.152016797261D-01
 -0.141101099657D-01 -0.182512387373D-01 -0.439609235827D-02 -0.264837587541D-01
 -0.397951444563D-02 -0.490588973565D-02 -0.527895905743D-02  0.124472247952D-01
  0.116137277373D-01  0.152638539302D-01 -0.227015592299D-01  0.420417878492D-01
 -0.326696139839D-01 -0.114649651083D-01 -0.398633218162D-01  0.141182346810D+00
 -0.316295267828D-01  0.334379852270D+00  0.233640639466D-01  0.211713505016D-02
 -0.842596996836D-03 -0.587493514729D-03 -0.224035663088D-01 -0.122220021795D-01
 -0.571326342666D-01  0.109237626180D-01  0.928569550529D-01 -0.342143674833D-01
  0.173641593862D-01 -0.884501805267D-02 -0.116309778028D-01  0.969364376739D-02
  0.537106494435D-02 -0.224793378511D-01 -0.491785175799D-01 -0.243318702462D-02
  0.104786374282D-01 -0.602025789377D-02 -0.389928807657D-01 -0.278584266954D-02
 -0.889592188218D-02 -0.302108693038D-02 -0.574121225308D-01 -0.806071455469D-02
 -0.102085533863D-01  0.449646539399D-02 -0.665641214209D-02  0.119544092274D-02
  0.152711184512D-02  0.316815415348D-01  0.475929759330D-02  0.450677770876D-02
 -0.159660638009D-01  0.101715659868D-01 -0.700023752507D-02  0.729239943412D-03
 -0.212897723968D-02  0.707358981504D-02 -0.792792101673D-02  0.727441978569D-02
  0.138883684553D-01 -0.136702391699D-02  0.433960739919D+00 -0.275284111466D-01
  0.136557554751D-02 -0.140658549779D-01 -0.577718793880D-03 -0.190667618050D-01
 -0.734193740045D-02  0.340295372470D-01  0.386016361484D-02  0.820657805825D-02
  0.158450486455D-01  0.283180762130D-02 -0.870969234674D-03  0.673502763559D-01
 -0.317306292174D-02 -0.371271652300D-02 -0.583202995370D-02 -0.135365426853D-01
 -0.315763648050D-02 -0.708687442087D-02 -0.582852976321D-03  0.125869880072D-01
 -0.179721102645D-02  0.220460157813D-03 -0.322467006115D-02  0.225814820883D-01
  0.206730551182D-02  0.126430512016D-02 -0.596317710713D-02 -0.986718802705D-02
  0.278798364166D-02 -0.826521486215D-02 -0.159874129664D-01  0.507480973931D-02
 -0.743807751650D-03  0.213757988363D-02  0.657773565375D-02 -0.688287359665D-03
 -0.149294309561D-02  0.438098813895D-02 -0.760718875807D-02  0.403916945246D-02
  0.298586774042D-02 -0.975059053500D-02  0.422301276156D-02 -0.984022113404D-01
  0.993170510819D-01  0.341390732306D-02 -0.299807615075D-01 -0.418697527793D-02
 -0.294670621162D-01  0.170766811249D-03  0.422942860633D-01  0.215716420113D-02
 -0.223308319990D-01  0.276828841517D-02  0.454289449169D-03 -0.352940648320D-01
 -0.443200390006D-01 -0.696859244334D-03  0.785190066011D-02  0.406353278108D-01
  0.243715018350D-01 -0.966880431655D-02  0.130131091099D-01  0.442862515224D-02
 -0.198300479737D-02  0.353462738030D-02  0.255595938367D-01  0.108939316045D-02
  0.197279580439D-02  0.245241176688D-02 -0.151153531011D-01 -0.193159503345D-04
 -0.716130658731D-02 -0.844516252280D-02  0.145394751002D-01  0.171068660506D-01
 -0.470159068052D-02 -0.376936964949D-02  0.146260348915D-01  0.184485336167D-02
 -0.855160999830D-03  0.166755558347D-01  0.358970726183D-03  0.538646384875D-02
 -0.100144601802D-01  0.124832648587D-02  0.401564508884D-02  0.140710350628D-02
  0.116611966124D-01 -0.565347707020D-02 -0.268932831428D-02  0.147229747836D+00
 -0.945827908023D-03 -0.871807681216D-02 -0.461448587445D-04  0.350473374029D-01
 -0.218013321055D-02  0.130819787131D-01 -0.647600410448D-02  0.915386083615D-01
 -0.999813746875D-02  0.271555163895D-02  0.697707285286D-01  0.471537410045D-01
  0.284450103193D-02 -0.685604046477D-03  0.185441331902D-01  0.151995587928D-01
 -0.542494349440D-02 -0.189758001128D-01 -0.147485551077D-02  0.124786314080D-02
 -0.456909625223D-02 -0.332708699335D-01  0.243571259699D-02 -0.311379008933D-02
 -0.915794991301D-02  0.467385632070D-01 -0.592144546441D-02 -0.114994237684D-01
 -0.124328679944D-01 -0.213064196778D-01  0.389466118976D-02  0.495697001470D-02
 -0.172498578703D-03 -0.172589218901D-01  0.136183160702D-02  0.649682230829D-02
 -0.246126531602D-01  0.569175051615D-02 -0.163077845729D-01  0.121593623892D-01
  0.224791569701D-02  0.165046876599D-01 -0.183621101372D-03  0.141912851688D-01
 -0.223073080276D-02  0.765853745205D-02 -0.140382447036D+00  0.351321662784D+00
 -0.338974327107D-02 -0.467515409260D-02 -0.405682395569D-01  0.206548894494D-02
 -0.290772641706D-01 -0.556888517709D-02  0.301221015720D-01  0.188890942840D-02
  0.240527772597D-02  0.442568441284D-01 -0.176012311901D-02 -0.149177029347D-01
  0.507610588056D-01 -0.837552989110D-02  0.734031480448D-02 -0.990789002420D-02
 -0.283913060030D-02 -0.468725112466D-02  0.181136153827D-02  0.103340878501D-03
  0.755041321669D-02 -0.228920098968D-03  0.613396089920D-02 -0.626372524712D-03
  0.410326702947D-02 -0.783386122617D-02  0.488614371827D-02 -0.173039771707D-01
  0.840440548064D-03  0.116338453992D-01 -0.157192508896D-01 -0.216682112557D-01
  0.480902209316D-03  0.140407877006D-02 -0.123129972017D-01  0.154902674974D-01
 -0.262535417760D-02  0.267274049803D-02  0.245050478086D-02  0.697228446314D-02
 -0.419161324246D-02 -0.373715977501D-02  0.436779176023D-02 -0.154254774540D-02
  0.130231348993D-01  0.673192287368D-01  0.114367286921D-01 -0.862265685106D-02
  0.267205355295D+00 -0.133991708192D-01  0.497774703986D-02 -0.355099142827D-01
  0.621351706149D-02  0.247728167808D-01 -0.305680373310D-02  0.252160011433D-01
 -0.103721043108D-01 -0.653321414948D-01  0.650957489040D-01 -0.106682759751D-01
  0.101230826503D-01 -0.243632791372D-02 -0.399993123975D-02 -0.584015077923D-02
  0.895967290452D-02  0.173814977024D-01  0.835919391909D-02  0.390707460515D-03
  0.361642446358D-02  0.155606980624D-01  0.874257540049D-02 -0.327615104804D-02
  0.277708500894D-02  0.382366690707D-01  0.402638638533D-02  0.319712341197D-01
 -0.230052595775D-01  0.226730150187D-01 -0.598370310463D-02  0.252115887244D-02
 -0.524324923099D-01  0.393410518480D-02  0.375851745839D-02 -0.150692822603D-01
  0.386542735025D-03  0.166396059759D-01  0.400402452685D-01  0.517902601106D-01
 -0.981197357270D-02 -0.288872085085D-01 -0.588148260337D-02 -0.343887574565D-01
  0.838642150289D-02  0.413095615416D-01 -0.146022842093D-01 -0.528109563864D-02
  0.146252502050D-02  0.133390294622D+00  0.385174286359D+00  0.524311619453D-02
 -0.401771243771D-02  0.118057380751D-01 -0.201256101780D-01 -0.100853510688D-01
 -0.391369390272D-01  0.845554933622D-02 -0.237730483322D-01  0.169266207697D-01
 -0.130178611763D-01 -0.251587034039D-01 -0.184462407528D-04  0.444134925790D-02
 -0.649141290594D-02 -0.276584721655D-01 -0.924478846045D-02  0.450008684634D-03
 -0.372550564128D-02 -0.137319622112D-02 -0.119467567268D-01 -0.101373064411D-01
  0.115239302037D-01 -0.768915447214D-03  0.125751357223D-01 -0.884645400319D-02
 -0.261743582452D-01 -0.150972487222D-02  0.136189661238D-01  0.366668923769D-02
  0.788477156336D-02 -0.198540675453D-02  0.120518105052D-01  0.134579126863D-01
  0.100562057501D-01  0.254655525795D-02  0.125925152327D-03  0.103539479732D-01
 -0.300988509825D-02 -0.147156901337D-01  0.777433525493D-02  0.413189052817D-02
 -0.578611292461D-02 -0.703638340144D-02 -0.807031538222D-02 -0.378397000738D-03
  0.263479639597D-01 -0.370218938655D-01 -0.572195194959D-01 -0.324346552850D-02
 -0.682153789041D-01  0.193667056821D+00 -0.435729225299D-02 -0.114004969156D-01
 -0.147212647872D-01 -0.564885924949D-02  0.135390559225D-01 -0.809086220830D-02
 -0.624396011114D-02 -0.256734058709D-01 -0.640249537025D-02  0.109190550726D-01
 -0.367950124261D-01  0.956473398421D-02 -0.106033476089D-01 -0.794705384869D-02
 -0.215785800020D-01 -0.251274815296D-02  0.525540428924D-02  0.434235769629D-02
  0.323750263786D-02 -0.127936478336D-02  0.730380907174D-02  0.742153783663D-02
 -0.647196783596D-02  0.549659484969D-02  0.162682130654D-01 -0.197229559867D-01
 -0.505018246781D-03  0.321834781275D-02  0.127271934121D-01  0.104145797199D-01
 -0.116035977895D-01 -0.766855034814D-03  0.158746402482D-02  0.258132279659D-02
 -0.591029732379D-02 -0.129733754046D-01  0.128796312964D-01  0.118281575705D-01
  0.481574686333D-02  0.129693073415D-01 -0.110041800028D-01 -0.129658940564D-01
  0.630540044954D-02 -0.184111156392D-01 -0.505653627438D-02 -0.225337367412D-01
 -0.268036017322D-01 -0.439540948604D-01 -0.691788592710D-02  0.521358101585D-01
  0.576356802430D-01  0.140660570884D+00  0.123041687582D-01 -0.949962808214D-01
 -0.138325957387D-01 -0.233836814418D-01 -0.350061433101D-02 -0.162189760683D-01
  0.423547646702D-02 -0.160678903804D-01  0.724365051837D-02  0.115508230252D-01
 -0.765729567953D-01 -0.203175394858D-01 -0.860252158641D-02  0.812056352794D-02
  0.474971789176D-02  0.105176489018D-01  0.219907702949D-02  0.974489894087D-02
  0.310544859444D-02 -0.412971675704D-02 -0.108897480006D-01  0.860543053464D-03
  0.604617608824D-03 -0.138226802510D-01 -0.138870799287D-01 -0.470488651559D-01
  0.110096524473D-02  0.371054013298D-02 -0.260439639083D-02  0.146109071007D-01
  0.138092584601D-01  0.663460287201D-02  0.144267405403D-02  0.422349644801D-01
  0.608978685663D-03  0.949326604974D-02  0.414398157332D-02 -0.207038697765D-01
 -0.163388234767D-01  0.462965474325D-01  0.538286108065D-02 -0.232646653881D-01
 -0.158388532599D-02 -0.372322231315D-01  0.155278117410D-02  0.330578564235D-02
 -0.139968616913D-01 -0.205087514808D-01  0.294005663867D-01 -0.335309435279D-02
  0.136721464839D+00  0.100704245117D+00  0.416834581785D+00  0.675718211132D-01
  0.208688916407D-01  0.340906321625D-02  0.907050150535D-02 -0.401278155796D-01
 -0.249426817936D-02 -0.349560090747D-02  0.812494278013D-02  0.169223975473D-01
 -0.234483011544D-01  0.242086864434D-01 -0.259302967584D-02 -0.285039499422D-01
  0.641197814185D-02  0.246503867435D-03 -0.191222971482D-02  0.115216708503D-02
 -0.858929553260D-02  0.557011502347D-02 -0.604912537876D-02 -0.203761432639D-01
 -0.556192056406D-02 -0.274905593188D-01  0.349137808640D-02 -0.481605712717D-01
  0.238098952697D-02 -0.274439672653D-01  0.961812210208D-02  0.114272520007D-01
 -0.568165601214D-02  0.726104195365D-02  0.403648895661D-01 -0.303938403740D-03
 -0.468748939324D-02  0.669793729937D-02  0.471555179287D-02 -0.142023963610D-01
 -0.447525796027D-01 -0.597789947455D-01 -0.206632847283D-02  0.371287305241D-02
  0.632566772243D-02  0.336215435793D-01  0.249778903774D-03 -0.124586889656D-01
  0.199701368022D-01  0.910214422496D-02  0.112387909776D-01  0.702592053457D-01
 -0.122551712721D+00  0.126280119965D-01 -0.612605349476D-01 -0.154384895723D-01
  0.288838672842D+00 -0.374869416036D-01  0.655623326024D-02 -0.580996216420D-01
  0.197236204215D-01  0.122204111636D-01  0.104681703382D-01 -0.675408720644D-02
  0.366425411426D-02 -0.148478410929D-02  0.454941066449D-01 -0.404675694871D-02
  0.761523112485D-02  0.460225573658D-02  0.137943593718D-01 -0.118397271407D-01
  0.369774792860D-02  0.783024882514D-02 -0.109466125074D-01  0.646186939883D-02
 -0.104889077566D-01 -0.383378967661D-01 -0.351977445485D-02 -0.242251540041D-03
  0.433402573471D-02 -0.488019432519D-01  0.246172432724D-02 -0.363404833915D-02
  0.591127201517D-02  0.987154398645D-03 -0.136569281802D-03 -0.409759437273D-02
  0.207764529322D-01 -0.587989894882D-03 -0.798319748810D-02  0.122012176956D-02
  0.364717451973D-01 -0.302588098204D-02 -0.360949189072D-01 -0.548527850126D-01
 -0.191170155056D-02  0.153219181873D-01 -0.844961689255D-02  0.372294524904D-02
  0.643208950202D-03 -0.633073719682D-02 -0.200784377203D-01  0.200025443013D-01
 -0.715603958872D-03 -0.195047198975D-01  0.444458105345D-01 -0.595213712271D-01
 -0.140313041320D-02  0.288352530568D-01 -0.112364284578D-01  0.341613555817D+00
  0.175125451496D-01  0.555841078966D-02 -0.325160158953D-02 -0.127304784066D-01
  0.112403174859D-01 -0.176310398767D-01  0.868699629298D-02 -0.195312080865D-01
 -0.989718710701D-02 -0.308122539123D-01  0.361925777411D-01  0.430771700815D-02
 -0.586666711677D-02  0.366754475170D-03  0.234997312407D-01 -0.312199708085D-02
 -0.180350417129D-01 -0.696261009732D-02  0.209778120687D-02 -0.264940342533D-02
 -0.133618531229D-01 -0.138943663810D-01 -0.165050539107D-03 -0.810703438391D-02
 -0.300525308032D-01  0.459270286518D-01 -0.201457844091D-01  0.154602355183D-01
 -0.913150517706D-02 -0.100812406112D-02  0.418545531494D-02  0.257621915854D-01
 -0.232484681874D-02 -0.257016352861D-01  0.118661007948D-01 -0.519431003540D-02
  0.607106458548D-02 -0.670131092647D-02 -0.291078096072D-02 -0.137959472853D-02
  0.564873421930D-02  0.117644513151D-01 -0.375975675720D-02 -0.858595344049D-03
  0.297034067924D-02 -0.532056764148D-02 -0.303087507488D-01  0.104213607247D-01
 -0.227926833308D-01  0.364170341237D-02  0.292448439275D-01  0.195419411761D-01
 -0.292536850013D-01  0.113451551750D-01  0.766282757671D-02  0.401426571921D+00
  0.161885944204D-01  0.226882074322D-02  0.123306665853D-01  0.392382142542D-02
  0.283306365212D-01  0.252137983597D-01  0.141942038985D-01  0.791745178599D-02
 -0.179514607650D-01 -0.484583735814D-01 -0.341332692548D-01  0.460858311632D-02
 -0.213717826723D-03 -0.187062086720D-01 -0.119310260007D-01 -0.129835308695D-01
 -0.210258084541D-01  0.160680387800D-01  0.225863585014D-02  0.701589970733D-02
 -0.925026964202D-02  0.130202153967D-01 -0.253643179906D-02 -0.307234794772D-02
 -0.189712553883D-01 -0.386388252805D-01 -0.262452652886D-01  0.197875496775D-01
 -0.117929963167D-01 -0.157927694338D-02  0.282067857282D-02  0.219918094153D-01
  0.848446255490D-03  0.175256430862D-01  0.117118931403D-01 -0.150135033882D-01
  0.615108367755D-02  0.976647583460D-02  0.813032595868D-02  0.536667984282D-02
  0.325201221848D-03 -0.497532043120D-03 -0.149079663997D-02 -0.236637861475D-02
  0.469285224853D-02 -0.376059221421D-02  0.527054195242D-02 -0.120240079654D-01
 -0.175263912188D-01 -0.109585060637D-01 -0.219154308446D-02 -0.652175424378D-02
 -0.111753861408D-01  0.564636814735D-02  0.209653542041D-01 -0.589643059330D-02
  0.403510840150D+00 -0.313784017552D-01 -0.621318663578D-01 -0.163332694299D-02
  0.242497893016D-02  0.186133610603D-01 -0.306839795783D-01  0.470352042905D-02
 -0.102998541898D-02 -0.447015968018D-02 -0.134392262054D-01 -0.816219470518D-02
 -0.125487400705D-01  0.181871334127D-01 -0.600231737537D-02  0.501974073387D-02
 -0.113049339521D-01  0.284297885953D-02 -0.942700563632D-02 -0.306435866993D-02
 -0.508534266777D-02  0.258783666106D-01 -0.980605412801D-02 -0.828693731926D-02
  0.155462273321D-01  0.146526638356D-01  0.113191977307D-01 -0.906145415747D-02
  0.277469376392D-02  0.675052264340D-02  0.401932907459D-02 -0.754722529784D-02
 -0.317030941506D-01  0.111189446433D-02  0.243003417950D-01 -0.839861888213D-02
 -0.420748530093D-02 -0.214205628652D-01  0.173768055030D-01  0.233916647798D-01
 -0.240421259228D-02 -0.922941649526D-02 -0.221530413215D-01  0.100078388459D-01
 -0.239060933935D-02  0.441256473651D-02  0.632968293346D-02  0.541055826131D-01
  0.665750360277D-02  0.311542789228D-01 -0.114286905519D-01 -0.450624381796D-01
 -0.125954351062D-01  0.110931597162D+00 -0.566817815640D-01  0.904555633004D-02
  0.241720266271D-01  0.233440751468D-02  0.390973440047D+00 -0.868288211587D-01
  0.242857395405D-01 -0.487104591638D-01 -0.900056085875D-02  0.273834067184D-01
 -0.139463949132D-02 -0.776133599218D-02  0.224748516899D-02 -0.142616558970D-01
  0.349365490712D-01  0.129160293672D-01 -0.605418377845D-02  0.121906999816D-01
  0.879370375697D-02 -0.116134788988D-03  0.145189677936D-01  0.221216284456D-01
 -0.269151005013D-02  0.777626772484D-03 -0.144136087105D-02  0.566032146288D-02
  0.639264284060D-03 -0.101493206145D-01 -0.707573456031D-02 -0.415807451154D-02
 -0.421277616401D-02 -0.405472815300D-02 -0.924482329509D-02  0.776582728488D-02
  0.123864734646D-02 -0.753861624247D-03 -0.404676577633D-01  0.921090461182D-03
 -0.101699199232D-01 -0.212179612124D-01  0.915203895181D-02  0.150748420919D-02
 -0.404572194076D-02  0.276424177511D-02 -0.213605984983D-02 -0.163647519850D-01
  0.745961878371D-02 -0.175484679212D-02  0.348416623758D-02  0.181567785379D-01
  0.411326281102D-01 -0.257884204141D-01  0.198525230668D-02  0.766184885050D-01
  0.176825072463D-01  0.273987647667D-01  0.113539909588D-01 -0.634895682697D-01
 -0.685984610711D-01  0.252405137115D-01  0.192426637401D-02  0.178906266424D-01
  0.656328824373D-02  0.409587415960D+00 -0.946017924240D-03  0.392767523640D-01
  0.135841456671D-01  0.771462438766D-01  0.253428847180D-02  0.181960306089D-01
 -0.318076789878D-03  0.281959122552D-01 -0.439504857137D-02 -0.809184845710D-02
 -0.910326418217D-02  0.513068707300D-01 -0.147060293749D-02  0.889575842184D-02
  0.287894947365D-01 -0.161116380192D-02  0.124451850885D-02 -0.295033629811D-01
 -0.124178678855D-02  0.613780211910D-03  0.118776734082D-02  0.438594781697D-02
  0.704702580915D-03 -0.255447814275D-02  0.275189528475D-02  0.372723765269D-01
 -0.651174658680D-02 -0.145658640283D-01 -0.932078883755D-02 -0.583876973257D-01
 -0.134271326421D-01 -0.477538992311D-02 -0.540127852048D-02 -0.235994434056D-01
  0.233164920266D-02  0.124835040238D-02 -0.251258313686D-01  0.280968757474D-03
  0.105569673868D-01  0.154300378907D-02 -0.153330768786D-02  0.431919596428D-02
 -0.361814477021D-02  0.294624187409D-03 -0.222335033159D-03  0.384433600060D-02
 -0.398208110637D-01  0.391580785947D-01 -0.645220266209D-03  0.291024296296D-03
  0.979074593419D-02  0.161277933593D-02 -0.168924645393D-01  0.498153121326D-02
  0.117189672443D-01 -0.666797414107D-02 -0.112603950035D-02  0.102972041920D-02
 -0.304497483191D-02  0.454562938442D+00  0.109480529626D-01 -0.518590175563D-02
 -0.801249786274D-01  0.892687878773D-02 -0.151750882678D-01 -0.825408434268D-02
  0.122459422779D-01 -0.487510096042D-02 -0.322550300245D-01 -0.315074886446D-01
  0.340291697305D-02 -0.104674438944D-01  0.242409503187D-01  0.147035288247D-01
 -0.491975971023D-02  0.171697327259D-01  0.294288613533D-01 -0.926807528771D-03
  0.250698991407D-02 -0.482653313995D-02 -0.139122448137D-01  0.103926258494D-02
  0.332008440764D-02  0.120448483837D-02  0.212591038397D-01 -0.315077990196D-02
 -0.465827483784D-02 -0.233963408899D-02 -0.125752216630D-02  0.766261028056D-02
 -0.583943772298D-02 -0.650355268476D-01  0.412737731900D-02  0.465506149051D-02
  0.114225689835D-01 -0.961015195494D-02 -0.131756648243D-02 -0.203475296381D-02
 -0.415479235613D-02  0.151065386400D-02  0.505146321490D-02  0.126247917692D-02
  0.235949581000D-02  0.202723533932D-04 -0.252483382959D-01  0.551913458981D-02
  0.457426656076D-02 -0.195135861264D-02  0.119928653391D-01  0.141876820083D-01
 -0.466898249457D-02  0.713226422986D-02  0.785876810900D-02  0.192700381869D-01
 -0.583193188562D-02 -0.555223607005D-03 -0.950986629707D-03 -0.431504393126D-02
  0.473184927961D-02  0.727924966723D-03  0.459447959428D+00  0.506035286473D-05
  0.320990435536D-01  0.251597539120D-01  0.452027641996D-01  0.238231281065D-02
  0.189102147834D-01  0.636660157968D-02 -0.251682161946D-01  0.215695464638D-02
 -0.124780518328D-02  0.116702498049D-01  0.110871263019D-01 -0.171382349884D-02
  0.590888442373D-03  0.795036797368D-02  0.345528589694D-02 -0.106723861241D-02
  0.462309610700D-02  0.106498272971D-02 -0.882194056743D-02  0.669656727349D-03
 -0.114033297826D-01  0.554285101099D-06 -0.678359702148D-03  0.810354505632D-03
  0.135575240016D-01 -0.113428227231D-02  0.149432408092D-01  0.847921296460D-02
  0.330329850012D-01  0.217873882252D-02 -0.953597720692D-03  0.981221144518D-03
 -0.217861707226D-01  0.476174534823D-02  0.151165321852D-02 -0.720358217901D-03
 -0.169192977013D-01  0.105064196511D-01 -0.243256715660D-01  0.517115469861D-03
  0.392392626036D-02 -0.361887464291D-02 -0.743359821131D-02  0.151002572848D-02
  0.101570026793D-02 -0.118827291132D-01 -0.206097013507D-01  0.416239484951D-02
  0.994172809553D-02  0.293265793075D-01  0.175920939244D-01  0.291704706998D-01
 -0.492751236300D-02  0.389870174992D-02 -0.188527016868D-01  0.395557485041D-02
  0.677747247977D-02 -0.106022931875D-02  0.329285633363D-02 -0.138180549769D-02
  0.441446072013D+00 -0.114808048022D-01  0.365331038663D-02 -0.463340789885D-01
  0.161475267358D-01  0.269211323454D-02  0.157353200604D-02 -0.184491035056D-01
 -0.475438616025D-02  0.574855263673D-02  0.444976281440D-03  0.124553823477D-02
 -0.778567023566D-03  0.810889629053D-02  0.758734835678D-03  0.231929828153D-02
  0.343672210531D-02  0.661628410295D-02  0.133555967930D-02 -0.938216050725D-02
  0.186085964913D-02  0.191896215836D-01 -0.702861345390D-02 -0.164891608643D-02
  0.207394395475D-02 -0.108814898208D-02  0.112427962663D-02  0.260804590351D-01
 -0.119982423447D-01  0.780879921912D-02  0.494710420185D-02  0.151141295315D-02
  0.816840414455D-02  0.277956964777D-03  0.558002527041D-03 -0.473314302576D-02
 -0.147596494556D-01 -0.681165146384D-02  0.146221618996D-01  0.267601471334D-01
 -0.364359463299D-02 -0.452181496518D-02  0.104125832890D-02  0.436389609008D-03
 -0.592778284445D-03 -0.951284656957D-03  0.101862874266D-01 -0.147142748868D-02
 -0.464866651301D-02 -0.443793781830D-02 -0.457226183062D-01  0.180580522017D-01
 -0.203721077050D-03  0.115652010642D-01  0.139822100478D-01  0.266253792274D-02
  0.393942449590D-02  0.140396134531D-01  0.258931839562D-02 -0.158773187932D-02
 -0.968769523907D-03  0.838632400843D-02  0.231822669217D-02  0.443995605895D+00
  0.982488633741D-02  0.413163854619D-02 -0.383492731499D-01 -0.220642471877D-01
  0.527088915329D-02 -0.105592800792D-01 -0.856626142771D-02  0.126542230003D-01
  0.307268049482D-04 -0.836767032719D-02  0.109184428429D-02  0.606594323359D-02
 -0.462970739194D-03 -0.388520879289D-02  0.730017534778D-02  0.634828314564D-02
 -0.541391127255D-02  0.222584208570D-02 -0.257880504146D-01  0.108687183699D-01
 -0.804542023339D-02  0.732585699552D-02  0.918351327151D-02 -0.932825466638D-03
  0.938741484774D-02  0.159329239587D-04 -0.205854139671D-02 -0.106058887005D-01
 -0.338066347547D-02 -0.337421883126D-02 -0.682113563339D-02  0.499652247483D-02
 -0.678873792789D-02  0.209752334547D-01 -0.318906188509D-01 -0.322421969099D-02
 -0.746497897812D-02  0.184875851949D-01  0.836770346257D-02  0.112600091681D-01
 -0.709482481939D-02  0.127514186553D-02 -0.609233482476D-02  0.812045407860D-02
 -0.306723990664D-02 -0.493583122400D-02  0.109440152295D-02  0.149573362771D-01
 -0.120123481285D-01 -0.281178607548D-01 -0.173043922880D-01  0.295076292571D-01
 -0.193907360776D-01  0.228581975704D-01 -0.578921653113D-02  0.442038188958D-02
  0.242840489974D-02  0.928833331100D-03  0.205172973897D-02 -0.206338206134D-02
  0.703694758977D-02  0.574784016624D-02 -0.147388260201D-01  0.202536944916D+00
  0.115870632223D-02  0.189062892455D-01  0.178755782886D-02 -0.104718314973D+00
 -0.445729589674D-02 -0.231599848689D-01  0.173204181765D-02  0.625543501643D-01
 -0.152391842178D-01  0.473446083683D-02  0.773628061675D-03  0.249985715586D-01
 -0.436017861704D-02  0.440267321505D-03  0.295197132874D-02  0.121663145253D-02
 -0.139330006267D-02 -0.105964479047D-01  0.778206514736D-02  0.327358904038D-01
 -0.157811176148D-01  0.141179528026D-01  0.103120524903D-02 -0.712592855655D-02
 -0.893132577849D-02 -0.666933049029D-02 -0.828362410303D-02 -0.184477264836D-01
 -0.142177233021D-01 -0.212041587886D-01  0.136966188939D-01  0.463516635002D-02
  0.328747163719D-02  0.594797154055D-01  0.132933795296D-01  0.125769520850D-01
 -0.347324990026D-01  0.247582095327D-01 -0.338067842643D-01  0.608710222896D-01
 -0.534505648927D-03  0.473299875246D-02 -0.363651176938D-02  0.189822444462D-01
  0.719852241191D-02  0.170923293132D-03 -0.258579550460D-02  0.422349161647D-01
  0.600264625501D-03  0.177219988854D-01 -0.144776209956D-01 -0.275609851241D-01
 -0.589638972834D-01  0.220413259924D-02 -0.399033997176D-03  0.829507290496D-02
 -0.288980522722D-02 -0.205529080752D-01  0.131333111161D-01 -0.969010174793D-02
 -0.364727060805D-02 -0.508524116835D-02  0.298066233958D-02  0.632329290624D-01
  0.495259979611D+00  0.281794292486D-01  0.180831775133D-02 -0.932514436186D-01
 -0.100286049218D-01  0.812892933800D-02 -0.107195797791D-01 -0.542445627443D-01
  0.157471776432D-01  0.191702522332D-01 -0.229167655922D-01  0.819158006135D-02
 -0.413240475602D-03 -0.889419662151D-02 -0.371074752912D-02  0.120393635867D-01
 -0.137152947963D-01 -0.116380603410D-01  0.197316716056D-02 -0.812901611629D-02
  0.116979404602D-01  0.311835619079D-01  0.529965983717D-02 -0.281548466534D-03
  0.656350887783D-02  0.251749560401D-01 -0.118585189250D-03  0.187348051082D-01
  0.137880937047D-01 -0.279540665283D-01 -0.111191793873D-01  0.133202312457D-01
  0.431682728242D-03  0.841881104960D-02  0.154709314838D-01 -0.398589994241D-01
  0.441849626749D-03 -0.101973426061D-01  0.316180810457D-01  0.277689260108D-01
  0.137830209410D-01  0.102895236605D-01  0.859232173301D-02  0.984187411064D-02
  0.471772962978D-02 -0.118378552956D-01  0.510696273505D-02 -0.681440223080D-02
  0.645253839594D-02 -0.317596794952D-01 -0.492873915201D-01  0.111342155118D-01
 -0.245259291522D-01 -0.843794488354D-02  0.189179082744D-01 -0.451040975016D-02
  0.110861111964D-01  0.804386946988D-02 -0.170329624521D-01 -0.919809677826D-02
 -0.200880648886D-02  0.146306703022D-01 -0.158146292183D-03 -0.879928946457D-02
  0.184616825522D+00 -0.867783272818D-02  0.419590979190D+00  0.152799526132D-02
 -0.141188187270D-01 -0.601839721284D-02  0.701597470404D-01  0.366549104091D-03
  0.113381689737D-01 -0.112654513764D-01 -0.634932822034D-01  0.159227539773D-01
 -0.310961642598D-02  0.166412423156D-02 -0.136308751374D-01 -0.313559227344D-03
 -0.881936380989D-02 -0.457456955507D-02  0.899199158083D-02 -0.653591117315D-02
  0.144517222404D-01  0.292438821424D-02 -0.140765455543D-01  0.166972034042D-01
 -0.151941502409D-01 -0.265731160699D-02 -0.440497328030D-03  0.672671613677D-02
  0.297327343669D-02  0.769261247074D-02  0.202517380772D-01  0.108214579850D-01
  0.100628123681D-01 -0.232932066267D-02 -0.428358740724D-02 -0.186110631909D-01
 -0.307555348745D-01 -0.378456041061D-02 -0.223784029625D-02  0.191585433055D-01
 -0.112701411983D-01  0.190651080647D-01 -0.439044140477D-01  0.105768860101D-02
 -0.977841810751D-02  0.679750594425D-02 -0.216211475637D-01 -0.512671979040D-02
  0.229157366853D-02  0.184779191494D-01 -0.151269703102D-01 -0.334185997589D-02
 -0.616255456154D-02  0.367315860718D-01  0.163545326510D-01  0.225512523138D-01
 -0.218436588535D-02  0.882112225434D-02 -0.655820068643D-02 -0.795562195848D-03
  0.180043213392D-01 -0.114641261320D-01  0.464372215277D-02  0.291967895020D-02
  0.158061157023D-01  0.372501099705D-02 -0.204409850633D-01 -0.193951715491D+00
  0.610787728271D-02  0.193139002018D+00  0.107693991924D-01  0.184624976450D-01
 -0.112361144033D-01 -0.218364033947D-01  0.141885361950D-04 -0.100154828421D-02
 -0.783298641945D-02  0.303754339938D-01  0.821948328698D-02 -0.177692619483D-01
  0.129312240305D-01 -0.511494285707D-02  0.123637458736D-01 -0.560206331721D-02
  0.171463061055D-01 -0.587333420981D-02 -0.856952214758D-02 -0.843474225590D-02
 -0.105763372080D-01 -0.743853031773D-02  0.233440186379D-01 -0.437540402481D-01
  0.346155640321D-02  0.559612658871D-02  0.919775437653D-02  0.126420187546D-01
  0.274777730436D-03 -0.201864291916D-02 -0.804370180750D-02 -0.189097130570D-01
 -0.627577699321D-02 -0.156970402743D-01  0.262337062871D-03 -0.597180233186D-02
 -0.137735164540D-02 -0.557614451699D-03 -0.273703886691D-01 -0.970108688369D-02
  0.227860571523D-01 -0.205490030541D-01  0.666712671254D-02  0.678984725351D-02
  0.782290981163D-02  0.138138773486D-02 -0.687726125522D-02 -0.429282166919D-02
 -0.171218043407D-01  0.944341406753D-02 -0.105383793777D-01  0.381608350697D-02
  0.152802833487D-01  0.207160512330D-01  0.126683321275D-01 -0.635569886491D-02
  0.609568338989D-02  0.369499769226D-02  0.915039664820D-02 -0.216345545433D-01
 -0.300507843246D-02  0.116216220021D-01 -0.188931959361D-02  0.170676295881D-01
 -0.172997364119D-03  0.290768112716D-02 -0.163175605483D-01  0.271264102334D-02
 -0.243790034332D-03  0.399727752663D+00  0.102502607417D-02  0.390447300846D-02
 -0.281987998982D-02  0.110903468976D-03  0.323049466020D-02 -0.549035762227D-02
 -0.505837326109D-03  0.915184101907D-02 -0.226381831982D-02 -0.141122171303D-02
  0.145805346526D-02  0.591141040935D-02 -0.371310908628D-03  0.477033400188D-03
 -0.487749479236D-02 -0.254259957211D-01  0.158149708723D-01 -0.416173134148D-03
 -0.644923488504D-02 -0.863853590326D-02  0.256215825830D-02  0.147302945558D-01
 -0.351843582699D-02  0.160452602753D-01  0.310958619700D-02  0.742390981563D-03
 -0.134369417967D-02  0.933160712197D-02  0.196244697568D-01  0.476460757959D-02
 -0.122052349832D-01 -0.100724281764D-02 -0.169704389705D-01 -0.258934345964D-02
  0.306908733655D-02  0.188031288664D-02  0.268533026489D-02  0.331514283841D-02
  0.443928254154D-02 -0.255251297643D-02 -0.505117011858D-02 -0.142436711132D-01
  0.100498033213D-01  0.138090114998D-01  0.372401054494D-02 -0.160718986128D-02
  0.133133529756D-02 -0.298637955577D-02  0.240860723102D-02  0.421399133096D-02
  0.972385801182D-02  0.319362785148D-02 -0.191218036670D-01  0.298032351617D-02
 -0.902792187810D-02 -0.623293265780D-02  0.486354072945D-02  0.201869268948D-01
 -0.117390585632D-01 -0.207800430846D-02  0.437280790831D-02 -0.261553244882D-02
  0.606562503592D-02  0.112199183842D-01  0.608413048041D-02  0.128023293030D-01
  0.367380025976D-01 -0.423264068158D-01  0.649044757340D-01  0.497282778850D-02
 -0.720915452298D-02  0.142412858701D-01 -0.356078447640D-02  0.770214735774D-02
 -0.878021526734D-02  0.405915514453D-03  0.442843890278D-02  0.499933172456D-02
 -0.871490477726D-02  0.225765452737D-02 -0.138275507887D-01  0.138445310048D-01
 -0.127517283398D-01  0.894966515561D-02 -0.102540903470D-01 -0.112302977423D-01
 -0.613987572543D-03 -0.353596451916D-02 -0.385571328669D-02  0.836953915645D-02
 -0.115153180156D-01  0.281033632955D-02  0.131291844275D-02  0.189102746108D-01
  0.559447162156D-03  0.178157647355D-02 -0.244536761078D-02 -0.162592638991D-02
 -0.236394267418D-02 -0.125864780126D-03  0.134558601621D-02  0.989828446091D-03
 -0.690906649706D-03  0.729036982002D-02 -0.192052926581D-02 -0.194105997773D-01
 -0.338983862372D-02  0.134670083152D-01 -0.129156375232D-01  0.353003226433D-02
  0.564941517136D-02  0.526011540421D-02  0.142401114130D-02 -0.381941741748D-02
 -0.170664149169D-01 -0.257962892222D-02 -0.390447593578D-02 -0.246888896577D-01
  0.517082072705D-02  0.298535834770D-02  0.123218110406D-01  0.614563851783D-02
  0.958275402035D-02 -0.857608692228D-04  0.129735621097D-01  0.174373225018D-01
 -0.233333174067D-01 -0.344727798504D-01  0.243266896754D-02 -0.230855590171D-01
  0.945124175962D-02 -0.114139061157D-01  0.630245270383D-02 -0.459901956209D-02
  0.240150972344D-01 -0.479033204141D-02 -0.129927654407D-01  0.133941873744D-01
  0.452444729033D+00 -0.627784460645D-02 -0.315617057379D-01  0.817933805947D-03
  0.336628530899D-01  0.141868128448D-02 -0.524193280985D-02  0.551213945812D-02
 -0.198272949824D-01 -0.768016530680D-03  0.148455724674D-01 -0.393446990633D-01
 -0.470848314919D-02 -0.104151277240D-01  0.228083348890D-02 -0.204820356386D-01
  0.517953711259D-02  0.941502769736D-02  0.109447660055D-01  0.128270196162D-01
 -0.808861121206D-02 -0.124257581889D-01  0.631249381776D-02 -0.139231668626D-01
 -0.159599651039D-02 -0.114684853713D-01 -0.512531120776D-02  0.335299589641D-02
  0.108906330727D-01  0.106703713488D-01  0.823961071855D-02 -0.992230137015D-03
  0.539279735461D-02 -0.629127011207D-02 -0.285180681281D-01 -0.171693328798D-02
  0.197794607601D-02 -0.157243941773D-01 -0.266890199112D-01  0.165397146314D-02
 -0.322930283332D-01 -0.410847453128D-02  0.548539525348D-02 -0.853048116172D-04
  0.546123532393D-02  0.817591815879D-02  0.127119115250D-01  0.711193304370D-02
 -0.179764317871D-01  0.528342025132D-02  0.102107818327D-01  0.548475231433D-02
 -0.608206431942D-02 -0.195232911128D-01 -0.806719089160D-03 -0.156473209843D-01
  0.508082016242D-02 -0.559793794075D-02  0.374811996799D-02  0.878817336780D-02
  0.305989076475D-01  0.559990197231D-02  0.353313920237D-03  0.120611718367D-01
  0.429806056742D-02 -0.891689802629D-02 -0.475383871252D-04  0.119964710069D-02
 -0.115208381355D-01  0.829511533086D-02  0.502048525452D-02  0.354287716182D+00
 -0.119853058892D-03 -0.124158917927D-01 -0.559966838207D-02  0.113707594810D-01
  0.277498961784D-02  0.750729190209D-02 -0.836074272258D-02 -0.494846352661D-02
  0.463184281809D-02  0.686860902760D-02 -0.266248801496D-01 -0.255550275787D-02
 -0.465647227197D-02 -0.193205906890D-01 -0.682638512401D-02  0.166805354068D-01
 -0.386625937497D-02  0.591882395332D-03 -0.241903953982D-01  0.417460200468D-02
 -0.564399990366D-02 -0.824217070265D-02  0.264304703396D-01 -0.107862682102D-01
 -0.249533593608D-02 -0.662384204311D-02 -0.155718677143D-01 -0.147664171112D-01
 -0.120941942869D-02  0.539119232041D-02 -0.242057368235D-02  0.639893351420D-02
  0.214226205414D-02 -0.125488397223D-01  0.131890776325D-01  0.167874597156D-01
 -0.109583144073D-01 -0.345041647551D-02  0.654990073333D-02 -0.288420840439D-02
  0.139593975891D-02  0.102739843837D-01 -0.349234105219D-02 -0.161109994859D-02
  0.510913376625D-02  0.467895265510D-02  0.302888404129D-02 -0.781857021396D-02
  0.123311181676D-01 -0.606573884576D-02 -0.245977887238D-02 -0.196591138387D-01
 -0.405114977834D-02 -0.122425464008D-01 -0.779594589655D-02  0.672477244198D-02
 -0.881618938788D-03 -0.420526131843D-02  0.981114303333D-03  0.106590206571D-01
  0.514207050283D-02 -0.457847745756D-02  0.571704627627D-02 -0.944090664976D-02
 -0.573908878284D-02  0.154314419020D-01 -0.118001143626D-01 -0.135097411278D-01
 -0.497578605367D-02  0.235258715855D-02  0.100314308897D+00  0.117571580352D+00
  0.462027126165D-04  0.138648883453D-01 -0.284721684297D-03  0.294213728305D-01
  0.132276774722D-01 -0.149398227661D-01  0.800029719475D-02 -0.140556323514D-01
 -0.729624765545D-02  0.338735339259D-02  0.390124939587D-01  0.500906772320D-02
  0.330186507098D-03  0.793667274984D-02  0.190139852322D-01 -0.386971248873D-02
  0.829888744639D-02 -0.280102096663D-01  0.323674304445D-02  0.117115512974D-01
 -0.439162893602D-02  0.588408459118D-01 -0.559779908597D-03 -0.850994164685D-02
  0.856498632852D-02 -0.353588827902D-01 -0.641968103012D-02 -0.464071010799D-02
  0.289554418714D-02  0.177836767938D-01  0.104063439563D-01  0.473727552347D-03
  0.862556289401D-02 -0.955914887767D-03 -0.524807845658D-02 -0.517441907942D-02
  0.233398626814D-01  0.397402210849D-01 -0.301263516032D-01  0.767925227797D-01
 -0.755898326371D-02 -0.166377763254D-01 -0.562440747926D-02 -0.216295236967D-01
 -0.483275219767D-03  0.722019726841D-05 -0.787086612730D-02  0.649091150882D-02
  0.254952290217D-02 -0.168438222432D-02 -0.922061959458D-02 -0.291808277306D-02
 -0.434850528576D-01  0.307091279900D-02 -0.150548188145D-01  0.750109430622D-02
  0.746030367680D-02 -0.158204460137D-02  0.384466912019D-02  0.183086558962D-01
 -0.218156634676D-02  0.135629344243D-01  0.737130306221D-02  0.333151836460D-01
  0.506029775286D-01  0.455426825966D-01 -0.199077367549D-01  0.405307252491D-01
  0.613639680446D-02  0.705555650158D-01  0.447590950314D-01  0.199481921103D-01
  0.335429599192D+00 -0.782802996869D-03 -0.138108304222D-02  0.659934878887D-02
 -0.112897981776D-02 -0.216003409044D-02  0.294495486626D-02  0.923002480826D-02
  0.349044263759D-03 -0.757319807246D-03  0.513597278140D-02 -0.131322855674D-02
  0.389267969612D-02  0.197809542697D-02  0.186102349298D-01 -0.167324382166D-02
  0.346825911708D-02 -0.114691231073D-01  0.396599875033D-02  0.635175483243D-02
 -0.165085223497D-02 -0.442611586411D-02  0.127256332152D-01  0.126337069924D-02
 -0.264499461336D-02 -0.155420580036D-02  0.270193986484D-02  0.312387716063D-02
  0.205790640497D-02 -0.824830587388D-02  0.131037980873D-02  0.364787798687D-03
  0.513814555791D-02  0.230419759708D-02  0.136753822297D-02 -0.836485538656D-02
 -0.123202717591D-01  0.921974519454D-02 -0.555253875455D-02 -0.123539286103D-01
  0.213045777743D-03 -0.454307539097D-02  0.447639928756D-02 -0.183330659256D-02
 -0.124549231882D-02 -0.504095794406D-02 -0.224856066448D-01 -0.264239167549D-02
  0.437657234608D-02  0.278393853759D-01 -0.125845600898D-01 -0.181766400694D-01
  0.271396514410D-01 -0.126209493972D-01 -0.342243263841D-02 -0.462489215612D-02
 -0.298356554519D-02 -0.541268971233D-02  0.510892913677D-02 -0.447057410844D-03
  0.306844852032D-02  0.139473520494D-02 -0.470160678319D-02 -0.536144126871D-02
  0.144140963828D-01  0.524445220816D-02 -0.143379530034D-02  0.311932072904D-02
  0.147464904214D-01 -0.101553580841D-01 -0.663808179945D-03 -0.192521721200D-01
  0.153444668383D-01 -0.140065184440D-01  0.195066136214D+00  0.121902220620D-02
  0.649516661676D-02  0.717459097634D-02  0.175777723583D-01  0.311085458753D-01
  0.914815777888D-02  0.367171381438D-01 -0.531862416601D-02 -0.501822867466D-03
 -0.665782988350D-03  0.129423700614D-01 -0.367748013096D-02  0.683925233371D-02
 -0.118889525655D-01 -0.135133503855D-02  0.229666590304D-02  0.122910089652D-01
 -0.144381729221D-01 -0.159218143807D-01  0.717518308670D-02  0.136248766571D-01
 -0.214052194468D-01  0.366690124672D-02 -0.191827087073D-02  0.168508785418D-01
 -0.113173553919D-01 -0.864313178944D-02  0.552462946551D-02 -0.113225444227D-01
 -0.223860233147D-02  0.135669507101D-02 -0.134422595508D-01  0.257912725691D-02
 -0.900180200120D-02  0.134229534701D-01 -0.129688536224D-01 -0.336915958296D-01
  0.124029064129D-01  0.703654094627D-02  0.179197246444D-01  0.431645150414D-02
  0.355876236766D-02  0.360946663649D-02 -0.299715313482D-02 -0.299597676480D-02
  0.135033200028D-01  0.129546786651D-01 -0.160504230875D-01  0.134893077912D-01
  0.173639304840D-01 -0.988297357580D-02 -0.145623808304D-01 -0.227964504988D-01
 -0.213604850581D-01 -0.817731370947D-01 -0.691658303649D-02  0.369077622619D-01
  0.489813471752D-01 -0.640135342806D-03  0.469733394733D-02  0.315277341790D-02
  0.605005534586D-02  0.345693256279D-01  0.349049937841D-01 -0.177245722252D-02
  0.516450879069D-01 -0.188905292032D-02  0.897210754714D-02  0.584426890022D-02
  0.909118907827D-01  0.277495715512D-01  0.263409418138D-01  0.404159491627D-01
 -0.554259485482D-02  0.151294077466D+00
$end
