$coord
1.81126045378106 7.40275214435676 4.046097468382 o
-2.30765053008083 3.27644624064306 -0.99313823476705 n
4.17713135925953 3.24441855062673 1.66291627401584 n
1.21313817912601 0.87736364315397 -2.05859429466723 n
-1.88735597011634 6.5321822127318 1.95967098850708 n
-5.71053136555206 5.91606283704302 -0.13588581340908 n
0.18909725601176 2.73885656417167 -0.57604552648745 c
1.66508871148921 3.9649666885238406 1.17912311796334 c
-3.24844998254302 5.15412839777528 0.27965211367344 c
0.65876166232312 6.05686595021252 2.53531302640555 c
5.3807027362787 1.88528582114989 -0.41276385601289 c
3.60151631634831 -0.21430263488734 -1.26360037693994 c
7.85878101028997 0.82312153349059 0.5816017544499 c
-2.63579065835029 8.08677784464634 2.79293560217618 h
3.37080588227491 -1.56330826701854 0.28933665836712 h
-6.67604413460674 6.4596533401973 1.42192012277265 h
-6.66440096972836 4.63636944844828 -1.18963874476765 h
8.76877407690674 -0.34217143789368 -0.85939066646645 h
9.13223953697059 2.40450197524521 1.02141736799327 h
7.47433547843875 -0.71923597797117 2.72843362617564 o
6.24873338854488 0.20152545789584 3.75184161667804 h
5.17792889176145 4.78206002174183 2.25507372323579 h
-0.07836463928131 -0.27373177136767 -2.87296378097523 h
4.44651258356302 -1.19775097535547 -2.87023861165986 h
5.76361036400003 3.1165964043923 -2.04424716756375 h
$user-defined bonds 
 
$end