$coord  natoms=    12
    2.62524979696891      0.00000000000000      0.00000000000000      c
    1.31262489848445      2.27353301545501      0.00000000000000      c
   -1.31262489848445      2.27353301545501      0.00000000000000      c
   -2.62524979696891      0.00000000000000      0.00000000000000      c
   -1.31262489848445     -2.27353301545501      0.00000000000000      c
    1.31262489848445     -2.27353301545501      0.00000000000000      c
    4.66241737376797      0.00000000000000      0.00000000000000      h
    2.33120868688399      4.03777188872899      0.00000000000000      h
   -2.33120868688399      4.03777188872899      0.00000000000000      h
   -4.66241737376797      0.00000000000000      0.00000000000000      h
   -2.33120868688399     -4.03777188872899      0.00000000000000      h
    2.33120868688399     -4.03777188872899      0.00000000000000      h
$intdef
# definitions of internal coordinates
   1 k  1.0000000000000 stre    7    1           val=   2.03717
   2 k  1.0000000000000 bend    7    2    1      val=   0.00000
       -1.0000000000000 bend    7    6    1
   3 k  1.0000000000000 outp    7    2    6    1 val=   0.00000
   4 k  1.0000000000000 stre    8    2           val=   2.03717
   5 k  1.0000000000000 bend    8    3    2      val=   0.00000
       -1.0000000000000 bend    8    1    2
   6 k  1.0000000000000 outp    8    3    1    2 val=   0.00000
   7 k  1.0000000000000 stre    9    3           val=   2.03717
   8 k  1.0000000000000 bend    9    2    3      val=   0.00000
       -1.0000000000000 bend    9    4    3
   9 k  1.0000000000000 outp    9    2    4    3 val=   0.00000
  10 k  1.0000000000000 stre   10    4           val=   2.03717
  11 k  1.0000000000000 bend   10    3    4      val=   0.00000
       -1.0000000000000 bend   10    5    4
  12 k  1.0000000000000 outp   10    3    5    4 val=   0.00000
  13 k  1.0000000000000 stre   11    5           val=   2.03717
  14 k  1.0000000000000 bend   11    6    5      val=   0.00000
       -1.0000000000000 bend   11    4    5
  15 k  1.0000000000000 outp   11    6    4    5 val=   0.00000
  16 k  1.0000000000000 stre   12    6           val=   2.03717
  17 k  1.0000000000000 bend   12    5    6      val=   0.00000
       -1.0000000000000 bend   12    1    6
  18 k  1.0000000000000 outp   12    5    1    6 val=   0.00000
  19 k  1.0000000000000 stre    1    2           val=   2.62525
  20 k  1.0000000000000 stre    2    3           val=   2.62525
  21 k  1.0000000000000 stre    3    4           val=   2.62525
  22 k  1.0000000000000 stre    4    5           val=   2.62525
  23 k  1.0000000000000 stre    5    6           val=   2.62525
  24 k  1.0000000000000 stre    6    1           val=   2.62525
  25 k -0.5000000000000 bend    1    3    2      val=  -0.00000
       -0.5000000000000 bend    2    4    3
        1.0000000000000 bend    3    5    4
       -0.5000000000000 bend    4    6    5
       -0.5000000000000 bend    5    1    6
        1.0000000000000 bend    6    2    1
  26 k  0.8660254037844 bend    1    3    2      val=   0.00000
       -0.8660254037844 bend    2    4    3
        0.0000000000000 bend    3    5    4
        0.8660254037844 bend    4    6    5
       -0.8660254037844 bend    5    1    6
        0.0000000000000 bend    6    2    1
  27 k -1.0000000000000 bend    1    3    2      val=   0.00000
        1.0000000000000 bend    2    4    3
       -1.0000000000000 bend    3    5    4
        1.0000000000000 bend    4    6    5
       -1.0000000000000 bend    5    1    6
        1.0000000000000 bend    6    2    1
  28 k -0.5000000000000 tors    2    3    4    5 val=   0.00000
       -0.5000000000000 tors    3    4    5    6
        1.0000000000000 tors    4    5    6    1
       -0.5000000000000 tors    5    6    1    2
       -0.5000000000000 tors    6    1    2    3
        1.0000000000000 tors    1    2    3    4
  29 k  0.8660254037844 tors    2    3    4    5 val=   0.00000
       -0.8660254037844 tors    3    4    5    6
        0.0000000000000 tors    4    5    6    1
        0.8660254037844 tors    5    6    1    2
       -0.8660254037844 tors    6    1    2    3
        0.0000000000000 tors    1    2    3    4
  30 k -1.0000000000000 tors    2    3    4    5 val=   0.00000
        1.0000000000000 tors    3    4    5    6
       -1.0000000000000 tors    4    5    6    1
        1.0000000000000 tors    5    6    1    2
       -1.0000000000000 tors    6    1    2    3
        1.0000000000000 tors    1    2    3    4
$redundant
     number_of_atoms            12
     degrees_of_freedom         30
     internal_coordinates       30
     frozen_coordinates          0
# definitions of redundant internals
   1 k  1.0000000000000 stre    1    7           val=   2.03717
   2 k -0.7071067811865 bend    2    7    1      val=   0.00000
        0.7071067811865 bend    6    7    1
   3 k  1.0000000000000 outp    7    6    2    1 val=   0.00000
   4 k  1.0000000000000 stre    2    8           val=   2.03717
   5 k -0.7071067811865 bend    3    8    2      val=  -0.00000
        0.7071067811865 bend    1    8    2
   6 k  1.0000000000000 outp    8    1    3    2 val=   0.00000
   7 k  1.0000000000000 stre    3    9           val=   2.03717
   8 k -0.7071067811865 bend    2    9    3      val=  -0.00000
        0.7071067811865 bend    4    9    3
   9 k  1.0000000000000 outp    9    4    2    3 val=   0.00000
  10 k  1.0000000000000 stre    4   10           val=   2.03717
  11 k  0.7071067811865 bend    3   10    4      val=   0.00000
       -0.7071067811865 bend    5   10    4
  12 k  1.0000000000000 outp   10    5    3    4 val=   0.00000
  13 k  1.0000000000000 stre    5   11           val=   2.03717
  14 k -0.7071067811865 bend    6   11    5      val=  -0.00000
        0.7071067811865 bend    4   11    5
  15 k  1.0000000000000 outp   11    4    6    5 val=   0.00000
  16 k  1.0000000000000 stre    6   12           val=   2.03717
  17 k -0.7071067811865 bend    5   12    6      val=  -0.00000
        0.7071067811865 bend    1   12    6
  18 k  1.0000000000000 outp   12    1    5    6 val=   0.00000
  19 k  1.0000000000000 stre    1    2           val=   2.62525
  20 k  1.0000000000000 stre    2    3           val=   2.62525
  21 k  1.0000000000000 stre    3    4           val=   2.62525
  22 k  1.0000000000000 stre    4    5           val=   2.62525
  23 k  1.0000000000000 stre    5    6           val=   2.62525
  24 k  1.0000000000000 stre    6    1           val=   2.62525
  25 k -0.5000000000000 bend    1    3    2      val=  -0.00000
       -0.5000000000000 bend    2    4    3
        1.0000000000000 bend    3    5    4
       -0.5000000000000 bend    4    6    5
       -0.5000000000000 bend    5    1    6
        1.0000000000000 bend    6    2    1
  26 k  0.8660254037844 bend    1    3    2      val=   0.00000
       -0.8660254037844 bend    2    4    3
        0.8660254037844 bend    4    6    5
       -0.8660254037844 bend    5    1    6
  27 k -1.0000000000000 bend    1    3    2      val=   0.00000
        1.0000000000000 bend    2    4    3
       -1.0000000000000 bend    3    5    4
        1.0000000000000 bend    4    6    5
       -1.0000000000000 bend    5    1    6
        1.0000000000000 bend    6    2    1
  28 k -0.5000000000000 tors    2    3    4    5 val=   0.00000
       -0.5000000000000 tors    3    4    5    6
        1.0000000000000 tors    4    5    6    1
       -0.5000000000000 tors    5    6    1    2
       -0.5000000000000 tors    6    1    2    3
        1.0000000000000 tors    1    2    3    4
  29 k  0.8660254037844 tors    2    3    4    5 val=   0.00000
       -0.8660254037844 tors    3    4    5    6
        0.8660254037844 tors    5    6    1    2
       -0.8660254037844 tors    6    1    2    3
  30 k -1.0000000000000 tors    2    3    4    5 val=   0.00000
        1.0000000000000 tors    3    4    5    6
       -1.0000000000000 tors    4    5    6    1
        1.0000000000000 tors    5    6    1    2
       -1.0000000000000 tors    6    1    2    3
        1.0000000000000 tors    1    2    3    4
        30 non zero eigenvalues  of BmBt
           1          11.112988352    1    0
         1
           2           5.122033337    2    0
         2
           3           5.122033337    3    0
         3
           4           4.387294130    4    0
         4
           5           4.387294130    5    0
         5
           6           3.557437024    6    0
         6
           7           3.510623599    7    0
         7
           8           3.510623599    8    0
         8
           9           3.196446118    9    0
         9
          10           2.618033989   10    0
        10
          11           2.001970446   11    0
        11
          12           1.892289238   12    0
        12
          13           1.892289238   13    0
        13
          14           1.579986490   14    0
        14
          15           1.579986490   15    0
        15
          16           1.000985223   16    0
        16
          17           1.000985223   17    0
        17
          18           0.544719084   18    0
        18
          19           0.481921703   19    0
        19
          20           0.406406382   20    0
        20
          21           0.381966011   21    0
        21
          22           0.360391260   22    0
        22
          23           0.360391260   23    0
        23
          24           0.280451613   24    0
        24
          25           0.280451613   25    0
        25
          26           0.260651422   26    0
        26
          27           0.260651422   27    0
        27
          28           0.151013440   28    0
        28
          29           0.109215129   29    0
        29
          30           0.109215129   30    0
        30
$user-defined bonds
$end
