$basis
*
o def2-TZVP 
*
 6  s
  27032.382631      .21726302465E-03
  4052.3871392      .16838662199E-02
  922.32722710      .87395616265E-02
  261.24070989      .35239968808E-01
  85.354641351      .11153519115
  31.035035245      .25588953961
   2  s
  12.260860728      .39768730901
  4.9987076005      .24627849430
   1  s
  1.1703108158      1.0000000000
   1  s
  .46474740994      1.0000000000
   1  s
  .18504536357      1.0000000000
   4  p
  63.274954801      .60685103418E-02
  14.627049379      .41912575824E-01
  4.4501223456      .16153841088
  1.5275799647      .35706951311
   1  p
  .52935117943      .44794207502
   1  p
  .17478421270      .24446069663
 1   d
        2.3140000000        1.0000000000
   1   d
        0.6450000000        1.0000000000
   1   f
        1.4280000000        1.0000000000 
*
ag def2-TZVPP 
*
 2  s
  19.000000000     -0.16600104141
  15.428199933      0.35665095918
   1  s
  6.0553507268       1.0000000000
   1  s
  1.4162368935       1.0000000000
   1  s
 0.61758635858       1.0000000000
   1  s
 0.10474197431       1.0000000000
   1  s
 0.37685106264E-01   1.0000000000
   4  p
  13.188180180      0.66928737147E-01
  7.7952789138     -0.24735235409
  2.0351571912      0.49154280216
 0.98093914842      0.49741609006
   1  p
 0.44451179958       1.0000000000
   1  p
 0.13000000000       1.0000000000
   1  p
 0.41200000000E-01   1.0000000000
   4  d
  25.784397351      0.35645063082E-02
  11.396636755     -0.12984262784E-01
  2.7345581361      0.24108826548
  1.1873583605      0.42412330744
   1  d
 0.47316910566       1.0000000000
   1  d
 0.16746017986       1.0000000000
 1  f
   2.51003   1.0
   1  f
   0.71142   1.0
 1  g
   1.56190   1.0 
*
n def2-SVP 
*
 5  s
  1712.8415853     -.53934125305E-02
  257.64812677     -.40221581118E-01
  58.458245853     -.17931144990
  16.198367905     -.46376317823
  5.0052600809     -.44171422662
   1  s
  .58731856571      1.0000000000
   1  s
  .18764592253      1.0000000000
   3  p
  13.571470233     -.40072398852E-01
  2.9257372874     -.21807045028
  .79927750754     -.51294466049
   1  p
  .21954348034      1.0000000000
 1  d
  1.00   1.00 
*
h def2-TZVP 
*
 3  s
    34.061341      .60251978E-02
    5.1235746      .45021094E-01
    1.1646626      .20189726
    1  s
    .32723041      1.0000000
    1  s
    .10307241      1.0000000
 1  p
 .80   1.00 
*
c def2-TZVP 
*
 6  s
  13575.349682      .22245814352E-03
  2035.2333680      .17232738252E-02
  463.22562359      .89255715314E-02
  131.20019598      .35727984502E-01
  42.853015891      .11076259931
  15.584185766      .24295627626
   2  s
  6.2067138508      .41440263448
  2.5764896527      .23744968655
   1  s
  .57696339419      1.0000000000
   1  s
  .22972831358      1.0000000000
   1  s
  .95164440028E-01  1.0000000000
   4  p
  34.697232244      .53333657805E-02
  7.9582622826      .35864109092E-01
  2.3780826883      .14215873329
  .81433208183      .34270471845
   1  p
  .28887547253      .46445822433
   1  p
  .10056823671      .24955789874
 1   d
        1.0970000000        1.0000000000
   1   d
        0.3180000000        1.0000000000
   1   f
        0.7610000000        1.0000000000 
*
$ecp
*
ag def2-ecp
*
 ncore = 28    lmax = 3
f     
  -33.68992012    2   14.2200000
   -5.53112021    2    7.1100000
s-f   
  255.13936452    2   13.1300000
   36.86612154    2    6.5100000
   33.68992012    2   14.2200000
    5.53112021    2    7.1100000
p-f   
  182.18186871    2   11.7400000
   30.35775148    2    6.2000000
   33.68992012    2   14.2200000
    5.53112021    2    7.1100000
d-f   
   73.71926087    2   10.2100000
   12.50211712    2    4.3800000
   33.68992012    2   14.2200000
    5.53112021    2    7.1100000
*
$end