$excitation_energies_CCS_____3^a___  threxc=.10000E-02  nstates=    4
    1    0.12682274110212E+00
    2    0.17745056318676E+00
    3    0.23162293557625E+00
    4    0.24110878329461E+00
$excitation_energies_ADC(2)__3^a___  threxc=.10000E-05  nstates=    4
    1    0.12217771559445E+00
    2    0.16096814809331E+00
    3    0.19347680756238E+00
    4    0.20540783000740E+00
$t2_norm_of_re0_ADC(2)__3^a___  threxc=.10000E-05  nstates=    4
    1    0.77994546329674E-01
    2    0.88530894246010E-01
    3    0.10878889843420E+00
    4    0.90108025572319E-01
$end
