$grad          cartesian gradients
  cycle =      1    SCF energy =     -192.0363950184   |dE/dxyz| =  0.035540
    0.00000000000000      0.00000000000000      5.00000000000005      q metal
   -1.85228086084263      1.34576081921255      0.00000000000000      c
   -1.85228086084263     -1.34576081921255      0.00000000000000      c
    0.70750833213097     -2.17748674621381      0.00000000000000      c
    2.28954505742332      0.00000000000000      0.00000000000000      c
    0.70750833213097      2.17748674621381      0.00000000000000      c
   -3.54377341427445      2.57470209508515     -0.00000000000003      h
   -3.54377341427445     -2.57470209508515     -0.00000000000003      h
    1.35360099582458     -4.16595550075333     -0.00000000000003      h
    4.38034483689974      0.00000000000000     -0.00000000000003      h
    1.35360099582458      4.16595550075333     -0.00000000000003      h
    0.00000000000000      0.00000000000000      0.00000000000004      q help
  0.00000000000000D+00  0.00000000000000D+00  0.00000000000000D+00
  -.65742634805055D-02  0.47764820088986D-02  0.27121269655242D-13
  -.65742634805048D-02  -.47764820088993D-02  0.27121269655242D-13
  0.25111451985545D-02  -.77285102370510D-02  0.27121269655242D-13
  0.81262365638977D-02  0.00000000000000D+00  0.27121269655242D-13
  0.25111451985552D-02  0.77285102370517D-02  0.27121269655242D-13
  -.11050639425469D-01  0.80287595042558D-02  -.27098945925033D-13
  -.11050639425469D-01  -.80287595042558D-02  -.27098945925033D-13
  0.42209686631094D-02  -.12990805765385D-01  -.27098945925033D-13
  0.13659341524719D-01  0.00000000000000D+00  -.27098945925033D-13
  0.42209686631094D-02  0.12990805765385D-01  -.27098945925033D-13
  0.00000000000000D+00  0.00000000000000D+00  0.00000000000000D+00
  cycle =      2    SCF energy =     -192.0392864067   |dE/dxyz| =  0.002565
    0.00000000000000      0.00000000000000      4.99999999999970      q
   -1.82912822705778      1.32893944613252     -0.00000000000035      c
   -1.82912822705778     -1.32893944613252     -0.00000000000035      c
    0.69866481295424     -2.15026919283288     -0.00000000000035      c
    2.26092682820709      0.00000000000000     -0.00000000000035      c
    0.69866481295424      2.15026919283288     -0.00000000000035      c
   -3.49349622416503      2.53817357828205      0.00000000000046      h
   -3.49349622416503     -2.53817357828205      0.00000000000046      h
    1.33439681806162     -4.10685111900729      0.00000000000046      h
    4.31819881220682      0.00000000000000      0.00000000000046      h
    1.33439681806162      4.10685111900729      0.00000000000046      h
    0.00000000000000      0.00000000000000     -0.00000000000031      q
  0.00000000000000D+00  0.00000000000000D+00  0.00000000000000D+00
  0.26047749550813D-03  -.18924797807571D-03  -.27233478016575D-12
  0.26047749550848D-03  0.18924797807571D-03  -.27233478016575D-12
  -.99493549980423D-04  0.30620966082893D-03  -.27233478016575D-12
  -.32196789105789D-03  0.00000000000000D+00  -.27233478016575D-12
  -.99493549980423D-04  -.30620966082928D-03  -.27233478016575D-12
  -.89078206434436D-03  0.64719105293055D-03  0.27231692199773D-12
  -.89078206434438D-03  -.64719105293056D-03  0.27231692199773D-12
  0.34024847201064D-03  -.10471771208564D-02  0.27231692199773D-12
  0.11010671846672D-02  0.00000000000000D+00  0.27231692199773D-12
  0.34024847201064D-03  0.10471771208564D-02  0.27231692199773D-12
  0.00000000000000D+00  0.00000000000000D+00  0.00000000000000D+00
  cycle =      3    SCF energy =     -192.0392961385   |dE/dxyz| =  0.000166
    0.00000000000000      0.00000000000000      5.00000000000335      q
   -1.82823955307420      1.32829378668992      0.00000000000331      c
   -1.82823955307420     -1.32829378668992      0.00000000000331      c
    0.69832536969743     -2.14922449390959      0.00000000000331      c
    2.25982836675355      0.00000000000000      0.00000000000331      c
    0.69832536969743      2.14922449390959      0.00000000000331      c
   -3.49027950354771      2.53583649395285     -0.00000000000466      h
   -3.49027950354771     -2.53583649395285     -0.00000000000466      h
    1.33316814011812     -4.10306963712808     -0.00000000000466      h
    4.31422272685919      0.00000000000000     -0.00000000000466      h
    1.33316814011812      4.10306963712808     -0.00000000000466      h
    0.00000000000000      0.00000000000000      0.00000000000335      q
  0.00000000000000D+00  0.00000000000000D+00  0.00000000000000D+00
  0.58629592732373D-04  -.42596892520663D-04  0.30189546082913D-12
  0.58629592732373D-04  0.42596892519953D-04  0.30189546082913D-12
  -.22394511677959D-04  0.68923219912165D-04  0.30189546082913D-12
  -.72470162108829D-04  0.00000000000000D+00  0.30189546082913D-12
  -.22394511677959D-04  -.68923219912875D-04  0.30189546082913D-12
  0.12720131476596D-04  -.92417164795355D-05  -.30523372828701D-12
  0.12720131476596D-04  0.92417164795355D-05  -.30523372828701D-12
  -.48586578827781D-05  0.14953411378382D-04  -.30523372828701D-12
  -.15722947187635D-04  0.00000000000000D+00  -.30523372828701D-12
  -.48586578827003D-05  -.14953411378382D-04  -.30523372828701D-12
  0.00000000000000D+00  0.00000000000000D+00  0.00000000000000D+00
  cycle =      4    SCF energy =     -192.0392961723   |dE/dxyz| =  0.000016
    0.00000000000000      0.00000000000000      4.99999999999971      q
   -1.82833049694708      1.32835986128123     -0.00000000000029      c
   -1.82833049694708     -1.32835986128123     -0.00000000000029      c
    0.69836010716580     -2.14933140484412     -0.00000000000029      c
    2.25994077956257      0.00000000000000     -0.00000000000029      c
    0.69836010716580      2.14933140484412     -0.00000000000029      c
   -3.49040277555903      2.53592605631159      0.00000000000039      h
   -3.49040277555903     -2.53592605631159      0.00000000000039      h
    1.33321522583658     -4.10321455206863      0.00000000000039      h
    4.31437509944491      0.00000000000000      0.00000000000039      h
    1.33321522583658      4.10321455206863      0.00000000000039      h
    0.00000000000000      0.00000000000000     -0.00000000000025      q
  0.00000000000000D+00  0.00000000000000D+00  0.00000000000000D+00
  0.50522531200414D-05  -.36706767545525D-05  0.12265080052170D-12
  0.50522531196862D-05  0.36706767538419D-05  0.12265080052170D-12
  -.19297889721770D-05  0.59392797506774D-05  0.12265080052170D-12
  -.62449282953736D-05  0.00000000000000D+00  0.12265080052170D-12
  -.19297889721770D-05  -.59392797508551D-05  0.12265080052170D-12
  -.25391299902644D-05  0.18447859221227D-05  -.13633860533706D-12
  -.25391299902644D-05  -.18447859220450D-05  -.13633860533706D-12
  0.96986135436072D-06  -.29849263238013D-05  -.13633860533706D-12
  0.31385372716297D-05  0.00000000000000D+00  -.13633860533706D-12
  0.96986135433852D-06  0.29849263238013D-05  -.13633860533706D-12
  0.00000000000000D+00  0.00000000000000D+00  0.00000000000000D+00
$end
