$basis
*
q none 
*
 
*
ag def2-TZVPP 
*
 2  s
  19.000000000     -0.16600104141
  15.428199933      0.35665095918
   1  s
  6.0553507268       1.0000000000
   1  s
  1.4162368935       1.0000000000
   1  s
 0.61758635858       1.0000000000
   1  s
 0.10474197431       1.0000000000
   1  s
 0.37685106264E-01   1.0000000000
   4  p
  13.188180180      0.66928737147E-01
  7.7952789138     -0.24735235409
  2.0351571912      0.49154280216
 0.98093914842      0.49741609006
   1  p
 0.44451179958       1.0000000000
   1  p
 0.13000000000       1.0000000000
   1  p
 0.41200000000E-01   1.0000000000
   4  d
  25.784397351      0.35645063082E-02
  11.396636755     -0.12984262784E-01
  2.7345581361      0.24108826548
  1.1873583605      0.42412330744
   1  d
 0.47316910566       1.0000000000
   1  d
 0.16746017986       1.0000000000
 1  f
   2.51003   1.0
   1  f
   0.71142   1.0
 1  g
   1.56190   1.0 
*
$ecp
*
ag def2-ecp
*
 ncore = 28    lmax = 3
f     
  -33.68992012    2   14.2200000
   -5.53112021    2    7.1100000
s-f   
  255.13936452    2   13.1300000
   36.86612154    2    6.5100000
   33.68992012    2   14.2200000
    5.53112021    2    7.1100000
p-f   
  182.18186871    2   11.7400000
   30.35775148    2    6.2000000
   33.68992012    2   14.2200000
    5.53112021    2    7.1100000
d-f   
   73.71926087    2   10.2100000
   12.50211712    2    4.3800000
   33.68992012    2   14.2200000
    5.53112021    2    7.1100000
*
$end