$coord
-1.77740147053415 -7.03249492095475 1.40842525626865 ag
-7.16165299987876 -3.1171354346449 -2.67881881560542 q
-5.16987073626151 -3.8762235150515205 -1.16435686502138 q
-4.83250641741162 -6.45610894299186 -0.91729145267309 q
-6.34547766165693 -8.1084839881132 -2.07675599719805 q
-8.38544589927989 -7.2837086205893 -3.62816297675039 q
-8.72182235201229 -4.75762896573914 -3.8744425860547795 q
-3.79839573443509 -2.33914396563642 -0.11346098102559 q
-5.90804669185699 -10.56914317839489 -1.75298108280503 q
-7.00936780181371 -11.87348616087877 -2.59770102741978 q
-4.4610289373471 -11.15986338385363 -0.65290264895445 q
-9.61791448859021 -8.60874151319684 -4.57288827705896 q
-10.214435351882 -3.93697438349774 -5.00897551701615 q
-7.39798041513122 -1.22365241727544 -2.85175299748163 q
4.27850171366963 -9.25535050369909 6.01419452426918 q
2.19140640349405 -9.24594026887032 4.42415995501587 q
1.29565734335668 -6.88461226371879 3.7503366519257 q
2.36539069977744 -4.7516093156562 4.57235335640642 q
4.50750471746419 -4.81620679768556 6.20366773321723 q
5.39882176515324 -7.1219952849672 6.87468095892356 q
1.21920871093699 -11.19383471387602 3.67653489445414 q
1.38664522466582 -2.54731569603685 3.83436600985338 q
2.15969978128409 -0.91135217798868 4.42931244076656 q
-0.13989384315857 -2.47399260402908 2.67257902676873 q
5.39140977782875 -3.10615652075149 6.88275017469088 q
7.01526189289551 -7.37266212576145 8.10498428578589 q
4.93506202416158 -10.98572995198819 6.50808872415578 q
$user-defined bonds 
 
$end