$coord  natoms=     8
   -0.90419625000000     -0.02864000000000     -2.10468375000000      c
   -0.90419625000000     -0.02864000000000      0.42754625000000      c
    1.46880375000000     -0.02864000000000      1.79760625000000      c
    2.46710375000000      1.96795000000000      2.37396625000000      o
   -2.67166625000000     -0.02864000000000     -3.12513375000000      h
    0.86327375000000     -0.02864000000000     -3.12513375000000      h
   -2.67166625000000     -0.02864000000000      1.44800625000000      h
    2.35254375000000     -1.79611000000000      2.30782625000000      h
$redundant
     number_of_atoms             8
     degrees_of_freedom         18
     internal_coordinates       18
     frozen_coordinates          0
# definitions of redundant internals
   1 k  1.0000000000000 tors    4    3    2    1 val=  -0.00000
        1.0000000000000 tors    8    3    2    1
   2 k  1.0000000000000 stre    3    4           val=   2.30546
   3 k  1.0000000000000 stre    3    8           val=   2.04090
   4 k -0.8088607651912 bend    8    4    3      val=   0.00006
        0.3079514965339 bend    2    4    3
        0.5009093114694 bend    2    8    3
   5 k  0.1114044243544 bend    8    4    3      val=   0.00004
       -0.7561959283773 bend    2    4    3
        0.6447920379004 bend    2    8    3
   6 k  1.0000000000000 outp    8    4    2    3 val=  -0.00051
   7 k  1.0000000000000 tors    6    1    2    3 val=  90.00000
        1.0000000000000 tors    5    1    2    3
   8 k  1.0000000000000 stre    1    6           val=   2.04090
   9 k  1.0000000000000 stre    1    5           val=   2.04090
  10 k -0.8164965809277 bend    5    6    1      val=   0.00003
        0.4082482904639 bend    2    6    1
        0.4082482904639 bend    2    5    1
  11 k  0.7071067811865 bend    2    6    1      val=  -0.00000
       -0.7071067811865 bend    2    5    1
  12 k  1.0000000000000 outp    6    2    5    1 val=   0.00000
  13 k  1.0000000000000 stre    2    7           val=   2.04090
  14 k  0.7071067811865 bend    1    7    2      val=   0.00033
       -0.7071067811865 bend    3    7    2
  15 k  1.0000000000000 outp    7    3    1    2 val=   0.00000
  16 k  1.0000000000000 stre    2    1           val=   2.53223
  17 k  1.0000000000000 stre    2    3           val=   2.74011
  18 k  1.0000000000000 bend    3    1    2      val= 120.00014
        18 non zero eigenvalues  of BmBt
           1           6.412153413    1    0
         1
           2           4.256415389    2    0
         2
           3           3.928724533    3    0
         3
           4           3.128133201    4    0
         4
           5           2.866890976    5    0
         5
           6           2.715952252    6    0
         6
           7           2.021505490    7    0
         7
           8           1.578935744    8    0
         8
           9           1.409299843    9    0
         9
          10           0.910099934   10    0
        10
          11           0.874506005   11    0
        11
          12           0.571110430   12    0
        12
          13           0.378429532   13    0
        13
          14           0.354881939   14    0
        14
          15           0.333173138   15    0
        15
          16           0.283875392   16    0
        16
          17           0.275585861   17    0
        17
          18           0.083033982   18    0
        18
$user-defined bonds
$end
