$coord
-1.29423627926109 -6.44970195608985 1.7785383145687 q
-6.50421838689348 -3.1729174946399 -2.17914358981839 n
-4.46683639212085 -3.68050775262562 -0.6284585681208 c
-3.8710840053826505 -6.13690138723332 -0.18367862808487 n
-5.23585522068192 -7.99104163838864 -1.23073839971938 c
-7.34362172056892 -7.47690368543721 -2.83534783212234 c
-7.91396464884156 -5.01968180564198 -3.26007913183751 c
-3.27381127765646 -1.88391754066507 0.28709123418328 o
-4.57538446510484 -10.36719264577606 -0.73602665881825 n
-5.56223576198495 -11.8085412972484 -1.49345204806749 h
-3.0718511874175 -10.74046475020464 0.40862943667855 h
-8.44299915327636 -8.97611703905876 -3.68019237184987 h
-9.47021813300632 -4.41337579124218 -4.44229968450343 h
-6.89584332063343 -1.321063561006 -2.47094682460359 h
3.00638882834055 -9.45896445123181 5.04305805325111 n
0.94579644727976 -9.16246363845901 3.47499814850449 c
0.30364643665766 -6.67913447342872 2.99511862410008 n
1.53103311374209 -4.64271474438285 3.93768039403696 c
3.64757392821089 -5.06736190598328 5.54812569853525 c
4.31152582160598 -7.48713191052623 6.04471314264224 c
-0.20767387130202 -10.94568878535032 2.59021421808292 o
0.71932967170797 -2.38286378972862 3.32742912758356 n
1.63242837743296 -0.85971898077225 4.02868942114547 h
-0.85199524168962 -2.13998709440615 2.1311528416532 h
4.68738763184206 -3.50261537527196 6.34611034470599 h
5.89425502681912 -7.97151870984982 7.24869693878002 h
3.50579303562065 -11.27105541119864 5.41606056653147 h
$user-defined bonds 
 
$end