*************************************************
******************* ORCA 6.0.0 ******************
*************************************************
$Calculation_Status
   &GeometryIndex 1
   &ListStatus       OUT
   &VERSION [&Type "String"] "6.0.0"
   &PROGNAME [&Type "String"] "LeanSCF"
   &STATUS [&Type "String"] "NORMAL TERMINATION"
$End
$Geometry
   &GeometryIndex 1
   &ListStatus       OUT
   &NATOMS [&Type "Integer"] 19
   &NCORELESSECP [&Type "Integer"] 0
   &NGHOSTATOMS [&Type "Integer"] 0
   &CartesianCoordinates [&Type "Coordinates", &Dim(19,4), &Units "Bohr"] 
              Cu    -8.719321806048   12.596835855359    5.975256710660
              S     -4.114269902830   14.399329367098   12.560845315931
              C     -6.812779656519   15.819565453813   14.191651471461
              H     -7.236045322793   14.694250395994   15.865678387665
              H     -8.478152152185   15.849030666650   12.976171611120
              H     -6.358821339855   17.741851512854   14.776242287379
              S    -10.662970649881   15.303840488367    3.325321089601
              C    -12.997669664065   16.427865864861    5.616093473563
              H    -13.335525957208   18.443437777814    5.360193405613
              H    -12.360535196054   16.077806614750    7.546913994314
              H    -14.761160046858   15.406059710154    5.309812810348
              Cu    -6.268527669691   12.275924552325    9.567521810388
              Cu    -7.088611911910   16.858720625603    4.686169239864
              Cu    -4.009161970184   16.411724715832    8.954186379423
              S     -3.295209055522   18.238599111709    5.360696766743
              C     -1.582286001721   15.628653000809    3.843613636146
              H     -1.610390560098   15.903032948974    1.802369856876
              H      0.369507718610   15.635626487822    4.502546932793
              H     -2.453502313518   13.817486206593    4.303899170157
$End
$SCF_Energy
   &GeometryIndex 1
   &ListStatus       OUT
   &SCF_ENERGY [&Type "Double"]      -7.8674043820146089e+03
$End
$Mulliken_Population_Analysis
   &GeometryIndex 1
   &ListStatus       OUT
   &NATOMS [&Type "Integer"] 19
   &ATNO [&Type "ArrayOfIntegers", &Dim (19,1)] 
                                                         0

0                                                       29
1                                                       16
2                                                        6
3                                                        1
4                                                        1
5                                                        1
6                                                       16
7                                                        6
8                                                        1
9                                                        1
10                                                       1
11                                                      29
12                                                      29
13                                                      29
14                                                      16
15                                                       6
16                                                       1
17                                                       1
18                                                       1
   &ATOMICCHARGES [&Type "ArrayOfDoubles", &Dim (19,1)] 
                                                         0

0                                     -1.7899796657036049e-01
1                                     -4.9471102527047961e-01
2                                     -2.4746944033206209e-01
3                                      1.0207618780186711e-01
4                                      1.0099662958396782e-01
5                                      9.4706311989307679e-02
6                                     -5.0113254564148590e-01
7                                     -2.3993798069860084e-01
8                                      9.3942541135971558e-02
9                                      9.9227385404285995e-02
10                                     1.0120887190204286e-01
11                                    -1.9825356952388518e-01
12                                     3.4400391940357622e-01
13                                     3.4633954423033231e-01
14                                    -4.9812185087197136e-01
15                                    -2.5629211146878284e-01
16                                     1.0392035930375276e-01
17                                     1.0322927505658464e-01
18                                     1.2526546456607623e-01
$End
$Loewdin_Population_Analysis
   &GeometryIndex 1
   &ListStatus       OUT
   &NATOMS [&Type "Integer"] 19
   &ATNO [&Type "ArrayOfIntegers", &Dim (19,1)] 
                                                         0

0                                                       29
1                                                       16
2                                                        6
3                                                        1
4                                                        1
5                                                        1
6                                                       16
7                                                        6
8                                                        1
9                                                        1
10                                                       1
11                                                      29
12                                                      29
13                                                      29
14                                                      16
15                                                       6
16                                                       1
17                                                       1
18                                                       1
   &ATOMICCHARGES [&Type "ArrayOfDoubles", &Dim (19,1)] 
                                                         0

0                                     -4.2446357559544623e-01
1                                      3.8871346380907568e-01
2                                     -4.7998236086430701e-01
3                                      8.9993047754950983e-02
4                                      1.0104135656265234e-01
5                                      8.8027165031035137e-02
6                                      3.8613181385375839e-01
7                                     -4.7873738931031884e-01
8                                      8.7521271639480092e-02
9                                      1.0179389382276749e-01
10                                     9.0326264790901445e-02
11                                    -4.2663275169379489e-01
12                                    -4.1123720368244676e-01
13                                    -4.0863672354915082e-01
14                                     4.4614643362915807e-01
15                                    -4.4941689632936832e-01
16                                     9.3905743811936726e-02
17                                     9.3667799611596214e-02
18                                     1.1183864670771282e-01
$End
$Mayer_Population_Analysis
   &GeometryIndex 1
   &ListStatus       OUT
   &NATOMS [&Type "Integer"] 19 "Total number of atoms"
   &BONDTHRESH [&Type "Double"]       1.0000000000000001e-01  "The threshold for printing"
   &NBONDORDERSPRINT [&Type "Integer"] 19 "The number of bond orders larger than threshold"
   &BONDORDERS [&Type "ArrayOfDoubles", &Dim (19,1)] "The bond orders"
                                                         0

0                                      3.9212371602551466e-01
1                                      9.9092729905468380e-01
2                                      9.4774995767854364e-01
3                                      3.9157062401317888e-01
4                                      6.3053919408928949e-01
5                                      9.8151380528296728e-01
6                                      9.6719843321522037e-01
7                                      9.8064678518595638e-01
8                                      9.4681727942537808e-01
9                                      6.3180759559895672e-01
10                                     9.8004792769132176e-01
11                                     9.6402511466857266e-01
12                                     9.8132677127642498e-01
13                                     5.7963391886660465e-01
14                                     5.8254028214763787e-01
15                                     9.1370864913821126e-01
16                                     9.7867974504178779e-01
17                                     9.7854555920038411e-01
18                                     9.6103496496623364e-01
   &COMPONENTS [&Type "ArrayOfIntegers", &Dim (19,4)] "The indices and atomic numbers of the bonding atoms"
                                                         0                           1                           2                           3

0                                                        0                          29                           6                          16
1                                                        0                          29                          11                          29
2                                                        1                          16                           2                           6
3                                                        1                          16                          11                          29
4                                                        1                          16                          13                          29
5                                                        2                           6                           3                           1
6                                                        2                           6                           4                           1
7                                                        2                           6                           5                           1
8                                                        6                          16                           7                           6
9                                                        6                          16                          12                          29
10                                                       7                           6                           8                           1
11                                                       7                           6                           9                           1
12                                                       7                           6                          10                           1
13                                                      12                          29                          14                          16
14                                                      13                          29                          14                          16
15                                                      14                          16                          15                           6
16                                                      15                           6                          16                           1
17                                                      15                           6                          17                           1
18                                                      15                           6                          18                           1
   &ATNO [&Type "ArrayOfIntegers", &Dim (19,1)] "Atomic number of the elements"
                                                         0

0                                                       29
1                                                       16
2                                                        6
3                                                        1
4                                                        1
5                                                        1
6                                                       16
7                                                        6
8                                                        1
9                                                        1
10                                                       1
11                                                      29
12                                                      29
13                                                      29
14                                                      16
15                                                       6
16                                                       1
17                                                       1
18                                                       1
   &NA [&Type "ArrayOfDoubles", &Dim (19,1)] "Mulliken gross atomic population"
                                                         0

0                                      2.9178997966570325e+01
1                                      1.6494711025270483e+01
2                                      6.2474694403320585e+00
3                                      8.9792381219813322e-01
4                                      8.9900337041603207e-01
5                                      9.0529368801069232e-01
6                                      1.6501132545641486e+01
7                                      6.2399379806986026e+00
8                                      9.0605745886402911e-01
9                                      9.0077261459571456e-01
10                                     8.9879112809795614e-01
11                                     2.9198253569523878e+01
12                                     2.8655996080596417e+01
13                                     2.8653660455769643e+01
14                                     1.6498121850871968e+01
15                                     6.2562921114687811e+00
16                                     8.9607964069624724e-01
17                                     8.9677072494341536e-01
18                                     8.7473453543392377e-01
   &ZA [&Type "ArrayOfDoubles", &Dim (19,1)] "Total nuclear charge"
                                                         0

0                                      2.9000000000000000e+01
1                                      1.6000000000000000e+01
2                                      6.0000000000000000e+00
3                                      1.0000000000000000e+00
4                                      1.0000000000000000e+00
5                                      1.0000000000000000e+00
6                                      1.6000000000000000e+01
7                                      6.0000000000000000e+00
8                                      1.0000000000000000e+00
9                                      1.0000000000000000e+00
10                                     1.0000000000000000e+00
11                                     2.9000000000000000e+01
12                                     2.9000000000000000e+01
13                                     2.9000000000000000e+01
14                                     1.6000000000000000e+01
15                                     6.0000000000000000e+00
16                                     1.0000000000000000e+00
17                                     1.0000000000000000e+00
18                                     1.0000000000000000e+00
   &QA [&Type "ArrayOfDoubles", &Dim (19,1)] "Mulliken gross atomic charge"
                                                         0

0                                     -1.7899796657032496e-01
1                                     -4.9471102527048316e-01
2                                     -2.4746944033205853e-01
3                                      1.0207618780186678e-01
4                                      1.0099662958396793e-01
5                                      9.4706311989307679e-02
6                                     -5.0113254564148590e-01
7                                     -2.3993798069860262e-01
8                                      9.3942541135970892e-02
9                                      9.9227385404285440e-02
10                                     1.0120887190204386e-01
11                                    -1.9825356952387807e-01
12                                     3.4400391940358332e-01
13                                     3.4633954423035718e-01
14                                    -4.9812185087196781e-01
15                                    -2.5629211146878106e-01
16                                     1.0392035930375276e-01
17                                     1.0322927505658464e-01
18                                     1.2526546456607623e-01
   &VA [&Type "ArrayOfDoubles", &Dim (19,1)] "Mayer's total valence"
                                                         0

0                                      1.4368021334717191e+00
1                                      1.9771041897290065e+00
2                                      3.7877727477812937e+00
3                                      9.6766350411011293e-01
4                                      9.9495709983613745e-01
5                                      9.6274762010429182e-01
6                                      1.9786907101465063e+00
7                                      3.7690953394743452e+00
8                                      9.6324579120676257e-01
9                                      1.0033284718607245e+00
10                                     9.6848528133934142e-01
11                                     1.4375120215600070e+00
12                                     1.2795560762176414e+00
13                                     1.2752703380171653e+00
14                                     2.0795539278527846e+00
15                                     3.7666925958315591e+00
16                                     9.6743977659383129e-01
17                                     9.6736738833580094e-01
18                                     1.0131703946045563e+00
   &BVA [&Type "ArrayOfDoubles", &Dim (19,1)] "Mayer's bonded valence"
                                                         0

0                                      1.4368021334716730e+00
1                                      1.9771041897290971e+00
2                                      3.7877727477811751e+00
3                                      9.6766350411009239e-01
4                                      9.9495709983612102e-01
5                                      9.6274762010427617e-01
6                                      1.9786907101465410e+00
7                                      3.7690953394742870e+00
8                                      9.6324579120675591e-01
9                                      1.0033284718606954e+00
10                                     9.6848528133932676e-01
11                                     1.4375120215600106e+00
12                                     1.2795560762175739e+00
13                                     1.2752703380170516e+00
14                                     2.0795539278528530e+00
15                                     3.7666925958316098e+00
16                                     9.6743977659382674e-01
17                                     9.6736738833580449e-01
18                                     1.0131703946045758e+00
   &FA [&Type "ArrayOfDoubles", &Dim (19,1)] "Mayer's free valence"
                                                         0

0                                      0.0000000000000000e+00
1                                      0.0000000000000000e+00
2                                      0.0000000000000000e+00
3                                      0.0000000000000000e+00
4                                      0.0000000000000000e+00
5                                      0.0000000000000000e+00
6                                      0.0000000000000000e+00
7                                      0.0000000000000000e+00
8                                      0.0000000000000000e+00
9                                      0.0000000000000000e+00
10                                     0.0000000000000000e+00
11                                     0.0000000000000000e+00
12                                     0.0000000000000000e+00
13                                     0.0000000000000000e+00
14                                     0.0000000000000000e+00
15                                     0.0000000000000000e+00
16                                     0.0000000000000000e+00
17                                     0.0000000000000000e+00
18                                     0.0000000000000000e+00
$End
$Calculation_Info
   &GeometryIndex 1
   &ListStatus       OUT
   &MULT [&Type "Integer"] 1
   &CHARGE [&Type "Integer"] -1
   &NUMOFATOMS [&Type "Integer"] 19
   &NUMOFELECTRONS [&Type "Integer"] 192
   &NUMOFFCELECTRONS [&Type "Integer"] 1
   &NUMOFCORRELECTRONS [&Type "Integer"] 0
   &NUMOFBASISFUNCTS [&Type "Integer"] 438
   &NUMOFAUXCBASISFUNCTS [&Type "Integer"] 0
   &NUMOFAUXJBASISFUNCTS [&Type "Integer"] 0
   &NUMOFAUXJKBASISFUNCTS [&Type "Integer"] 0
   &NUMOFCABSBASISFUNCTS [&Type "Integer"] 0
   &TOTALENERGY [&Type "Double"]      -7.8674043820146089e+03  "Hartrees"
$End
$SCF_Dipole_Moment
   &GeometryIndex 1
   &ListStatus       OUT
   &METHOD [&Type "String"] "SCF"
   &LEVEL [&Type "String"] "Relaxed density"
   &MULT [&Type "Integer"] 1
   &STATE [&Type "Integer"] -1
   &IRREP [&Type "Integer"] 0
   &NATOMS [&Type "Integer"] 19
   &DODIPOLEATOM [&Type "Boolean"] false
   &DIPOLEELECCONTRIB [&Type "ArrayOfDoubles", &Dim (3,1)] "Electronic contribution"
                                                         0

0                                      3.6106203301004438e+00
1                                     -8.3983610545833685e+00
2                                     -3.4711305197946443e+00
   &DIPOLENUCCONTRIB [&Type "ArrayOfDoubles", &Dim (3,1)] "Nuclear contribution"
                                                         0

0                                     -3.4590491208452869e+00
1                                      9.6309240383312797e+00
2                                      3.5009599950575279e+00
   &DIPOLETOTAL [&Type "ArrayOfDoubles", &Dim (3,1)] "Total"
                                                         0

0                                      1.5157120925515688e-01
1                                      1.2325629837479113e+00
2                                      2.9829475262883598e-02
   &DIPOLEMAGNITUDE [&Type "Double", &Units "a.u."]       1.2422057550885375e+00
$End
