*************************************************
******************* ORCA 6.0.0 ******************
*************************************************
$Calculation_Status
   &GeometryIndex 1
   &ListStatus       OUT
   &VERSION [&Type "String"] "6.0.0"
   &PROGNAME [&Type "String"] "LeanSCF"
   &STATUS [&Type "String"] "NORMAL TERMINATION"
$End
$Geometry
   &GeometryIndex 1
   &ListStatus       OUT
   &NATOMS [&Type "Integer"] 25
   &NCORELESSECP [&Type "Integer"] 0
   &NGHOSTATOMS [&Type "Integer"] 0
   &CartesianCoordinates [&Type "Coordinates", &Dim(25,4), &Units "Bohr"] 
              Cu   -11.197490956128   14.597847543326    7.231592774710
              Cu    -6.766112949955   15.840265801047    6.523747145510
              S    -13.663152158442   11.023626454671    7.115080246746
              C    -16.887220503877   12.062838669664    7.794451389242
              H    -16.884272195195   13.949510013749    8.618886741858
              H    -17.802509648826   10.747292382249    9.087501937650
              H    -17.952246675613   12.108485645479    6.029594445525
              Cu   -11.654382270554   10.926167784589   10.609281522110
              S     -8.921691253717   11.399317943773   13.633158500070
              H    -11.862313051058   13.139559499602   16.698838394890
              H    -11.061232695550   15.433521760389   14.381093825170
              C    -10.331130113017   13.910243450817   15.557096553943
              H     -8.880837385383   14.670765075564   16.807271237982
              Cu    -7.765557872364   13.572818808387   10.199643069158
              Cu    -9.965719415433   18.321295695649    4.101493141748
              S    -13.516186560604   18.049276845858    5.993951899330
              C    -15.825825290398   16.876743908654    3.707263858200
              H    -17.665358832846   16.751919265686    4.630024434742
              H    -15.970513718235   18.172231939081    2.113065106670
              H    -15.292983170943   15.007089438926    3.029210818929
              S     -6.019051170169   18.063232523247    3.005093269325
              C     -6.024727366078   15.546675319085    0.627093870993
              H     -4.088675901039   14.894694738115    0.359566829819
              H     -7.185862479606   13.955325807353    1.223336615352
              H     -6.738328539477   16.276620933726   -1.161763180698
$End
$SCF_Energy
   &GeometryIndex 1
   &ListStatus       OUT
   &SCF_ENERGY [&Type "Double"]      -9.9435759079770451e+03
$End
$Mulliken_Population_Analysis
   &GeometryIndex 1
   &ListStatus       OUT
   &NATOMS [&Type "Integer"] 25
   &ATNO [&Type "ArrayOfIntegers", &Dim (25,1)] 
                                                         0

0                                                       29
1                                                       29
2                                                       16
3                                                        6
4                                                        1
5                                                        1
6                                                        1
7                                                       29
8                                                       16
9                                                        1
10                                                       1
11                                                       6
12                                                       1
13                                                      29
14                                                      29
15                                                      16
16                                                       6
17                                                       1
18                                                       1
19                                                       1
20                                                      16
21                                                       6
22                                                       1
23                                                       1
24                                                       1
   &ATOMICCHARGES [&Type "ArrayOfDoubles", &Dim (25,1)] 
                                                         0

0                                      3.5204846781027044e-01
1                                     -5.6739638247197632e-02
2                                     -5.0765993533443066e-01
3                                     -2.8653430065526475e-01
4                                      1.1209013480658747e-01
5                                      1.0506778837919750e-01
6                                      9.8080953767738399e-02
7                                      2.8661694166851959e-01
8                                     -4.7504870416520006e-01
9                                      9.9556285188713511e-02
10                                     1.1340041337773843e-01
11                                    -2.6886654665310772e-01
12                                     1.0283044199543756e-01
13                                    -5.4426243182348344e-02
14                                     2.8743410792543500e-01
15                                    -5.0834577110711976e-01
16                                    -2.8639380864858754e-01
17                                     9.8194166283099071e-02
18                                     1.0510969504721102e-01
19                                     1.1200004717805789e-01
20                                    -4.7477494085687866e-01
21                                    -2.6908930479771076e-01
22                                     1.0289468252208422e-01
23                                     1.1294205989303618e-01
24                                     9.9613007804719933e-02
$End
$Loewdin_Population_Analysis
   &GeometryIndex 1
   &ListStatus       OUT
   &NATOMS [&Type "Integer"] 25
   &ATNO [&Type "ArrayOfIntegers", &Dim (25,1)] 
                                                         0

0                                                       29
1                                                       29
2                                                       16
3                                                        6
4                                                        1
5                                                        1
6                                                        1
7                                                       29
8                                                       16
9                                                        1
10                                                       1
11                                                       6
12                                                       1
13                                                      29
14                                                      29
15                                                      16
16                                                       6
17                                                       1
18                                                       1
19                                                       1
20                                                      16
21                                                       6
22                                                       1
23                                                       1
24                                                       1
   &ATOMICCHARGES [&Type "ArrayOfDoubles", &Dim (25,1)] 
                                                         0

0                                     -5.5872255076553756e-01
1                                     -3.0838054446927643e-01
2                                      4.4102981946363329e-01
3                                     -4.8553323955646732e-01
4                                      9.9937792241224566e-02
5                                      8.7625705944259780e-02
6                                      8.8676394388351398e-02
7                                     -3.8010938150049256e-01
8                                      4.2299904967334712e-01
9                                      8.9500842025307725e-02
10                                     1.0459819266600678e-01
11                                    -4.7246061228740199e-01
12                                     9.1599876710350747e-02
13                                    -3.0860730186315166e-01
14                                    -3.7982572683546678e-01
15                                     4.4177511371246325e-01
16                                    -4.8517517626503981e-01
17                                     8.8691955008952772e-02
18                                     8.7694350134611243e-02
19                                     9.9991857647237725e-02
20                                     4.2256600091985597e-01
21                                    -4.7318570360674350e-01
22                                     9.1641188112232097e-02
23                                     1.0427708656186474e-01
24                                     8.9395011939931823e-02
$End
$Mayer_Population_Analysis
   &GeometryIndex 1
   &ListStatus       OUT
   &NATOMS [&Type "Integer"] 25 "Total number of atoms"
   &BONDTHRESH [&Type "Double"]       1.0000000000000001e-01  "The threshold for printing"
   &NBONDORDERSPRINT [&Type "Integer"] 27 "The number of bond orders larger than threshold"
   &BONDORDERS [&Type "ArrayOfDoubles", &Dim (27,1)] "The bond orders"
                                                         0

0                                      3.5023024253791335e-01
1                                      3.2780647500925264e-01
2                                      3.4912814533190373e-01
3                                      3.2781771369043411e-01
4                                      6.9335558445019707e-01
5                                      4.2596431165715914e-01
6                                      9.4559662271220835e-01
7                                      6.8494395354718118e-01
8                                      9.7863649737246727e-01
9                                      9.7861604441287731e-01
10                                     9.8058012809911532e-01
11                                     6.4873045204771884e-01
12                                     9.4234917953946695e-01
13                                     4.2683310953965642e-01
14                                     9.7989047576731370e-01
15                                     9.7379622275565858e-01
16                                     9.8112784345574422e-01
17                                     6.8409946479804917e-01
18                                     6.4861191291628040e-01
19                                     9.4554466390865644e-01
20                                     9.8051568196705630e-01
21                                     9.7869106009609874e-01
22                                     9.7882489193902311e-01
23                                     9.4243570102108909e-01
24                                     9.8119663947904567e-01
25                                     9.7398575987227032e-01
26                                     9.7990060670176182e-01
   &COMPONENTS [&Type "ArrayOfIntegers", &Dim (27,4)] "The indices and atomic numbers of the bonding atoms"
                                                         0                           1                           2                           3

0                                                        0                          29                           1                          29
1                                                        0                          29                           2                          16
2                                                        0                          29                          13                          29
3                                                        0                          29                          15                          16
4                                                        1                          29                          13                          29
5                                                        1                          29                          20                          16
6                                                        2                          16                           3                           6
7                                                        2                          16                           7                          29
8                                                        3                           6                           4                           1
9                                                        3                           6                           5                           1
10                                                       3                           6                           6                           1
11                                                       7                          29                           8                          16
12                                                       8                          16                          11                           6
13                                                       8                          16                          13                          29
14                                                       9                           1                          11                           6
15                                                      10                           1                          11                           6
16                                                      11                           6                          12                           1
17                                                      14                          29                          15                          16
18                                                      14                          29                          20                          16
19                                                      15                          16                          16                           6
20                                                      16                           6                          17                           1
21                                                      16                           6                          18                           1
22                                                      16                           6                          19                           1
23                                                      20                          16                          21                           6
24                                                      21                           6                          22                           1
25                                                      21                           6                          23                           1
26                                                      21                           6                          24                           1
   &ATNO [&Type "ArrayOfIntegers", &Dim (25,1)] "Atomic number of the elements"
                                                         0

0                                                       29
1                                                       29
2                                                       16
3                                                        6
4                                                        1
5                                                        1
6                                                        1
7                                                       29
8                                                       16
9                                                        1
10                                                       1
11                                                       6
12                                                       1
13                                                      29
14                                                      29
15                                                      16
16                                                       6
17                                                       1
18                                                       1
19                                                       1
20                                                      16
21                                                       6
22                                                       1
23                                                       1
24                                                       1
   &NA [&Type "ArrayOfDoubles", &Dim (25,1)] "Mulliken gross atomic population"
                                                         0

0                                      2.8647951532189719e+01
1                                      2.9056739638247223e+01
2                                      1.6507659935334438e+01
3                                      6.2865343006552648e+00
4                                      8.8790986519341197e-01
5                                      8.9493221162080205e-01
6                                      9.0191904623226182e-01
7                                      2.8713383058331470e+01
8                                      1.6475048704165186e+01
9                                      9.0044371481128649e-01
10                                     8.8659958662226157e-01
11                                     6.2688665466531068e+00
12                                     8.9716955800456277e-01
13                                     2.9054426243182320e+01
14                                     2.8712565892074551e+01
15                                     1.6508345771107120e+01
16                                     6.2863938086485875e+00
17                                     9.0180583371690126e-01
18                                     8.9489030495278898e-01
19                                     8.8799995282194222e-01
20                                     1.6474774940856854e+01
21                                     6.2690893047977125e+00
22                                     8.9710531747791589e-01
23                                     8.8705794010696426e-01
24                                     9.0038699219528018e-01
   &ZA [&Type "ArrayOfDoubles", &Dim (25,1)] "Total nuclear charge"
                                                         0

0                                      2.9000000000000000e+01
1                                      2.9000000000000000e+01
2                                      1.6000000000000000e+01
3                                      6.0000000000000000e+00
4                                      1.0000000000000000e+00
5                                      1.0000000000000000e+00
6                                      1.0000000000000000e+00
7                                      2.9000000000000000e+01
8                                      1.6000000000000000e+01
9                                      1.0000000000000000e+00
10                                     1.0000000000000000e+00
11                                     6.0000000000000000e+00
12                                     1.0000000000000000e+00
13                                     2.9000000000000000e+01
14                                     2.9000000000000000e+01
15                                     1.6000000000000000e+01
16                                     6.0000000000000000e+00
17                                     1.0000000000000000e+00
18                                     1.0000000000000000e+00
19                                     1.0000000000000000e+00
20                                     1.6000000000000000e+01
21                                     6.0000000000000000e+00
22                                     1.0000000000000000e+00
23                                     1.0000000000000000e+00
24                                     1.0000000000000000e+00
   &QA [&Type "ArrayOfDoubles", &Dim (25,1)] "Mulliken gross atomic charge"
                                                         0

0                                      3.5204846781028110e-01
1                                     -5.6739638247222501e-02
2                                     -5.0765993533443776e-01
3                                     -2.8653430065526475e-01
4                                      1.1209013480658803e-01
5                                      1.0506778837919795e-01
6                                      9.8080953767738177e-02
7                                      2.8661694166853025e-01
8                                     -4.7504870416518585e-01
9                                      9.9556285188713511e-02
10                                     1.1340041337773843e-01
11                                    -2.6886654665310683e-01
12                                     1.0283044199543723e-01
13                                    -5.4426243182319922e-02
14                                     2.8743410792544921e-01
15                                    -5.0834577110711976e-01
16                                    -2.8639380864858754e-01
17                                     9.8194166283098738e-02
18                                     1.0510969504721102e-01
19                                     1.1200004717805778e-01
20                                    -4.7477494085685379e-01
21                                    -2.6908930479771254e-01
22                                     1.0289468252208411e-01
23                                     1.1294205989303574e-01
24                                     9.9613007804719822e-02
   &VA [&Type "ArrayOfDoubles", &Dim (25,1)] "Mayer's total valence"
                                                         0

0                                      1.2900675124746144e+00
1                                      1.4919945966522157e+00
2                                      1.9583109511711729e+00
3                                      3.8587913692323368e+00
4                                      9.8193443342357489e-01
5                                      9.5794816044947850e-01
6                                      9.6474792410994370e-01
7                                      1.3581822120742366e+00
8                                      2.0212247405547572e+00
9                                      9.6214222623091283e-01
10                                     9.8250948115418990e-01
11                                     3.8301375397231268e+00
12                                     9.6561774497491648e-01
13                                     1.4919272270685795e+00
14                                     1.3572492516724672e+00
15                                     1.9580048271742641e+00
16                                     3.8587179491735588e+00
17                                     9.6474859487249809e-01
18                                     9.5800795743756528e-01
19                                     9.8180625080205008e-01
20                                     2.0202124996908744e+00
21                                     3.8308146825357734e+00
22                                     9.6552328757698658e-01
23                                     9.8217653588510201e-01
24                                     9.6218751861444063e-01
   &BVA [&Type "ArrayOfDoubles", &Dim (25,1)] "Mayer's bonded valence"
                                                         0

0                                      1.2900675124745646e+00
1                                      1.4919945966522477e+00
2                                      1.9583109511711676e+00
3                                      3.8587913692323639e+00
4                                      9.8193443342358777e-01
5                                      9.5794816044947972e-01
6                                      9.6474792410993659e-01
7                                      1.3581822120742544e+00
8                                      2.0212247405547004e+00
9                                      9.6214222623092061e-01
10                                     9.8250948115418257e-01
11                                     3.8301375397231485e+00
12                                     9.6561774497491659e-01
13                                     1.4919272270685937e+00
14                                     1.3572492516723571e+00
15                                     1.9580048271742534e+00
16                                     3.8587179491735522e+00
17                                     9.6474859487250442e-01
18                                     9.5800795743753686e-01
19                                     9.8180625080204664e-01
20                                     2.0202124996908850e+00
21                                     3.8308146825357463e+00
22                                     9.6552328757697448e-01
23                                     9.8217653588510534e-01
24                                     9.6218751861443363e-01
   &FA [&Type "ArrayOfDoubles", &Dim (25,1)] "Mayer's free valence"
                                                         0

0                                      0.0000000000000000e+00
1                                      0.0000000000000000e+00
2                                      0.0000000000000000e+00
3                                      0.0000000000000000e+00
4                                      0.0000000000000000e+00
5                                      0.0000000000000000e+00
6                                      0.0000000000000000e+00
7                                      0.0000000000000000e+00
8                                      0.0000000000000000e+00
9                                      0.0000000000000000e+00
10                                     0.0000000000000000e+00
11                                     0.0000000000000000e+00
12                                     0.0000000000000000e+00
13                                     0.0000000000000000e+00
14                                     0.0000000000000000e+00
15                                     0.0000000000000000e+00
16                                     0.0000000000000000e+00
17                                     0.0000000000000000e+00
18                                     0.0000000000000000e+00
19                                     0.0000000000000000e+00
20                                     0.0000000000000000e+00
21                                     0.0000000000000000e+00
22                                     0.0000000000000000e+00
23                                     0.0000000000000000e+00
24                                     0.0000000000000000e+00
$End
$Calculation_Info
   &GeometryIndex 1
   &ListStatus       OUT
   &MULT [&Type "Integer"] 1
   &CHARGE [&Type "Integer"] -1
   &NUMOFATOMS [&Type "Integer"] 25
   &NUMOFELECTRONS [&Type "Integer"] 246
   &NUMOFFCELECTRONS [&Type "Integer"] 1
   &NUMOFCORRELECTRONS [&Type "Integer"] 0
   &NUMOFBASISFUNCTS [&Type "Integer"] 569
   &NUMOFAUXCBASISFUNCTS [&Type "Integer"] 0
   &NUMOFAUXJBASISFUNCTS [&Type "Integer"] 0
   &NUMOFAUXJKBASISFUNCTS [&Type "Integer"] 0
   &NUMOFCABSBASISFUNCTS [&Type "Integer"] 0
   &TOTALENERGY [&Type "Double"]      -9.9435759079770451e+03  "Hartrees"
$End
$SCF_Dipole_Moment
   &GeometryIndex 1
   &ListStatus       OUT
   &METHOD [&Type "String"] "SCF"
   &LEVEL [&Type "String"] "Relaxed density"
   &MULT [&Type "Integer"] 1
   &STATE [&Type "Integer"] -1
   &IRREP [&Type "Integer"] 0
   &NATOMS [&Type "Integer"] 25
   &DODIPOLEATOM [&Type "Boolean"] false
   &DIPOLEELECCONTRIB [&Type "ArrayOfDoubles", &Dim (3,1)] "Electronic contribution"
                                                         0

0                                      2.2641911631273356e+01
1                                      4.2137753131969691e-01
2                                      6.5559182876179580e+00
   &DIPOLENUCCONTRIB [&Type "ArrayOfDoubles", &Dim (3,1)] "Nuclear contribution"
                                                         0

0                                     -2.3447972542531257e+01
1                                     -4.3851323403933229e-01
2                                     -6.7965638146951530e+00
   &DIPOLETOTAL [&Type "ArrayOfDoubles", &Dim (3,1)] "Total"
                                                         0

0                                     -8.0606091125790158e-01
1                                     -1.7135702719635382e-02
2                                     -2.4064552707719500e-01
   &DIPOLEMAGNITUDE [&Type "Double", &Units "a.u."]       8.4139057201033296e-01
$End
