$coord  natoms=    12
    0.00000000000000     -0.00000000000000      4.58333333333333      q metal
   -1.85228086084263      1.34576081921255     -0.41666666666671      c
   -1.85228086084263     -1.34576081921255     -0.41666666666671      c
    0.70750833213097     -2.17748674621381     -0.41666666666671      c
    2.28954505742332      0.00000000000000     -0.41666666666671      c
    0.70750833213097      2.17748674621381     -0.41666666666671      c
   -3.54377341427445      2.57470209508515     -0.41666666666674      h
   -3.54377341427445     -2.57470209508515     -0.41666666666674      h
    1.35360099582458     -4.16595550075333     -0.41666666666674      h
    4.38034483689974      0.00000000000000     -0.41666666666674      h
    1.35360099582458      4.16595550075333     -0.41666666666674      h
   -0.00000000000000     -0.00000000000000     -0.41666666666667      q help
$intdef
# definitions of internal coordinates
   1 i  0.3090169943749 stre   12    2
       -0.8090169943749 stre   12    3
       -0.8090169943749 stre   12    4
        0.3090169943749 stre   12    5
        1.0000000000000 stre   12    6
   2 i -0.9510565162952 stre   12    2
       -0.5877852522925 stre   12    3
        0.5877852522925 stre   12    4
        0.9510565162952 stre   12    5
   3 f  1.0000000000000 outp   12    2    4    3 val=   0.00000
        1.0000000000000 outp   12    3    5    4
        1.0000000000000 outp   12    4    6    5
        1.0000000000000 outp   12    5    2    6
        1.0000000000000 outp   12    6    3    2
   4 k  1.0000000000000 stre   12    1           val=   5.00000
   5 i  0.3090169943749 bend    1    2   12
       -0.8090169943749 bend    1    3   12
       -0.8090169943749 bend    1    4   12
        0.3090169943749 bend    1    5   12
        1.0000000000000 bend    1    6   12
   6 i -0.9510565162952 bend    1    2   12
       -0.5877852522925 bend    1    3   12
        0.5877852522925 bend    1    4   12
        0.9510565162952 bend    1    5   12
   7 k  1.0000000000000 stre    2    3           val=   2.69152
   8 d  1.0000000000000 stre    3    4           val=   2.69152
   9 d  1.0000000000000 stre    4    5           val=   2.69152
  10 d  1.0000000000000 stre    5    6           val=   2.69152
  11 d  1.0000000000000 stre    6    2           val=   2.69152
  12 i -0.8090169943749 bend    2    4    3
        0.3090169943749 bend    3    5    4
        0.3090169943750 bend    4    6    5
       -0.8090169943750 bend    5    2    6
        1.0000000000000 bend    6    3    2
  13 i  0.5877852522925 bend    2    4    3
       -0.9510565162952 bend    3    5    4
        0.9510565162952 bend    4    6    5
       -0.5877852522925 bend    5    2    6
  14 i -0.8090169943749 tors    4    5    6    2
        0.3090169943749 tors    5    6    2    3
        0.3090169943750 tors    6    2    3    4
       -0.8090169943750 tors    2    3    4    5
        1.0000000000000 tors    3    4    5    6
  15 i  0.5877852522925 tors    4    5    6    2
       -0.9510565162952 tors    5    6    2    3
        0.9510565162952 tors    6    2    3    4
       -0.5877852522925 tors    2    3    4    5
  16 k  1.0000000000000 stre    7    2           val=   2.09080
  17 d  1.0000000000000 stre    8    3           val=   2.09080
  18 d  1.0000000000000 stre    9    4           val=   2.09080
  19 d  1.0000000000000 stre   10    5           val=   2.09080
  20 d  1.0000000000000 stre   11    6           val=   2.09080
  21 i  1.0000000000000 bend    7    3    2
       -1.0000000000000 bend    7    6    2
  22 i  1.0000000000000 bend    8    4    3
       -1.0000000000000 bend    8    2    3
  23 i  1.0000000000000 bend    9    5    4
       -1.0000000000000 bend    9    3    4
  24 i  1.0000000000000 bend   10    6    5
       -1.0000000000000 bend   10    4    5
  25 i  1.0000000000000 bend   11    2    6
       -1.0000000000000 bend   11    5    6
  26 k  1.0000000000000 outp    7    3    6    2 val=   0.00000
  27 d  1.0000000000000 outp    8    4    2    3 val=   0.00000
  28 d  1.0000000000000 outp    9    5    3    4 val=   0.00000
  29 d  1.0000000000000 outp   10    6    4    5 val=   0.00000
  30 d  1.0000000000000 outp   11    2    5    6 val=   0.00000
$user-defined bonds
    1 -   12,     1 |    2,     1 |    3,     1 |    4,     1 |    5
    1 |    6,     2 -   12,     3 -   12,     4 -   12,     5 -   12
    6 -   12
$end
