$hessapprox internal
  0.262110608820D-01 -0.261033654871D-01  0.105773713418D+01 -0.128366789889D-01
  0.400647836877D-01  0.404222852579D+00 -0.161729993148D-01 -0.838309884921D-02
  0.684947548791D-02  0.382138921848D+00 -0.226881616979D-01 -0.351940754838D-01
  0.384956479118D-01 -0.326004305514D-01  0.336442121701D+00 -0.106421930439D-01
  0.654569431562D-02 -0.252959629578D-02  0.188130325865D-02  0.553724075717D-02
  0.550923775873D-01  0.415632299377D-01 -0.299729943115D-01 -0.684947808403D-02
  0.213757562892D-03 -0.107282173552D-01 -0.215895070625D-01  0.139043999373D+00
 -0.135724376396D-01  0.221284655285D-01 -0.166081392998D-01  0.152072827116D-02
  0.129110967623D-01  0.124123345947D-02 -0.119031336555D-01  0.444138899984D+00
 -0.137572529331D-01  0.224498122237D-01 -0.141589200046D-01  0.187882987147D-02
  0.123166269301D-01  0.156799371453D-02 -0.133619746767D-01 -0.342783268542D-02
  0.446762241207D+00  0.123238714473D-01  0.133398662084D-01 -0.223888557636D-01
  0.135653752910D-01  0.368552399523D-01 -0.335192159388D-02  0.474379159833D-02
 -0.893010551746D-02 -0.861540344268D-02  0.324970490341D+00  0.294841835103D-02
 -0.291673246549D-04 -0.344754182422D-02  0.135113613167D-02  0.418469937440D-02
 -0.975994346539D-03  0.320003426567D-02 -0.181563292648D-02 -0.183055600969D-02
 -0.172619146058D-02  0.384132418584D+00  0.230674724055D-02 -0.242604918001D-02
 -0.240320160779D-02  0.854064239766D-03  0.141656234625D-02 -0.567672040025D-03
  0.563552461239D-02 -0.148511263399D-02 -0.159334893478D-02 -0.732749987105D-03
  0.881763702443D-04  0.402353775974D-01 -0.145780310003D-01  0.256556861582D-01
 -0.188618384113D-01  0.324928790819D-02  0.172548409063D-01  0.173292806411D-02
 -0.142249016316D-01 -0.514097140544D-02 -0.367858128069D-02 -0.112505080487D-01
 -0.219718273394D-02 -0.167758695344D-02  0.443265706812D+00  0.161163808790D-01
  0.154043868866D-01 -0.165261246733D-01  0.185135847116D-01  0.428118023074D-01
 -0.275567412483D-02  0.113092757796D-02 -0.529278440641D-02 -0.527774561659D-02
 -0.189945665017D-01 -0.204525242652D-02 -0.111458002766D-02 -0.765526062238D-02
  0.347870816051D+00 -0.389415777764D-01  0.134081676477D-01 -0.421083604459D-02
 -0.152252140829D-01 -0.905700928785D-02  0.158094678237D-01 -0.919381018163D-01
  0.169772527694D-02  0.338966702350D-02  0.525571271813D-02 -0.122292624696D-02
 -0.471842021520D-02  0.363241276138D-02  0.135100023822D-01  0.120808501861D+00
 -0.224462622921D-01  0.178078031076D-01  0.641971498688D-02 -0.388521581393D-02
 -0.959436675546D-02  0.480465031917D-02 -0.213601348702D-01  0.635906538068D-02
  0.735165846561D-02  0.109237775633D-02 -0.108053197257D-02 -0.161336085118D-02
  0.787276182946D-02  0.469367357591D-02  0.560481681433D-02  0.761927562168D+00
 -0.553300372818D-02  0.363577024653D-01 -0.561640484414D-01  0.685358758135D-02
  0.438594618518D-01 -0.628190063673D-02  0.851027883981D-02 -0.235833948787D-01
 -0.211110148832D-01 -0.244688417496D-01 -0.317241488976D-02 -0.162078099313D-02
 -0.268291874745D-01 -0.182964447697D-01 -0.162056142292D-01  0.260231206411D-03
  0.435015914758D+00  0.125597944531D-01  0.171489935321D-01 -0.334460463738D-01
  0.122923756579D-01  0.408790902682D-01 -0.600179068518D-02  0.116266801500D-01
 -0.145793924042D-01 -0.138090983900D-01 -0.192546972708D-01 -0.190517082428D-02
 -0.806639011394D-03 -0.175629955767D-01 -0.196676514714D-01 -0.303229817544D-02
 -0.142605284672D-02 -0.364936849404D-01  0.408650444676D+00
$end
