$coord
   -0.94843737896511      0.04306392639534     -2.17452992486410  c
   -0.86717108822058     -0.03080566639522      0.35744292037929  c
    1.52000616093492      0.08104498467053      1.90412130172892  c
    2.80236812431945      1.95328360782747      2.20160261884753  o
   -2.75584813106688     -0.01107538249531     -3.20598195824925  h
    0.77833512041251      0.16766243881806     -3.33417534074180  h
   -2.60225620601474     -0.40926799060335      1.46063956915219  h
    2.07300339860047     -1.79390591821751      2.79088081374722  h
$user-defined bonds
$redundant
     number_of_atoms             8
     degrees_of_freedom         18
     internal_coordinates       18
     frozen_coordinates          0
# definitions of redundant internals
   1 k  0.7071067811865 tors   4    3    2    1 val= 162.97369
        0.7071067811865 tors   8    3    2    1
   2 k  1.0000000000000 stre   3    4           val=   2.28872
   3 k  1.0000000000000 stre   3    8           val=   2.14653
   4 k -0.8088607651912 bend   8    4    3      val=  -1.47807
        0.3079514965339 bend   2    4    3
        0.5009093114694 bend   2    8    3
   5 k  0.1114044243544 bend   8    4    3      val=  -4.95884
       -0.7561959283773 bend   2    4    3
        0.6447920379004 bend   2    8    3
   6 k  1.0000000000000 outp   8    4    2    3 val=  -0.67058
   7 k  0.7071067811865 tors   6    1    2    3 val=  91.01009
        0.7071067811865 tors   5    1    2    3
   8 k  1.0000000000000 stre   1    6           val=   2.08376
   9 k  1.0000000000000 stre   1    5           val=   2.08172
  10 k -0.8164965809277 bend   5    6    1      val=   2.66810
        0.4082482904639 bend   2    6    1
        0.4082482904639 bend   2    5    1
  11 k  0.7071067811865 bend   2    6    1      val=   0.30554
       -0.7071067811865 bend   2    5    1
  12 k  1.0000000000000 outp   6    2    5    1 val=  -0.19283
  13 k  1.0000000000000 stre   2    7           val=   2.09065
  14 k  0.7071067811865 bend   1    7    2      val=   2.89084
       -0.7071067811865 bend   3    7    2
  15 k  1.0000000000000 outp   7    3    1    2 val=  -6.22678
  16 k  1.0000000000000 stre   2    1           val=   2.53435
  17 k  1.0000000000000 stre   2    3           val=   2.84664
  18 k  1.0000000000000 bend   3    1    2      val= 124.65057
        18 non zero eigenvalues  of BmBt
           1           6.412153413    1    0
         1
           2           4.256415389    2    0
         2
           3           3.928724533    3    0
         3
           4           3.128133201    4    0
         4
           5           2.866890976    5    0
         5
           6           2.715952252    6    0
         6
           7           2.021505490    7    0
         7
           8           1.578935744    8    0
         8
           9           1.409299843    9    0
         9
          10           0.910099934   10    0
        10
          11           0.874506005   11    0
        11
          12           0.571110430   12    0
        12
          13           0.378429532   13    0
        13
          14           0.354881939   14    0
        14
          15           0.333173138   15    0
        15
          16           0.283875392   16    0
        16
          17           0.275585861   17    0
        17
          18           0.083033982   18    0
        18
$end
