$grad          cartesian gradients
  cycle =      1    SCF energy =     -191.7504734072   |dE/dxyz| =  0.068290
   -0.90419625000000     -0.02864000000000     -2.10468375000000      c
   -0.90419625000000     -0.02864000000000      0.42754625000000      c
    1.46880375000000     -0.02864000000000      1.79760625000000      c
    2.46710375000000      1.96795000000000      2.37396625000000      o
   -2.67166625000000     -0.02864000000000     -3.12513375000000      h
    0.86327375000000     -0.02864000000000     -3.12513375000000      h
   -2.67166625000000     -0.02864000000000      1.44800625000000      h
    2.35254375000000     -1.79611000000000      2.30782625000000      h
  0.45661695761060D-02  0.62415181355097D-03  -.11498481485070D-01
  0.84205854033190D-02  0.91226214654615D-02  0.22553164839959D-01
  -.67605451129037D-02  -.37954594682505D-01  -.12358793873749D-01
  -.81532365554249D-02  -.21767760873692D-02  -.41004791388437D-02
  0.12472749724510D-01  -.15202329562940D-02  0.11718644379013D-01
  -.12842089004457D-01  0.60824856906012D-03  0.12149227857433D-01
  0.14879434994733D-01  0.43273308481984D-03  -.11675268196252D-01
  -.12621509550318D-01  0.30801647843316D-01  -.68022849324854D-02
  cycle =      2    SCF energy =     -191.7556947797   |dE/dxyz| =  0.031694
   -0.93225179388137     -0.03811803447745     -2.14511483254753      c
   -0.90419218832361     -0.02696841992492      0.40315085980762      c
    1.49988408555840      0.01539352368403      1.85568415143518      c
    2.52482196786900      2.00052674564810      2.44895999090341      o
   -2.73354836863951      0.02929899688975     -3.17699413288926      h
    0.84693578821408     -0.07796678468397     -3.21826921788553      h
   -2.70321079927781     -0.07958677998579      1.44878707461494      h
    2.40156130848083     -1.82257924714976      2.38379610656117      h
  0.10079488250040D-02  -.76777141541314D-03  -.87067685638365D-02
  0.38237440097209D-02  0.65355677951348D-02  0.12532526021440D-01
  -.79405024035282D-02  -.20139648487886D-01  -.65916112062904D-02
  0.15798247691504D-02  0.67233936428078D-02  0.35485046209602D-03
  0.15239087070691D-02  0.10486824001320D-02  0.37474859837492D-02
  -.15276355613469D-02  -.10347588614094D-02  0.43070999297735D-02
  0.22328406527644D-02  -.16004174413748D-02  -.44101943265847D-02
  -.74177760783169D-03  0.91773690134338D-02  -.12479121753403D-02
  cycle =      3    SCF energy =     -191.7558941926   |dE/dxyz| =  0.016439
   -0.94997854992544     -0.04661666725574     -2.17368367445184      c
   -0.88793375181506     -0.05394967313376      0.37615703604528      c
    1.53220866852562      0.01170760258115      1.87822752451646      c
    2.56735682148698      1.97192378922868      2.50808476209035      o
   -2.77011177776907     -0.14899690106309     -3.20280024821314      h
    0.81325803239727      0.09665842711095     -3.29754660567229      h
   -2.69086321951564      0.04756677070341      1.45124856995268      h
    2.38606377661536     -1.87829334817160      2.46031263573251      h
  -.55876119074863D-03  0.23751491300143D-04  -.38084494185285D-02
  0.11503013784749D-02  -.15245260744451D-02  0.54181723993011D-02
  -.26701619324792D-02  -.85434987484562D-02  -.48274332569616D-02
  0.15951615455794D-02  0.47395280657272D-02  0.15464714512688D-02
  -.24904745390252D-02  -.31347777731629D-02  -.71724975165027D-04
  0.25249632284031D-02  0.39658037174129D-02  0.12018090691457D-03
  -.29519480859077D-02  0.50631025018469D-02  -.94688550048937D-03
  0.33602944129499D-02  -.61942735380283D-03  0.25567344777260D-02
  cycle =      4    SCF energy =     -191.7567061902   |dE/dxyz| =  0.008111
   -0.95063407898405     -0.03690769062518     -2.17544703584152      c
   -0.88286920136544     -0.03360932093801      0.37030957644441      c
    1.53338285675233      0.03707158305241      1.88342227290618      c
    2.58095638789192      1.98435631569878      2.51255279987907      o
   -2.77146148025561     -0.08675319787752     -3.20326228902593      h
    0.80809518563406      0.03247412794172     -3.31012767000153      h
   -2.68078460946005     -0.03276378244426      1.45595382890317      h
    2.36331493978687     -1.86386803480794      2.46659851673615      h
  -.67912972485683D-03  -.22685789314655D-03  -.21927539118684D-02
  0.51922173537539D-03  0.33492713196717D-03  0.28977327779131D-02
  -.86308924027184D-03  -.28813921196136D-02  -.28239833241449D-02
  0.55708701233526D-03  0.14315250940889D-02  0.10393841288150D-02
  -.18469432425230D-02  -.99650901894447D-03  -.30745663420512D-04
  0.20015663336627D-02  0.12596179800829D-02  -.33609993794675D-04
  -.24750262026036D-02  0.18203187701465D-02  -.66556858848044D-03
  0.27403399080396D-02  -.76037060644885D-03  0.18034140718923D-02
  cycle =      5    SCF energy =     -191.7570948387   |dE/dxyz| =  0.003279
   -0.94844268939633     -0.01601788101827     -2.17441157328000      c
   -0.87787457790444     -0.02768379077633      0.36642234139020      c
    1.52728574201754      0.05432505471753      1.89229393532289      c
    2.63871256902637      1.98800878653786      2.43334369830907      o
   -2.76391165000889     -0.05250851595416     -3.20401150134851      h
    0.80009714733280      0.04913383281083     -3.31719120062396      h
   -2.66115430467465     -0.14413563531798      1.46196950331467      h
    2.28528776360763     -1.85112185099948      2.54158479691564      h
  -.44420090440361D-03  -.11272384379795D-02  -.30711035119435D-03
  -.33229779055130D-03  0.15288986413658D-02  -.31332851899268D-04
  0.12719266481584D-03  0.32978303496622D-03  0.42029404874139D-03
  -.72525461066975D-03  -.67696809859730D-03  0.42278127582601D-03
  -.33015106924519D-03  0.59884899230719D-03  0.23325278727011D-03
  0.44808203753985D-03  -.52831813905820D-03  0.13747964985264D-03
  -.61039744111968D-03  0.13545214710702D-03  -.65083648235044D-03
  0.18319830266463D-02  -.20170172063261D-03  -.21625546012266D-03
$end
