$optinfo internal
 gdiistep   on
 trostep    off
 calchess   off
 iteration   6
 ndiis       3
 itrvec      0
 tradius    1.772319052809E-01
 actrad     1.070477363574E-01
 energyo   -1.917570948387E+02
 predengy  -2.514958006256E-04
 trnvec
  0.000000000000D+00  0.000000000000D+00  0.000000000000D+00
  0.000000000000D+00  0.000000000000D+00  0.000000000000D+00
  0.000000000000D+00  0.000000000000D+00  0.000000000000D+00
  0.000000000000D+00  0.000000000000D+00  0.000000000000D+00
  0.000000000000D+00  0.000000000000D+00  0.000000000000D+00
  0.000000000000D+00  0.000000000000D+00  0.000000000000D+00
 displ
 -0.281549590130D+00 -0.630760630898D-02 -0.448729130799D-02
 -0.213610377765D-01 -0.301954966052D-01 -0.122015334800D-01
  0.117658856527D-01 -0.611841899796D-02 -0.570312323294D-02
  0.181433570762D-01  0.223755380730D-02  0.564647944464D-02
 -0.551118996302D-02  0.238692540666D-01 -0.881332223716D-01
 -0.748701066852D-02 -0.289070583975D-02  0.121040833703D-01
 dxyz
  0.531043121881D-05  0.590818074136D-01 -0.118351584096D-03
  0.107034896839D-01 -0.312187561889D-02 -0.897942101091D-02
 -0.727958108262D-02  0.267199299530D-01  0.118273664060D-01
  0.163655555293D+00 -0.347251787104D-01 -0.231741079462D+00
  0.806351894201D-02  0.414331334588D-01 -0.197045690074D-02
 -0.217620269203D-01  0.118528606007D+00 -0.169841401178D-01
  0.588980986599D-01 -0.265132355285D+00 -0.132993416248D-02
 -0.212284365007D+00  0.572159327820D-01  0.249296016832D+00
 grado
  0.253938390655D-02 -0.833604058829D-03  0.776036133218D-03
  0.135828108808D-02  0.151076526640D-02 -0.557057098918D-03
  0.147435243403D-02  0.283540519223D-03  0.160763052335D-03
 -0.605133712781D-03  0.134741561589D-04 -0.776116959371D-04
  0.167861162326D-03 -0.128338571352D-02  0.344267757326D-03
 -0.610438108063D-04  0.137380641653D-02  0.417729156405D-04
$end
