$coord
    1.81126045378106      7.40275214435676      4.04609746838200  o
   -2.30765053008083      3.27644624064306     -0.99313823476705  n
    4.17713135925953      3.24441855062673      1.66291627401584  n
    1.21313817912601      0.87736364315397     -2.05859429466723  n
   -1.88735597011634      6.53218221273180      1.95967098850708  n
   -5.71053136555206      5.91606283704302     -0.13588581340908  n
    0.18909725601176      2.73885656417167     -0.57604552648745  c
    1.66508871148921      3.96496668852384      1.17912311796334  c
   -3.24844998254302      5.15412839777528      0.27965211367344  c
    0.65876166232312      6.05686595021252      2.53531302640555  c
    5.38070273627870      1.88528582114989     -0.41276385601289  c
    3.60151631634831     -0.21430263488734     -1.26360037693994  c
    7.85878101028997      0.82312153349059      0.58160175444990  c
   -2.63579065835029      8.08677784464634      2.79293560217618  h
    3.37080588227491     -1.56330826701854      0.28933665836712  h
   -6.67604413460674      6.45965334019730      1.42192012277265  h
   -6.66440096972836      4.63636944844828     -1.18963874476765  h
    8.76877407690674     -0.34217143789368     -0.85939066646645  h
    9.13223953697059      2.40450197524521      1.02141736799327  h
    7.47433547843875     -0.71923597797117      2.72843362617564  o
    6.24873338854488      0.20152545789584      3.75184161667804  h
    5.17792889176145      4.78206002174183      2.25507372323579  h
   -0.07836463928131     -0.27373177136767     -2.87296378097523  h
    4.44651258356302     -1.19775097535547     -2.87023861165986  h
    5.76361036400003      3.11659640439230     -2.04424716756375  h
$user-defined bonds
$redundant
     number_of_atoms            25
     degrees_of_freedom         69
     internal_coordinates       69
     frozen_coordinates          0
# definitions of redundant internals
   1 k  1.0000000000000 stre  10    1           val=   2.32855
   2 k  0.7071150808078 bend   8    1   10      val=   2.73824
       -0.7070984814679 bend   5    1   10
   3 k  1.0000000000000 outp   1    5    8   10 val=  -0.87490
   4 k  1.0000000000000 stre   5   14           val=   1.91605
   5 k  0.7073473651735 bend   9   14    5      val=   2.89281
       -0.7068661153161 bend  10   14    5
   6 k  1.0000000000000 outp  14   10    9    5 val=   4.11377
   7 k  1.0000000000000 stre  12   24           val=   2.06458
   8 k  1.0000000000000 stre  12   15           val=   2.06994
   9 k  0.0689399674111 bend  15   24   12      val=   1.03321
       -0.4804419378409 bend   4   24   12
       -0.5328548864670 bend   4   15   12
        0.4969188979909 bend  11   24   12
        0.4832805645221 bend  11   15   12
  10 k  0.0216425883183 bend  15   24   12      val=   0.82506
        0.5542847306755 bend   4   24   12
       -0.5132976364809 bend   4   15   12
        0.4474752103106 bend  11   24   12
       -0.4781124431046 bend  11   15   12
  11 k -0.8920046077284 bend  15   24   12      val=   0.43944
        0.2082627859261 bend   4   24   12
        0.1696628376850 bend   4   15   12
        0.2558036778018 bend  11   24   12
        0.2583280699449 bend  11   15   12
  12 k -0.0127904207557 bend  15   24   12      val=   1.76964
       -0.4643024586507 bend   4   24   12
        0.4608707509412 bend   4   15   12
        0.5508954364315 bend  11   24   12
       -0.5180463310107 bend  11   15   12
  13 k  0.5000000000000 tors  17    6    9    2 val=  75.63003
        0.5000000000000 tors  17    6    9    5
        0.5000000000000 tors  16    6    9    2
        0.5000000000000 tors  16    6    9    5
  14 k  1.0000000000000 stre   6   17           val=   1.91256
  15 k  1.0000000000000 stre   6   16           val=   1.91167
  16 k  0.8371808570294 bend  16   17    6      val=   4.23653
       -0.3970626481273 bend   9   17    6
       -0.3761242694716 bend   9   16    6
  17 k  0.0188492597486 bend  16   17    6      val=   9.80832
       -0.6663505509205 bend   9   17    6
        0.7454003278071 bend   9   16    6
  18 k  0.5466012422510 bend  16   17    6      val= 113.08022
        0.6311245493166 bend   9   17    6
        0.5503715883106 bend   9   16    6
  19 k  1.0000000000000 stre  13   18           val=   2.06457
  20 k  1.0000000000000 stre  13   19           val=   2.07747
  21 k -0.0174739635886 bend  19   18   13      val=   0.11804
        0.4822850845138 bend  20   18   13
        0.5277873004755 bend  20   19   13
       -0.5089204912850 bend  11   18   13
       -0.4790994227287 bend  11   19   13
  22 k -0.0049138278050 bend  19   18   13      val=   0.59010
        0.5538566724181 bend  20   18   13
       -0.5029550020645 bend  20   19   13
        0.4566284545247 bend  11   18   13
       -0.4813993779918 bend  11   19   13
  23 k  0.8997109725110 bend  19   18   13      val=   1.11395
       -0.2143472301963 bend  20   18   13
       -0.2000336694167 bend  20   19   13
       -0.2099408204774 bend  11   18   13
       -0.2459406713974 bend  11   19   13
  24 k -0.0193280771768 bend  19   18   13      val=   2.27909
       -0.4628890406113 bend  20   18   13
        0.4756576119946 bend  20   19   13
        0.5411077177661 bend  11   18   13
       -0.5160546826066 bend  11   19   13
  25 k  1.0000000000000 tors  21   20   13   11 val= -42.89902
  26 k  1.0000000000000 stre  20   21           val=   1.84317
  27 k  1.0000000000000 bend  13   21   20      val= 104.68470
  28 k  1.0000000000000 stre   3   22           val=   1.92785
  29 k -0.7057890123986 bend   8   22    3      val=   2.28100
        0.7084220987359 bend  11   22    3
  30 k  0.7084220987359 bend   8   22    3      val= 111.35937
        0.7057890123986 bend  11   22    3
  31 k  1.0000000000000 stre   4   23           val=   1.91212
  32 k  0.7080903592399 bend   7   23    4      val=  -1.83468
       -0.7061218330795 bend  12   23    4
  33 k  0.7061218330795 bend   7   23    4      val= 116.15977
        0.7080903592399 bend  12   23    4
  34 k  1.0000000000000 stre  11   25           val=   2.07954
  35 k  0.8104118118418 bend   3   25   11      val=   3.22182
       -0.2701849037006 bend  13   25   11
       -0.5198392184509 bend  12   25   11
  36 k  0.1447483911531 bend   3   25   11      val=  -0.03739
       -0.7674596208158 bend  13   25   11
        0.6245427396710 bend  12   25   11
  37 k  1.0000000000000 stre   9    6           val=   2.61057
  38 k  0.7072074049948 bend   2    6    9      val=   1.77162
       -0.7070061430572 bend   5    6    9
  39 k  1.0000000000000 outp   6    5    2    9 val=   2.81901
  40 k  0.7071067811865 tors  20   13   11    3 val=  -2.84811
        0.7071067811865 tors  20   13   11   12
  41 k  1.0000000000000 stre  13   20           val=   2.67125
  42 k  1.0000000000000 bend  11   20   13      val= 111.55574
  43 k  1.0000000000000 stre  11   13           val=   2.87364
  44 k  0.7196633397855 bend   3   13   11      val=  -0.08499
       -0.6943231793400 bend  12   13   11
  45 k  0.6943231793400 bend   3   13   11      val= 109.42509
        0.7196633397855 bend  12   13   11
  46 k  1.0000000000000 stre   7    2           val=   2.58780
  47 k  1.0000000000000 stre   2    9           val=   2.45577
  48 k  1.0000000000000 stre   9    5           val=   2.56400
  49 k  1.0000000000000 stre   5   10           val=   2.65330
  50 k  1.0000000000000 stre  10    8           val=   2.68849
  51 k -0.2886751345948 bend   8    2    7      val=   1.08420
       -0.2886751345948 bend   7    9    2
        0.5773502691896 bend   2    5    9
       -0.2886751345948 bend   9   10    5
       -0.2886751345948 bend   5    8   10
        0.5773502691896 bend  10    7    8
  52 k  0.5000000000000 bend   8    2    7      val=   4.58984
       -0.5000000000000 bend   7    9    2
        0.5000000000000 bend   9   10    5
       -0.5000000000000 bend   5    8   10
  53 k -0.4082482904639 bend   8    2    7      val=  -0.03547
        0.4082482904639 bend   7    9    2
       -0.4082482904639 bend   2    5    9
        0.4082482904639 bend   9   10    5
       -0.4082482904639 bend   5    8   10
        0.4082482904639 bend  10    7    8
  54 k -0.2886751345948 tors   7    2    9    5 val=   1.31066
       -0.2886751345948 tors   2    9    5   10
        0.5773502691896 tors   9    5   10    8
       -0.2886751345948 tors   5   10    8    7
       -0.2886751345948 tors  10    8    7    2
        0.5773502691896 tors   8    7    2    9
  55 k  0.5000000000000 tors   7    2    9    5 val=   2.26338
       -0.5000000000000 tors   2    9    5   10
        0.5000000000000 tors   5   10    8    7
       -0.5000000000000 tors  10    8    7    2
  56 k -0.4082482904639 tors   7    2    9    5 val=   1.97742
        0.4082482904639 tors   2    9    5   10
       -0.4082482904639 tors   9    5   10    8
        0.4082482904639 tors   5   10    8    7
       -0.4082482904639 tors  10    8    7    2
        0.4082482904639 tors   8    7    2    9
  57 k  1.0000000000000 stre   7    4           val=   2.59071
  58 k  1.0000000000000 stre   4   12           val=   2.74374
  59 k  1.0000000000000 stre  12   11           val=   2.88057
  60 k  1.0000000000000 stre  11    3           val=   2.75758
  61 k  1.0000000000000 stre   3    8           val=   2.65774
  62 k -0.2886751345948 bend   8    4    7      val=   0.38930
       -0.2886751345948 bend   7   12    4
        0.5773502691896 bend   4   11   12
       -0.2886751345948 bend  12    3   11
       -0.2886751345948 bend  11    8    3
        0.5773502691896 bend   3    7    8
  63 k  0.5000000000000 bend   8    4    7      val=  -0.89561
       -0.5000000000000 bend   7   12    4
        0.5000000000000 bend  12    3   11
       -0.5000000000000 bend  11    8    3
  64 k -0.4082482904639 bend   8    4    7      val=   0.71364
        0.4082482904639 bend   7   12    4
       -0.4082482904639 bend   4   11   12
        0.4082482904639 bend  12    3   11
       -0.4082482904639 bend  11    8    3
        0.4082482904639 bend   3    7    8
  65 k -0.2886751345948 tors   7    4   12   11 val= -12.27156
       -0.2886751345948 tors   4   12   11    3
        0.5773502691896 tors  12   11    3    8
       -0.2886751345948 tors  11    3    8    7
       -0.2886751345948 tors   3    8    7    4
        0.5773502691896 tors   8    7    4   12
  66 k  0.5000000000000 tors   7    4   12   11 val= -18.58952
       -0.5000000000000 tors   4   12   11    3
        0.5000000000000 tors  11    3    8    7
       -0.5000000000000 tors   3    8    7    4
  67 k -0.4082482904639 tors   7    4   12   11 val=  32.80924
        0.4082482904639 tors   4   12   11    3
       -0.4082482904639 tors  12   11    3    8
        0.4082482904639 tors  11    3    8    7
       -0.4082482904639 tors   3    8    7    4
        0.4082482904639 tors   8    7    4   12
  68 k  0.7071067811865 tors  10    8    7    3 val= 179.05388
        0.7071067811865 tors   2    8    7    4
  69 k  1.0000000000000 stre   7    8           val=   2.60048
        69 non zero eigenvalues  of BmBt
           1          10.831390534    1    0
         1
           2           6.995669970    2    0
         2
           3           5.598317816    3    0
         3
           4           4.673927717    4    0
         4
           5           4.557313647    5    0
         5
           6           4.366016442    6    0
         6
           7           4.237393400    7    0
         7
           8           4.031733777    8    0
         8
           9           3.816408321    9    0
         9
          10           3.600096812   10    0
        10
          11           3.558358613   11    0
        11
          12           3.521026902   12    0
        12
          13           3.341788635   13    0
        13
          14           3.231659623   14    0
        14
          15           3.202242722   15    0
        15
          16           3.023523030   16    0
        16
          17           2.999792043   17    0
        17
          18           2.712567278   18    0
        18
          19           2.623688597   19    0
        19
          20           2.410814949   20    0
        20
          21           2.273146648   21    0
        21
          22           2.177497553   22    0
        22
          23           2.048590089   23    0
        23
          24           1.789903885   24    0
        24
          25           1.744486443   25    0
        25
          26           1.676585903   26    0
        26
          27           1.544443045   27    0
        27
          28           1.498690950   28    0
        28
          29           1.462141598   29    0
        29
          30           1.230691032   30    0
        30
          31           1.119609521   31    0
        31
          32           1.044748715   32    0
        32
          33           0.992435019   33    0
        33
          34           0.943905845   34    0
        34
          35           0.898868636   35    0
        35
          36           0.770014352   36    0
        36
          37           0.755425395   37    0
        37
          38           0.736338407   38    0
        38
          39           0.717426928   39    0
        39
          40           0.558148368   40    0
        40
          41           0.527697614   41    0
        41
          42           0.478454390   42    0
        42
          43           0.473663673   43    0
        43
          44           0.456956614   44    0
        44
          45           0.411215614   45    0
        45
          46           0.382219287   46    0
        46
          47           0.344639304   47    0
        47
          48           0.326755842   48    0
        48
          49           0.323510313   49    0
        49
          50           0.312274907   50    0
        50
          51           0.305021118   51    0
        51
          52           0.289792118   52    0
        52
          53           0.267935654   53    0
        53
          54           0.265001607   54    0
        54
          55           0.219798027   55    0
        55
          56           0.169984567   56    0
        56
          57           0.157673018   57    0
        57
          58           0.131489366   58    0
        58
          59           0.104331557   59    0
        59
          60           0.096292259   60    0
        60
          61           0.076514058   61    0
        61
          62           0.071118700   62    0
        62
          63           0.066045870   63    0
        63
          64           0.056895358   64    0
        64
          65           0.046506144   65    0
        65
          66           0.035699289   66    0
        66
          67           0.028644586   67    0
        67
          68           0.017492733   68    0
        68
          69           0.007094538   69    0
        69
$end
