$energy      SCF               SCFKIN            SCFPOT            MP2
     1 -693.7289966361      692.688480     -1386.41748     -2.567936212207
     2 -693.7307607368      692.856745     -1386.58751     -2.566584308079
     3 -693.7312975245      693.012164     -1386.74346     -2.565331560558
     4 -693.7311456815      692.908847     -1386.63999     -2.566269387813
     5 -693.7311527356      692.894164     -1386.62532     -2.566299975352
     6 -693.7311354233      692.892942     -1386.62408     -2.566323039467
     7 -693.7310706863      692.891572     -1386.62264     -2.566395869116
     8 -693.7310841958      692.890360     -1386.62144     -2.566384588362
     9 -693.7311481357      692.889789     -1386.62094     -2.566324178483
    10 -693.7311645663      692.890068     -1386.62123     -2.566308564570
    11 -693.7311999530      692.890997     -1386.62220     -2.566274112915
    12 -693.7312279660      692.891162     -1386.62239     -2.566246008789
    13 -693.7312217086      692.891427     -1386.62265     -2.566251807654
    14 -693.7312185432      692.891131     -1386.62235     -2.566254845718
    15 -693.7312185918      692.891106     -1386.62232     -2.566255194320
$end
