$grad          cartesian gradients
  cycle =      1 MP2 energy =     -696.2969328483 |dE/dxyz| =  0.016572
    1.81529683565508      7.42139953884994      4.05786302476625      o
   -2.31627517623162      3.28033699009684     -1.00332167664631      n
    4.19723123852838      3.26074436682262      1.66615038120788      n
    1.22378219590757      0.90383596992362     -2.10921444849239      n
   -1.89703688997353      6.54045692528034      1.97723769209913      n
   -5.73426570905864      5.91947718732581     -0.11644404539415      n
    0.19573032141113      2.75583625448329     -0.59356551707704      c
    1.67279404559348      3.97990649877188      1.17204125619799      c
   -3.26035494065860      5.15224045467671      0.28826203246319      c
    0.66149712923126      6.07611194694942      2.55482804286582      c
    5.39494640581451      1.88938842209246     -0.42160733475294      c
    3.59605173565392     -0.20935529333940     -1.26451961336893      c
    7.86896022161762      0.80285098768179      0.59010632966812      c
   -2.64406580268539      8.11379964647374      2.78384301382615      h
    3.34014100355210     -1.53571964953308      0.31607137457542      h
   -6.71937914292556      6.35192688087651      1.46870492266965      h
   -6.65964532115745      4.66640381943520     -1.23147795714185      h
    8.79244675137581     -0.36726975438620     -0.85046331979969      h
    9.15796020883660      2.38157433816955      1.04867222871409      h
    7.44129986140990     -0.74867123485109      2.71818848005644      o
    6.25122584963237      0.18636207256592      3.75616059855964      h
    5.20008599716256      4.82026327424508      2.20242822302224      h
   -0.08272309443806     -0.27973891104299     -2.86196733697099      h
    4.45256326355513     -1.23141982685558     -2.85353304510790      h
    5.78156264930050      3.11869310724000     -2.06561691886057      h
  0.21416430225685D-04  -.21078268362729D-03  -.43434838607936D-03
  -.23014342595147D-02  -.35256898782148D-02  -.40579862850603D-02
  0.20340245554813D-02  -.91055804034168D-03  0.45860048025004D-02
  -.29642841755884D-03  -.56759638163673D-03  -.36430118208468D-02
  -.86184012580937D-03  0.23405066697597D-02  0.18217239602736D-02
  -.23831404919594D-02  0.17111265047483D-02  -.77658692157190D-03
  0.39081744744163D-03  -.28943015951466D-03  0.14573523722916D-03
  0.27068110656980D-03  -.77919741671373D-03  -.14612837400243D-02
  -.12456664230580D-02  -.99772249494823D-03  -.22296823235624D-03
  0.24379748689727D-02  0.47898485892836D-02  0.57370915094881D-02
  0.23702437975892D-04  0.72456845733093D-03  0.13707289529807D-03
  -.15783272542280D-02  0.45236690793393D-03  0.43883390693455D-03
  -.27175294624548D-03  -.23497812261460D-02  0.26995138188108D-02
  -.54822678422717D-04  0.14159619340139D-02  0.48109682575337D-03
  0.30441400717796D-03  -.20211323335797D-02  0.25942081086390D-02
  -.91368396436931D-03  0.12482953806803D-03  0.10671229641082D-02
  -.34843484144886D-03  -.53042696833661D-03  -.78850515357543D-03
  0.16701135713295D-02  -.16921403532084D-02  -.17908874859751D-02
  0.24785498889761D-02  0.27686662164901D-02  0.44667624342853D-03
  -.34459089760084D-02  0.22029534732937D-02  0.12977494343751D-02
  0.24683721780248D-02  -.21324540977976D-02  -.17615109680804D-02
  0.56901379599594D-03  0.63245104113996D-03  -.48419820885481D-03
  -.84234638907521D-03  -.11298380579081D-02  -.50666687867373D-03
  0.14583897733531D-02  -.17407603310717D-02  -.25641519426918D-02
  0.41631638219597D-03  0.17142310850637D-02  -.29607238271208D-02
  cycle =      2 MP2 energy =     -696.2973450449 |dE/dxyz| =  0.006925
    1.81049220840758      7.38967846309414      4.06127365163020      o
   -2.31244280773578      3.27488327771121     -0.99287841063065      n
    4.17908908630129      3.23553562611585      1.67461102069685      n
    1.21573293107292      0.89359386868324     -2.09052046955838      n
   -1.88956138956357      6.52616769324768      1.97222741035893      n
   -5.70562459332302      5.93930141396873     -0.14169051724745      n
    0.18730410550205      2.73400678078514     -0.57221243787173      c
    1.66078928458932      3.95135768159663      1.19001820628587      c
   -3.24696227034451      5.15565856649797      0.27954254348487      c
    0.65660643055271      6.04826272192606      2.55424790671564      c
    5.37869309226185      1.88301334970431     -0.41367947394034      c
    3.59534288876175     -0.20989533561661     -1.27443293753846      c
    7.85839156553099      0.81401806690285      0.57810932180836      c
   -2.64090333670035      8.08343442933792      2.79930006962948      h
    3.35201105144743     -1.55499435433796      0.28196891327794      h
   -6.68841470080102      6.40072223681270      1.43344815008227      h
   -6.63953346475439      4.68148777409357     -1.24090184050125      h
    8.74993237762299     -0.38220105703885     -0.85107849284507      h
    9.15118928803462      2.39323429144326      0.97933930780398      h
    7.47537898769033     -0.69225917828518      2.74741923281280      o
    6.28710019438313      0.26126342140340      3.78149769213982      h
    5.17893813244374      4.78579846721118      2.23781312161235      h
   -0.08678756232244     -0.28612498630715     -2.84889723016389      h
    4.44762420191567     -1.20037302949126     -2.87507436997474      h
    5.75544393613576      3.12386382249356     -2.04062398098814      h
  -.92744764225650D-03  -.10328067152159D-02  -.13038409216755D-02
  -.14720037789324D-02  -.67371639796754D-03  -.70815373189248D-03
  0.70271457242388D-03  -.70121646643040D-03  0.17676861945546D-02
  0.20963258243034D-03  0.20150880389291D-03  -.20508755955397D-02
  -.68062549477332D-03  0.48428569704573D-03  0.20018581342285D-03
  -.32622565070106D-03  0.99233838431267D-03  -.64034695013149D-05
  0.49136411150830D-03  -.28921569664409D-03  0.17609350832060D-02
  -.80264351146209D-03  -.71565837771992D-03  -.11649035599959D-02
  0.46762370947917D-03  -.43504090191337D-03  -.84888553570606D-03
  0.16548689947795D-02  0.25607554056017D-02  0.26201989728214D-02
  0.29029834366323D-03  0.31907010774113D-03  -.12581358563613D-03
  -.68636630719343D-03  0.21384697084370D-03  -.17987330387381D-03
  -.13971194741380D-03  -.84334763639687D-03  0.96955608998206D-03
  -.13674869552327D-03  0.10006182073941D-03  0.23987950533622D-03
  0.20815777609129D-03  -.19795495930186D-03  0.31417324817795D-03
  -.62527342801211D-04  -.26480081539448D-03  0.23253813759450D-03
  0.16883105331988D-03  -.15988277008905D-03  -.17580876577750D-03
  0.36202705461541D-03  -.35045907351972D-03  -.18390891011943D-03
  0.54671887885505D-03  0.58983278467739D-03  -.24158156784448D-03
  -.99882789537453D-03  0.88181598930959D-03  -.61452138633733D-04
  0.85281977793583D-03  -.32240902071212D-03  -.24187752134530D-04
  0.35616786536874D-03  0.86440993658954D-04  -.37167282441031D-03
  -.12540808142791D-03  -.35518630012099D-03  0.28117131464800D-03
  0.26490842439175D-03  -.34710821078932D-03  -.46413778712839D-03
  -.21759706554780D-03  0.25884636782258D-03  -.47482502985474D-03
  cycle =      3 MP2 energy =     -696.2966290851 |dE/dxyz| =  0.010319
    1.83728652583463      7.49873015187138      3.94248052799386      o
   -2.28708471506918      3.29648989049937     -1.00129600363006      n
    4.19892416159481      3.32408880305734      1.61503350236687      n
    1.24156983110449      0.91777210313263     -2.08278360392012      n
   -1.87473033494386      6.55909587819985      1.92709178071274      n
   -5.72914192336171      5.84807460510963     -0.05465780935688      n
    0.22099009677595      2.79951162336362     -0.62320212573683      c
    1.69494051027408      4.04168968824202      1.11124798415536      c
   -3.23807891807771      5.15203870894567      0.28447079555987      c
    0.68050265865574      6.12592706671635      2.46252510005808      c
    5.39951753102876      1.89051589040761     -0.40710222807950      c
    3.60434525025830     -0.19022086920649     -1.24404826953380      c
    7.84506344760072      0.81619489611975      0.63704271105455      c
   -2.63533296436604      8.10933995214425      2.75281925564174      h
    3.33785550624561     -1.50808259804568      0.32266480454447      h
   -6.66262385481673      6.31674773654413      1.54518949704583      h
   -6.66656234314225      4.54177144033511     -1.08941001660373      h
    8.84410480732216     -0.23559747599230     -0.82462121284697      h
    9.05734746301530      2.38749191157358      1.22871558779681      h
    7.40152117315968     -0.86231744740102      2.66522276502198      o
    6.04008993952638     -0.07649355481748      3.63580001295872      h
    5.20877616766910      4.87464377773913      2.15440465496783      h
   -0.06135700322913     -0.24886643804109     -2.85392435230575      h
    4.45011390907720     -1.20634576606661     -2.82163191007638      h
    5.82179271497274      3.07723403752166     -2.05320506070943      h
  -.95392063329136D-03  -.95280354018357D-03  -.15132902229489D-02
  0.12683883581666D-03  0.23757337559527D-02  0.26713014234101D-02
  -.19447157184160D-03  0.86836610043983D-03  -.85858171236719D-03
  0.53881928632826D-03  -.22387656123612D-03  0.14100287226526D-02
  -.77487881900318D-04  -.18108587905443D-02  -.93735883606882D-03
  0.12597877019651D-02  -.18527088291798D-03  0.10969382421075D-02
  0.11520918858388D-02  0.24307380944393D-02  -.40700819970318D-04
  -.12033896351058D-02  0.60519321599450D-03  -.11182780057881D-02
  0.17350622137844D-02  -.22016320334561D-03  -.36813639675404D-03
  -.53791317587404D-03  -.15668267039571D-02  -.64334230504803D-03
  -.11028954318437D-02  -.20262273952385D-02  0.28074071565837D-03
  0.88679057308938D-03  -.54525922213067D-03  -.14458268850159D-03
  0.77203020599903D-03  0.88596265275528D-03  0.60856479983151D-03
  0.16014964653177D-03  -.68172107062647D-03  -.70391221288801D-03
  0.75301081294943D-03  0.13958623546930D-02  -.76912798113860D-03
  0.42723902329023D-03  -.52701055229765D-03  -.53548481204313D-03
  0.47627611737155D-03  0.86509155674541D-04  0.45624239375686D-03
  -.83424089835749D-03  0.13270046578997D-02  0.13157127987067D-02
  -.12122767328568D-02  -.16379051358983D-02  -.53570982935591D-03
  0.31838196724365D-02  -.53609716491643D-03  -.22045143926084D-02
  -.33688428369887D-02  -.26046966050730D-03  -.24776491024969D-03
  -.38350548932886D-03  0.78018106461375D-03  -.87843412683775D-03
  0.35618983855468D-03  0.33714129975859D-03  0.38960459168180D-03
  -.11765185191490D-02  0.13984639887772D-02  0.13281880488458D-02
  -.78264338833112D-03  -.13166664639352D-02  0.19418974646381D-02
  cycle =      4 MP2 energy =     -696.2974150693 |dE/dxyz| =  0.003515
    1.80679124005992      7.38750169561435      4.06025730099282      o
   -2.29747575237447      3.29702308264179     -1.01437027941257      n
    4.17788563138143      3.24640724046144      1.65880295058085      n
    1.22904836294624      0.90607187813114     -2.09485085793088      n
   -1.88441326010847      6.53374345971823      1.95692754500445      n
   -5.71550634591105      5.90976224285766     -0.11712670628620      n
    0.20315609327426      2.76739839063394     -0.60702998176348      c
    1.67069135644915      3.97562775147252      1.16362016532618      c
   -3.24392182794828      5.15832048204706      0.27491637045149      c
    0.65879023180428      6.05621092487519      2.53540691371128      c
    5.38053139548193      1.88153463632488     -0.41511158752355      c
    3.59145475615488     -0.21120934778757     -1.25513144488628      c
    7.85472036702297      0.81561000795968      0.58261912077261      c
   -2.63163188570574      8.09651432814736      2.77513363076241      h
    3.32453185474542     -1.53247723821944      0.31464148087457      h
   -6.68063681979486      6.38093678254414      1.46505781688800      h
   -6.65405527881706      4.63629131487560     -1.19307223339188      h
    8.76213783659792     -0.35523641852815     -0.85422389590222      h
    9.13129315626213      2.39508423161745      1.01471387492760      h
    7.46952780178320     -0.71885459101511      2.73367713003821      o
    6.25919337195559      0.21362264161076      3.76563290978614      h
    5.18468826437886      4.78234036662501      2.24556010766895      h
   -0.07164308504171     -0.25450358016171     -2.88277742338071      h
    4.44265258125757     -1.22716081494042     -2.83641397947704      h
    5.76201959125495      3.10887454444657     -2.04803254075149      h
  -.42364538096429D-03  -.54661910879616D-03  -.40984434263436D-03
  -.21269259648449D-03  0.56193568759610D-03  0.51948997319151D-03
  -.42909531908641D-03  -.69220866868180D-03  0.48687274027781D-03
  0.62795456222098D-03  0.25838899461572D-03  0.18915860438895D-04
  -.30642332693898D-04  -.38845319249425D-03  -.66439992330025D-04
  -.12099719960723D-03  0.46568985824802D-03  0.21015192373630D-03
  0.87200705497281D-03  0.14519827965422D-02  -.64932215952496D-04
  -.63660367977469D-03  -.37789649868358D-03  -.69825173348015D-03
  0.43502892044778D-03  -.58585598155503D-03  0.18767097209182D-03
  0.15726975473918D-04  0.26920710728884D-03  0.27211161711183D-03
  0.13792575020677D-03  0.64095687491239D-03  -.12082197323038D-02
  -.11929284234036D-03  -.70784794066192D-03  0.61083671217776D-03
  -.38147536869815D-04  -.32430519643090D-03  0.19634048617734D-03
  0.11357186093353D-03  0.84457429102791D-04  -.49014229444211D-03
  0.57205972460173D-04  0.19079294570901D-03  -.19552284705204D-03
  -.14501750179363D-04  -.23270222282168D-03  -.11870952991266D-04
  0.10618504159421D-03  -.12275029788800D-03  0.85814860740996D-04
  -.52896495137844D-04  0.20933383772137D-03  0.22091974329053D-03
  -.32842016564061D-03  -.29085561910414D-03  -.21198320909721D-03
  0.30206818033385D-03  0.60844887528333D-05  -.46172751151641D-03
  -.14937228551970D-03  0.25157717653590D-03  0.35407343992855D-03
  0.13175996767689D-03  -.76234403784348D-04  -.15603168053158D-03
  0.54515600758975D-04  -.17895300466542D-03  0.11382156880124D-03
  -.42675740696385D-04  0.22619023601500D-03  0.35872136943382D-03
  -.25496681306469D-03  -.91915249172736D-04  0.33922510868933D-03
  cycle =      5 MP2 energy =     -696.2974527110 |dE/dxyz| =  0.002308
    1.81237156830775      7.40235126140313      4.04569626620712      o
   -2.30906676569193      3.27520827981221     -0.98810846582474      n
    4.17972581910926      3.25100783246494      1.65943057635909      n
    1.21842677063820      0.89097063786588     -2.07755851851733      n
   -1.88596345007134      6.53439558440483      1.95920627038112      n
   -5.71154805857516      5.92174177582628     -0.12990150178272      n
    0.19102499851421      2.74306650387401     -0.57881508283972      c
    1.66576414428231      3.96687786354199      1.17635863939799      c
   -3.24831535548121      5.15327369946137      0.28298402708173      c
    0.65892559062241      6.05929839441193      2.53516972925165      c
    5.38248307344216      1.88419165027140     -0.41371162972647      c
    3.59930761757540     -0.20928039984348     -1.26676433043920      c
    7.85691478154183      0.81890596500061      0.58553622644548      c
   -2.63452702799856      8.09548916391421      2.77988943638584      h
    3.35593017853120     -1.55231079933208      0.28896011870090      h
   -6.68216593507701      6.41474001535146      1.44241991620853      h
   -6.65457961821021      4.64779881715233     -1.20152066843484      h
    8.77162740283272     -0.34237893588072     -0.85514587020305      h
    9.12896938460366      2.39939654441319      1.03050019621663      h
    7.46792980032856     -0.72835134187723      2.72682883267071      o
    6.24958846015830      0.19368767410126      3.75790631484739      h
    5.18169808246870      4.79319679889340      2.23826670158317      h
   -0.08018164209377     -0.27718352705675     -2.85795220960542      h
    4.44721458502982     -1.20051092869949     -2.86621123159017      h
    5.76827523232176      3.11385148247770     -2.04463735569443      h
  -.36572054585093D-03  -.48205536906210D-03  -.33163977375494D-03
  -.30917904446603D-03  0.23452757840303D-03  0.33757248880839D-03
  0.44128495373386D-04  0.28131348935645D-04  0.35511326945059D-03
  0.42202017279136D-03  0.88109113200119D-04  -.66606233979627D-03
  0.69108565967646D-05  -.88535210380769D-04  -.26437187841566D-04
  -.11229341958519D-03  0.67015177992147D-03  -.65124159419838D-04
  0.23683032974819D-03  0.32302695748587D-03  0.80512432312174D-03
  -.64414824599712D-03  -.29839761344963D-03  -.48286192505032D-03
  0.28051925549377D-03  -.49078845616890D-03  -.11587734269236D-04
  0.25204646548360D-03  0.64920787846245D-03  0.24446371697606D-03
  0.24860735840537D-03  -.27837791673235D-03  -.22916270493889D-03
  0.46196947018240D-04  -.34975962736272D-04  -.14812164989397D-03
  0.41001384791794D-04  -.14999146494776D-03  0.26688522331542D-03
  -.63632393985991D-04  -.27198720461641D-04  -.17008592191337D-03
  0.89411945302542D-04  0.12121688550071D-03  -.83404105605922D-04
  0.19797428794988D-04  -.21076504952933D-03  0.51113635905153D-04
  0.85079338578709D-04  -.92192066271313D-04  0.22684065346112D-05
  0.14956479781336D-04  0.13171228948838D-03  0.10762455776581D-03
  -.10288577110451D-03  -.11825202124882D-03  -.12727725930239D-03
  0.13340120184324D-03  0.92044458082086D-04  -.32933603839158D-03
  -.96547938394753D-04  -.80390816075138D-05  0.17251475356250D-03
  0.15287425357613D-03  0.90474731176293D-04  -.18200131649104D-03
  -.66034749971244D-04  -.14173023616504D-03  0.16665302290075D-03
  -.99162792615903D-04  0.11052810807755D-03  0.14942725192935D-03
  -.21417734851470D-03  -.11783196129889D-03  0.19434123021345D-03
  cycle =      6 MP2 energy =     -696.2974584628 |dE/dxyz| =  0.001718
    1.81674828430129      7.41063421083843      4.03599086990894      o
   -2.30529048099738      3.28259342006826     -0.99708557626500      n
    4.18064509596342      3.25268349297170      1.65602708579961      n
    1.21992302076796      0.89342055942695     -2.08045812387354      n
   -1.88638675980256      6.53228012309671      1.96174884609933      n
   -5.71358373092123      5.91639616500998     -0.12450142452106      n
    0.19402896931930      2.74932973512594     -0.58636474787179      c
    1.66872993556979      3.97225632942089      1.17005572955252      c
   -3.24731877400987      5.15457376498342      0.28126696084894      c
    0.66117216692940      6.06278429369263      2.53076517933624      c
    5.38406493034288      1.88347941701278     -0.41479266464980      c
    3.59898888011169     -0.20893258592899     -1.26746263798406      c
    7.85541493481883      0.81540597173609      0.58863766041508      c
   -2.63991242623820      8.08414021730913      2.79541860890125      h
    3.35275457848493     -1.55068175447221      0.28906503190004      h
   -6.68208368413682      6.40603453948121      1.45016220351867      h
   -6.65616346179033      4.64265067153813     -1.19667717536539      h
    8.76732173814209     -0.35332235025999     -0.84795262529969      h
    9.13154557177833      2.39400914419401      1.02932646124327      h
    7.46100943251916     -0.72381269188839      2.73499230986929      o
    6.24177773131258      0.20358869565858      3.76004535192726      h
    5.18412859935535      4.79232562448622      2.23864802284539      h
   -0.07867420959542     -0.27124082407723     -2.86581812769606      h
    4.44682118087746     -1.20242170873419     -2.86578503156710      h
    5.77416811400642      3.11125955126233     -2.04642579999309      h
  -.16071575731402D-03  -.16186824485587D-03  -.41474308065048D-03
  -.19289764932040D-03  0.15916571581620D-03  0.25138382662959D-03
  -.22653421893892D-04  -.56294763556508D-04  0.37529640335698D-03
  0.27347842071412D-03  0.40703107116791D-04  -.48426906071697D-03
  0.69717771769451D-04  -.19431343948995D-04  0.49173437410843D-06
  -.10659657416667D-03  0.53782430771410D-03  -.90720633929564D-05
  0.18762393884320D-03  0.37589902924573D-03  0.51639715602203D-03
  -.37136869576049D-03  -.13468402747829D-03  -.47353593088229D-03
  0.28895931187378D-03  -.30789917995300D-03  -.20000378391494D-03
  0.35131565955027D-04  0.25722528463223D-03  0.40941617802615D-03
  0.24207518384234D-03  -.23342392884640D-03  -.20844444812784D-03
  0.64380187433155D-04  -.66018930070300D-04  -.50081343151653D-04
  -.36623262908542D-04  -.79942285257706D-04  0.18510753660728D-03
  -.13175594104586D-03  -.10211027777451D-03  -.23682314740370D-04
  0.55058958764898D-04  0.81094538311177D-04  -.72702254879431D-04
  -.85550575148474D-05  -.20418199958261D-03  0.80849590499810D-04
  0.53499959600245D-04  -.81317734838215D-04  -.14733710303361D-04
  -.61591051814247D-06  0.84563667779314D-04  0.80843113132278D-04
  -.72216731152430D-04  -.72345619448466D-04  -.10487032235562D-03
  0.44418205117580D-04  0.10788893899694D-03  -.23101707058348D-03
  -.36134776510544D-04  -.15360492979344D-04  0.12842839335647D-03
  0.10880355540621D-03  0.23882951177612D-04  -.10998566332798D-03
  -.63933006672734D-04  -.14462263410131D-03  0.13405724212046D-03
  -.76651997505284D-04  0.74651532922410D-04  0.10332165732940D-03
  -.14242862885050D-03  -.63397598185855D-04  0.13154798688486D-03
  cycle =      7 MP2 energy =     -696.2974665554 |dE/dxyz| =  0.001110
    1.81323227898057      7.39757202825313      4.05031276127398      o
   -2.30349612059538      3.28430441494876     -1.00099497793756      n
    4.17896833563309      3.24828879002907      1.65775020471348      n
    1.21743251891696      0.88544150657556     -2.07049312765810      n
   -1.88466113908307      6.53317823054304      1.95942422448107      n
   -5.71122644220257      5.91789716310315     -0.13104110185886      n
    0.19196292303186      2.74354869323715     -0.58187842900773      c
    1.66651204991238      3.96506353778033      1.17720888963876      c
   -3.24525037158594      5.15808804380256      0.27591329765827      c
    0.65957847805455      6.05547876062200      2.53673191206246      c
    5.38205269020099      1.88530563810400     -0.41617246305358      c
    3.59939102993375     -0.21294571159099     -1.26193935484452      c
    7.85702492771377      0.82193712722416      0.58250353478134      c
   -2.63571054810588      8.08650063119872      2.79282585469049      h
    3.35769762511247     -1.55318953909457      0.29694480032940      h
   -6.67741752049519      6.42585372927837      1.43909666266600      h
   -6.65846232484156      4.64082774281136     -1.19480918847596      h
    8.76614693810549     -0.34845467799341     -0.85485175187167      h
    9.13268697748565      2.40230074278040      1.01966477713670      h
    7.46769697961097     -0.71491281614514      2.73228652640140      o
    6.23991676232579      0.20828110825579      3.75069778232029      h
    5.18040691900669      4.78510759630665      2.25029838679952      h
   -0.07756013582391     -0.27267396495059     -2.87042816562533      h
    4.44557312392751     -1.20730162601741     -2.86115457520056      h
    5.76733368189007      3.11393686289029     -2.04907009234007      h
  0.14390119691576D-03  0.91488224128966D-04  0.13701528493826D-03
  0.17955019467486D-03  0.15163622232706D-03  -.61110788010410D-04
  -.18342318649900D-03  0.16302489289810D-03  -.26670235942383D-04
  0.54135228813479D-04  0.19005939904737D-03  -.17876682729856D-03
  0.29449281483140D-03  0.53147021057853D-04  0.11565267711511D-03
  -.12495006596680D-03  0.19903944044941D-03  0.76314518659970D-05
  -.13550759736702D-03  -.97157629102007D-04  0.31047353244773D-03
  0.48827662381790D-04  -.26155627044666D-03  0.12216809232068D-03
  0.19839316425418D-03  -.82308555615640D-06  -.35680284778827D-03
  -.26255387758756D-03  -.11936744352681D-03  -.11953839541046D-03
  0.15924166315173D-03  0.28693817400338D-04  -.30812548194414D-03
  0.89216502750178D-04  -.15764249841022D-03  0.24512296383161D-03
  -.16413916302804D-03  0.80453874178377D-04  -.12561125265265D-04
  -.94728832524371D-04  -.11754411431752D-04  -.50678719629715D-04
  -.58250749297217D-04  -.18004043668363D-04  0.54484264504495D-05
  -.77733028062354D-04  -.12796916649283D-03  0.11252263221806D-03
  -.35836004361300D-04  -.79591849635019D-04  0.11557305498400D-04
  -.36091885771583D-04  -.18773042286924D-04  0.18634921499228D-04
  -.16329440477136D-04  0.17054490485169D-04  -.23990290719089D-04
  -.81627701629117D-04  0.91705043466561D-04  0.10848442609124D-04
  0.22308752015476D-04  -.71821748031109D-04  -.31240402910804D-04
  0.45506522565297D-04  -.74668652512599D-04  -.97402872327734D-05
  -.34694143779213D-04  -.89258291485983D-04  0.75925827710321D-04
  0.21440849285792D-04  0.21770749056849D-05  0.67514361195009D-05
  0.48850781833476D-04  0.59908567251021D-04  -.52784001081108D-06
  cycle =      8 MP2 energy =     -696.2974687842 |dE/dxyz| =  0.001548
    1.81383606339011      7.40153735378847      4.04637949998359      o
   -2.30723901249592      3.27522481729170     -0.99139730137879      n
    4.18005294043380      3.25207145287145      1.65243119083518      n
    1.21724713269979      0.88566125194045     -2.06875169427730      n
   -1.88616596335844      6.53086334186304      1.96135518465878      n
   -5.71283600446400      5.91147114218500     -0.12841189118608      n
    0.19185475630185      2.74479873727510     -0.58386477775974      c
    1.66941180297474      3.97175946794088      1.17017726275393      c
   -3.24909073449698      5.15037394614566      0.28416268086178      c
    0.66050100331695      6.05831637504567      2.53250579941842      c
    5.38471087622822      1.88454870812220     -0.41643759934817      c
    3.60132065833243     -0.21168560449496     -1.26694373621734      c
    7.85654397341945      0.81757557770948      0.58699318761053      c
   -2.63672105045582      8.08406377809520      2.79547761066382      h
    3.36238839695866     -1.55754714286290      0.28759363333747      h
   -6.67729707641860      6.44356269146485      1.43445603908083      h
   -6.66563732028124      4.63021852572006     -1.18167130701004      h
    8.76291204008555     -0.36003400967999     -0.84638268222313      h
    9.13636298411843      2.39553119679383      1.02112380757867      h
    7.46137939570958     -0.71144096070781      2.74193456486395      o
    6.23442321186104      0.21922683373311      3.75468795887415      h
    5.18228850825608      4.78595632883741      2.25062254491091      h
   -0.07402210004849     -0.26306923663064     -2.88710694721952      h
    4.44616975001948     -1.20050499488898     -2.87055110147719      h
    5.77743540502240      3.11095443439408     -2.04955554025549      h
  0.28726769368070D-03  0.22661763982157D-03  0.36886538419623D-03
  0.23665607036527D-03  -.17645515852571D-03  0.23840851367041D-03
  -.21487039194135D-03  0.14171342751101D-03  -.15407269202239D-03
  -.59278777756244D-04  0.70085010562160D-04  0.81126574340118D-04
  0.35546002208786D-03  0.59264096188727D-04  0.17069128185998D-03
  0.62938823255365D-05  0.20064338047909D-03  -.25523996266053D-03
  -.29161591400140D-03  0.98854970858930D-04  -.44421849953480D-03
  0.51021015209241D-03  0.14875186124197D-03  0.19367590711994D-03
  -.13683493230587D-03  -.28243658607607D-03  0.16717116926857D-03
  -.46975210229672D-03  -.26178944262734D-03  -.50533580767897D-03
  -.27122402789459D-04  -.18892697261919D-03  0.10662336200773D-03
  0.13457967271724D-03  -.53051646208946D-04  0.18023547744139D-03
  -.96039634783551D-04  0.18842294781629D-03  -.21387367985914D-03
  -.75553523101846D-04  0.29226766486090D-04  -.53744802329447D-04
  -.67511887927862D-04  -.36062643800960D-04  -.14275299873301D-04
  -.15208020214708D-04  -.52052604065267D-04  0.50069236181116D-04
  -.54354430436554D-04  -.24020056939467D-04  0.43504967356167D-04
  -.38844551105921D-04  -.63650528795201D-04  -.21620992321836D-04
  0.19882211120148D-04  0.37173589765960D-04  0.54389052692505D-04
  -.69981442351263D-04  -.28942558998324D-04  0.14384486615704D-03
  0.49426649942230D-04  0.23690909256135D-04  -.71669602379032D-04
  -.82993183137425D-04  -.99914481499042D-04  0.11851661416573D-03
  -.13811470584990D-04  0.11771678841477D-04  -.90300540005472D-04
  -.33136030319625D-05  -.46764699335178D-04  -.66108415182953D-04
  0.11730946789967D-03  0.77851065705570D-04  -.26662280978584D-04
  cycle =      9 MP2 energy =     -696.2974723142 |dE/dxyz| =  0.000726
    1.81240475741769      7.40184015297619      4.04640216496107      o
   -2.30713416165634      3.27807804549671     -0.99420874945815      n
    4.17811872478887      3.24855377613353      1.65805420892258      n
    1.21432747324650      0.88048435233890     -2.06332486285661      n
   -1.88679946332250      6.53239721952260      1.96005282884892      n
   -5.71133280973925      5.91713578795887     -0.13384306216776      n
    0.19005521605721      2.74169201664254     -0.57956983602063      c
    1.66636348585853      3.96733693691128      1.17594775271853      c
   -3.24840844097392      5.15423174575183      0.28019250528620      c
    0.65888641936533      6.05734433162056      2.53470892779785      c
    5.38203991141057      1.88502781523137     -0.41420614649455      c
    3.60083546348192     -0.21316052546915     -1.26396363336082      c
    7.85852985482031      0.82160044580596      0.58317426037215      c
   -2.63696948351497      8.08596553267018      2.79374334198062      h
    3.36600893465989     -1.55984683130879      0.29042766335506      h
   -6.67737784160036      6.44681379258432      1.42882389679689      h
   -6.66309803962051      4.63782694767134     -1.19039921387352      h
    8.76889347681533     -0.34525150009238     -0.85639504445735      h
    9.13275708920719      2.40216145534061      1.02384428761632      h
    7.47093629777003     -0.71931103403560      2.73074773707224      o
    6.24566428013817      0.20402728005468      3.75233165065522      h
    5.17947795572339      4.78425717746349      2.25359210948535      h
   -0.07849127107738     -0.27348392630387     -2.87187709576536      h
    4.44586861200707     -1.19999574772668     -2.86852611746390      h
    5.76827319584630      3.11370876471387     -2.04690318687113      h
  0.12938863606671D-03  0.80873949624305D-04  0.88342116807638D-04
  0.11077813578986D-03  -.19839792848586D-05  0.46436617553880D-04
  -.12073238032251D-03  0.19286859918610D-03  -.16857509611867D-03
  -.23691384704705D-04  -.34311502780326D-04  -.26590969826046D-04
  0.21548550407902D-03  0.57555978654200D-04  0.51449641579104D-04
  -.46340510593268D-05  0.17131347526522D-03  -.12366251272500D-03
  -.12701576493512D-03  0.38270470095192D-04  -.14887214167425D-03
  0.20967784957993D-03  -.18492698742989D-04  0.15654629776929D-03
  -.40760845381627D-04  -.12550161311786D-03  0.42278916293936D-04
  -.27619830193437D-03  -.11960155183899D-03  -.11186012182929D-03
  -.41207191766368D-04  -.10876731430098D-03  0.37035492405302D-04
  0.54104068800687D-04  0.42636425989784D-04  0.39678447760316D-04
  0.47987704002050D-04  0.53093729104559D-04  -.52473181512358D-04
  -.69460817736733D-04  -.77090846151151D-05  -.25179438149614D-04
  -.35351479217072D-04  -.15280714795729D-04  -.19019329706715D-05
  -.22283500171305D-04  -.63024906136189D-04  0.48571389196006D-04
  -.31296246477908D-04  -.28305985536825D-04  0.25816246985499D-04
  0.47224734638363D-05  -.17627157185895D-04  -.19164746724698D-04
  0.13291839561447D-04  0.57859998525700D-06  0.44264469156063D-04
  0.42834376635881D-04  -.76801045466368D-04  0.32750098784007D-04
  -.16881236647670D-04  0.49928316358638D-04  -.21925196232786D-04
  -.15804903888750D-04  -.48570033652773D-04  0.69400138714482D-04
  -.13103477757070D-04  -.23899857533038D-04  0.25027620297990D-04
  -.13366998412589D-04  0.44692996237217D-06  -.18764045822017D-04
  0.23517529143646D-04  0.23109652178555D-05  0.11371649749847D-04
  cycle =     10 MP2 energy =     -696.2974731309 |dE/dxyz| =  0.000411
    1.81311954964656      7.40417725940278      4.04362952883551      o
   -2.30742759399692      3.27755621639587     -0.99391858861708      n
    4.17778143664958      3.24720164235980      1.65976980714646      n
    1.21476368306951      0.88090392005171     -2.06328961814611      n
   -1.88651083264082      6.53337443264336      1.95872042429424      n
   -5.71189745997668      5.91555534139914     -0.13265658150078      n
    0.18958123005963      2.74032177749777     -0.57805094094996      c
    1.66596983633608      3.96660919980926      1.17675736374579      c
   -3.24829261035911      5.15450065526831      0.27967849865955      c
    0.65939204900242      6.05837075085519      2.53360178146568      c
    5.38178680894845      1.88531994981991     -0.41355195101825      c
    3.60114653561421     -0.21296696644603     -1.26432667434715      c
    7.85815364831474      0.82140370995946      0.58357639925711      c
   -2.63606021493216      8.08762588948876      2.79166880294972      h
    3.36671906768155     -1.56020391835912      0.28965052662077      h
   -6.67689852211444      6.44769889428662      1.42973292516431      h
   -6.66410078902943      4.63540855184536     -1.18772447783299      h
    8.76858922493596     -0.34484799273198     -0.85639735913461      h
    9.13241176184533      2.40182888352168      1.02461296032632      h
    7.47051619568733     -0.72038495650352      2.73045078465100      o
    6.24519723344255      0.20212348427992      3.75264449964872      h
    5.17882023007611      4.78363808714260      2.25418768456879      h
   -0.07716814237376     -0.27171822457966     -2.87510755826485      h
    4.44659891315167     -1.19899795058738     -2.86916943988129      h
    5.76763839807073      3.11493537513256     -2.04566241056167      h
  0.53455690173010D-04  0.97858942744722D-05  0.77829217346448D-05
  0.24599469041320D-04  0.34474087973635D-04  -.59980910904756D-06
  -.44161362922068D-04  0.92071628534640D-04  -.95724454173940D-04
  0.38478528730401D-04  0.36965358646945D-04  -.70534314888349D-04
  0.12526994013795D-03  0.33866443041042D-04  0.34181061625560D-04
  -.17169208435419D-04  0.10835549458843D-03  -.48905117004061D-04
  -.97714106276570D-04  -.12937387456802D-03  0.82297148556787D-04
  0.14775682508450D-03  -.14636472135621D-04  0.12130721192882D-04
  0.22781264535254D-04  -.28809933009910D-04  -.49635409506532D-04
  -.13321748791029D-03  0.10080305943849D-04  -.49844016438705D-05
  -.66458729570229D-04  -.18126453078082D-04  0.19627434038494D-04
  0.22964102241119D-04  0.14070329960703D-04  0.31825036739264D-04
  0.20495456755310D-04  0.19487744336300D-04  -.23540401290933D-04
  -.45688826433299D-04  -.79154903298573D-05  -.16726641905773D-04
  -.16980765663810D-04  -.84265334541200D-05  0.10976719883260D-04
  -.28952977254804D-04  -.50178482076113D-04  0.42454069402176D-04
  -.25971723530915D-04  -.29576806384934D-04  0.16770749365680D-04
  0.60334125562278D-06  -.57783637905651D-05  -.13038156568612D-04
  0.77177776587334D-05  0.34907217907332D-05  0.19683916620661D-04
  0.19330427297959D-04  -.49872746803459D-04  0.38536509336495D-04
  -.57413320133648D-05  0.18229135774206D-04  -.11528058429633D-04
  -.11796138272402D-04  -.32890827208476D-04  0.43387575173526D-04
  -.21288513236684D-05  -.66810144412344D-05  0.61990557753688D-06
  -.63728724652989D-06  -.54279314718464D-05  -.15521939611851D-04
  0.13165546569827D-04  0.68177640493161D-05  -.95352858897613D-05
  cycle =     11 MP2 energy =     -696.2974740659 |dE/dxyz| =  0.000265
    1.81138632922176      7.40118861690509      4.04741891933790      o
   -2.30749335607219      3.27672798463888     -0.99350647343205      n
    4.17791276977706      3.24581003502439      1.66150138094345      n
    1.21370146692305      0.87815023982337     -2.05981220020495      n
   -1.88733368950574      6.53142257234115      1.96060030156379      n
   -5.71011864949180      5.91724504729468     -0.13622080371342      n
    0.18935517283534      2.73901365136154     -0.57641282607253      c
    1.66535282910358      3.96479258693301      1.17890122584610      c
   -3.24820450322354      5.15411843058253      0.27970329456779      c
    0.65874391719053      6.05609402826900      2.53622185054123      c
    5.38091260519852      1.88567286448589     -0.41355768700546      c
    3.60119736488983     -0.21414380795087     -1.26291508182744      c
    7.85851189799872      0.82289477119098      0.58148334888087      c
   -2.63665469517132      8.08487379458700      2.79520905507219      h
    3.36939985917820     -1.56141210728531      0.29140655365380      h
   -6.67632623481591      6.45667128567404      1.42271183337838      h
   -6.66331462337022      4.63829575961095     -1.19162437648497      h
    8.76785661498962     -0.34359128297521     -0.85893806639774      h
    9.13274990381102      2.40391171077425      1.02038227652669      h
    7.47341425020365     -0.71825707435517      2.72919183485728      o
    6.24781949850456      0.20319727935359      3.75190603843610      h
    5.17820165366389      4.78406729162451      2.25278741126970      h
   -0.07781819591052     -0.27354046958961     -2.87338996547585      h
    4.44628742716405     -1.19956629644067     -2.86832280965251      h
    5.76429002401697      3.11579710007433     -2.04589864752910      h
  -.13695552970816D-04  -.48846198843933D-04  -.44056249684843D-04
  -.48814364975058D-04  -.73101265165576D-05  -.12704184253920D-04
  0.49073468143312D-04  -.15441735466304D-04  -.36032503272665D-04
  0.52850903027313D-05  0.27406224105242D-04  -.11713300972716D-04
  0.69764476031686D-05  0.22878732720777D-04  -.17773971556778D-04
  0.12336217380948D-06  0.62555051085766D-04  -.29927009616237D-04
  0.48763334850932D-04  -.84286787567223D-05  0.48316799014181D-04
  0.28516767001108D-04  -.81144960904389D-04  -.11546420585873D-04
  0.27019239380977D-04  -.22748600379430D-04  -.11314386749506D-04
  0.25964189857675D-04  0.82679767201221D-04  0.77000432745500D-04
  -.55120169090372D-04  0.10690271989944D-03  0.46883436188860D-05
  -.21676289215344D-04  -.35785462861870D-04  0.24233101170168D-04
  -.15513828345082D-04  -.44165897967186D-05  -.10820288129931D-04
  -.20885697192607D-04  -.16671772483434D-04  0.14001898269722D-04
  0.72563929127689D-05  -.21915539374362D-05  0.12436077637901D-04
  -.65805024922483D-05  -.21971489238215D-04  0.14004451725391D-04
  -.10022965358125D-04  -.90107625259073D-05  0.25731100388171D-05
  -.97845656545914D-05  0.33480806265196D-05  -.15097432628508D-05
  0.46631049865908D-06  0.55150795370551D-05  -.88354022838022D-05
  -.19691148098744D-04  -.43941534197955D-05  0.50109540451260D-04
  0.10852713249854D-04  -.26960307029089D-04  -.72323669115804D-05
  -.22619356427001D-04  0.48220765220819D-05  -.34199704357363D-05
  0.11977400699692D-04  -.99943710099026D-05  -.22150452352321D-05
  0.82914307943938D-05  -.63163592063376D-05  -.90297569030895D-05
  0.13837971774677D-04  0.55253652453402D-05  -.29233359855496D-04
  cycle =     12 MP2 energy =     -696.2974739748 |dE/dxyz| =  0.000218
    1.81110416551353      7.40249828656281      4.04644009241492      o
   -2.30753947459887      3.27680685895260     -0.99362444567368      n
    4.17742391456745      3.24497275909081      1.66246358701203      n
    1.21302889285551      0.87758695063042     -2.05884520999238      n
   -1.88726045137394      6.53251397709123      1.95925185783127      n
   -5.71097560094983      5.91522266072268     -0.13494191785840      n
    0.18932323340122      2.73940386782495     -0.57653855545218      c
    1.66531378407178      3.96544433743726      1.17862902283851      c
   -3.24840931288861      5.15420735637257      0.27951329098510      c
    0.65882389643751      6.05709034008993      2.53520046117203      c
    5.38099279654923      1.88535641420948     -0.41269423666152      c
    3.60169156956638     -0.21380623194325     -1.26457383363826      c
    7.85844441917906      0.82226357058562      0.58231775177485      c
   -2.63552548409721      8.08745024844089      2.79201733203087      h
    3.37149536106448     -1.56364923724842      0.28770362035601      h
   -6.67600867641394      6.45837431672003      1.42331776812759      h
   -6.66485833077062      4.63509170814762     -1.18816106744440      h
    8.76767136464402     -0.34437509497177     -0.85804049797007      h
    9.13287577680660      2.40308573358888      1.02124747794815      h
    7.47301915649190     -0.71871994687122      2.72998815080155      o
    6.24792001238608      0.20324990859170      3.75288059427208      h
    5.17801944534910      4.78281181671661      2.25444610264223      h
   -0.07846920035009     -0.27345121999553     -2.87325053495051      h
    4.44670783009678     -1.19633381647549     -2.87175090466796      h
    5.76502054957158      3.11633844768195     -2.04416951881855      h
  -.26825399174868D-04  -.46941447266136D-04  -.31612841333128D-04
  -.26289943621194D-04  0.37903616991741D-05  -.39435012913813D-04
  0.75049604808974D-04  -.19507748774572D-04  -.31376901792335D-04
  -.39542003162030D-04  -.38752110468998D-04  0.53532299357784D-05
  -.25130310916666D-04  -.87640045611792D-05  -.15879355581561D-04
  -.12027013394089D-05  -.54432846239294D-05  0.85415017707646D-05
  0.46737302116462D-04  0.34617258538816D-04  0.28029410984232D-04
  -.12164139866044D-04  -.16795376001077D-04  -.15544521471789D-04
  0.30316034550282D-04  0.47368272699799D-05  0.40475849474308D-05
  0.26805387035367D-04  0.55879891920463D-04  0.68686601669254D-04
  -.16209934756262D-04  0.17069389651958D-04  0.89552549281668D-04
  -.22203056124770D-04  0.14963521280720D-04  -.52543192546217D-04
  0.10576147231323D-04  0.72998151554593D-05  -.18052837063465D-04
  0.11372143563282D-04  0.82809473491707D-05  -.14066828335046D-04
  0.14945566593427D-04  0.74389223847504D-05  -.60637818131148D-05
  -.82817721960282D-05  -.31165877292239D-05  0.21817407880320D-06
  -.67846477298517D-05  -.56612159204938D-05  0.63075754455078D-05
  -.86435814257158D-05  0.37899033871192D-05  0.34034268341365D-05
  -.10642170877873D-06  -.29965670012011D-05  -.52270525361386D-05
  -.17326029917442D-04  0.62408667780289D-05  0.15560758760635D-04
  0.12094213102554D-04  -.71558230247959D-05  0.36449874141198D-05
  -.21494651313070D-04  0.12327248160915D-04  0.55493057766753D-05
  0.72732847735679D-05  -.30044378487304D-05  -.89741973763324D-06
  -.83737933120887D-05  0.12141288538992D-05  0.17899091497853D-05
  0.54083589322573D-05  -.19510495113728D-04  -.99854826931534D-05
  cycle =     13 MP2 energy =     -696.2974735163 |dE/dxyz| =  0.000112
    1.81123180777469      7.40322589299656      4.04562604269286      o
   -2.30780773198460      3.27614824169433     -0.99281400337819      n
    4.17666840198487      3.24355278384868      1.66375780843140      n
    1.21294234137677      0.87687323207566     -2.05784960637456      n
   -1.88737372159693      6.53247356790953      1.95928350943067      n
   -5.71039198316331      5.91637688557480     -0.13651136258780      n
    0.18893354034854      2.73855178893295     -0.57560439028549      c
    1.66490920948840      3.96481425199301      1.17945291646160      c
   -3.24850672378535      5.15415835267923      0.27955584416392      c
    0.65868065563427      6.05706820554008      2.53514121379074      c
    5.38035990765537      1.88537047647708     -0.41237863782396      c
    3.60146073600847     -0.21452932954996     -1.26308041396189      c
    7.85910013178398      0.82370317693360      0.58098993896082      c
   -2.63570106802739      8.08727968969489      2.79224063967274      h
    3.37109150832410     -1.56352352607960      0.28991243873618      h
   -6.67594668081659      6.46090671137654      1.42092961754706      h
   -6.66446113044386      4.63648631873709     -1.18982925551578      h
    8.76931202714478     -0.34044786522080     -0.86077621585125      h
    9.13196560991437      2.40534315139137      1.02148552593872      h
    7.47562073634988     -0.71991239795807      2.72705844447550      o
    6.24967714437974      0.19980301624427      3.75102835313283      h
    5.17751772002324      4.78063786099588      2.25726877156058      h
   -0.07842097441429     -0.27410798745423     -2.87254212501013      h
    4.44652998948456     -1.19783420693726     -2.86974113934843      h
    5.76243818366539      3.11701572005674     -2.04377752777888      h
  -.67101253264923D-05  -.70216840342141D-05  -.21933508293159D-04
  -.15828068001156D-04  -.20658460382350D-05  0.87838169342547D-05
  0.13218201972087D-04  -.37855481405114D-04  -.19280457189019D-04
  -.16501770581101D-05  0.52968203387849D-05  0.77478786657537D-05
  -.87831982620301D-05  -.20691813311657D-05  -.14133895408719D-04
  0.58340247051092D-05  0.88030328635469D-05  -.11288585771041D-04
  0.29112639294837D-04  0.43746280722345D-05  0.28063672905532D-05
  0.20738536132825D-06  0.15937345110295D-04  -.28056310614311D-04
  0.74662055506991D-05  -.11683010293417D-04  0.22139109804087D-04
  -.37223435089828D-05  0.93262948356321D-05  0.20397910824865D-04
  -.25558524001212D-04  0.36319766752335D-04  0.12751486446305D-04
  -.27138359990131D-04  -.16050765352382D-05  -.60167033417713D-05
  0.28353861269981D-04  -.10961193303072D-04  0.55493858512889D-05
  0.39381982119835D-06  -.22027400827795D-05  0.51247223398221D-06
  0.36790659454500D-05  0.19288490182845D-05  0.63978813105159D-05
  0.36222345567438D-06  -.21463022505941D-05  -.24275107115557D-05
  -.20978527022208D-05  0.81119364914173D-06  0.48553951894625D-05
  -.79918640594201D-06  0.13531567288894D-05  0.10394818783510D-05
  -.48102496847946D-05  -.78900048809949D-05  0.43044358666311D-05
  0.11815123587056D-04  0.76126289272338D-06  -.22307576831970D-04
  -.90115542454861D-05  0.10155311644056D-04  -.10178733500510D-05
  -.78570115853438D-05  -.44178087481583D-05  0.19905539348830D-04
  0.89796099240758D-05  0.39240907705462D-05  -.87306899931860D-06
  0.46002987121874D-05  0.72160502688767D-05  0.10755171468091D-04
  -.56150760041618D-07  -.16289537325687D-04  -.61108282256583D-06
  cycle =     14 MP2 energy =     -696.2974733889 |dE/dxyz| =  0.000067
    1.81127034416320      7.40263766980802      4.04614540080352      o
   -2.30765015208724      3.27655861626541     -0.99326168206067      n
    4.17717785701374      3.24461966576062      1.66272512889609      n
    1.21324097710173      0.87749982338766     -2.05876765774368      n
   -1.88737495469976      6.53212942411256      1.95973361694816      n
   -5.71057037149005      5.91609378486564     -0.13579056879721      n
    0.18913370114047      2.73898198889620     -0.57624286880028      c
    1.66511981456620      3.96507609209172      1.17892687077140      c
   -3.24846235621121      5.15413103678609      0.27967077127569      c
    0.65875719281470      6.05685427146475      2.53529704373710      c
    5.38073339072610      1.88526457907078     -0.41276129024581      c
    3.60145940609320     -0.21430115895987     -1.26349839527139      c
    7.85878786473079      0.82302288488454      0.58163916883324      c
   -2.63590070223185      8.08658179365192      2.79318098560901      h
    3.37055961093164     -1.56309758383767      0.28959156699718      h
   -6.67609181681516      6.45928462747699      1.42215798808919      h
   -6.66439902190645      4.63643784520363     -1.18963521925424      h
    8.76868721607842     -0.34239776800671     -0.85930543594979      h
    9.13233385384058      2.40434794593286      1.02136522203556      h
    7.47428917444591     -0.71918858772017      2.72856435973534      o
    6.24874545720771      0.20170680259823      3.75192852087499      h
    5.17792013165754      4.78230383443567      2.25485989502768      h
   -0.07819575398177     -0.27349757233257     -2.87336894951304      h
    4.44651382306827     -1.19798378442932     -2.86995664840350      h
    5.76374495095238      3.11636778054537     -2.04437143651529      h
  -.40721533913768D-05  -.93250509465292D-05  -.88899869723491D-05
  -.14795380689492D-04  0.66829464984153D-05  0.10653057049836D-05
  0.18307770313974D-04  -.10421133437966D-04  -.14080618290002D-04
  0.61057006162102D-06  -.78667172331848D-07  0.69890364589043D-05
  -.10079498347082D-05  0.12951417449614D-05  -.64233202925479D-05
  0.11695980024484D-05  0.11485779133125D-04  -.59806721761646D-05
  0.17258825206312D-04  0.12195050338448D-05  0.28550314410403D-05
  -.84206763917294D-05  -.49459108986127D-05  -.13551981721704D-04
  0.87139661850699D-05  -.86252949804688D-05  0.56936696268828D-05
  0.50407519989193D-05  0.12632950166958D-04  0.14579574427076D-04
  -.15655726391728D-04  0.18154541346682D-04  0.23743270344934D-04
  -.13650750301242D-04  -.80863211811000D-05  -.10509969161632D-04
  0.93531095890498D-05  -.55404901090350D-05  -.38984759500593D-05
  -.13686975717242D-05  -.19898655132522D-05  0.95968634372667D-06
  0.53946243212533D-05  0.23458568652046D-05  0.20237373488108D-05
  -.23371679462869D-05  -.49911967043847D-05  0.18397318291008D-05
  -.27410352041457D-05  -.13032588004336D-05  0.26009756810552D-05
  -.17869726156583D-05  0.87168864570941D-06  -.17739570434827D-06
  -.17219990384731D-05  -.28040107484806D-05  0.73964945745963D-06
  0.15542734921326D-05  0.22999551561043D-05  -.24333433783497D-05
  -.10771530685183D-05  0.42186367954500D-06  0.12739011268081D-05
  -.88571465060028D-05  0.53679329523604D-05  0.43997002423524D-05
  0.50511439528833D-05  0.10626875335262D-05  -.27030306402054D-05
  0.29439279853882D-05  0.10910776890860D-05  0.27567940854567D-05
  0.20939180993551D-05  -.68207532724074D-05  -.28714748694370D-05
  cycle =     15 MP2 energy =     -696.2974737861 |dE/dxyz| =  0.000042
    1.81126045378106      7.40275214435676      4.04609746838200      o
   -2.30765053008083      3.27644624064306     -0.99313823476705      n
    4.17713135925953      3.24441855062673      1.66291627401584      n
    1.21313817912601      0.87736364315397     -2.05859429466723      n
   -1.88735597011634      6.53218221273180      1.95967098850708      n
   -5.71053136555206      5.91606283704302     -0.13588581340908      n
    0.18909725601176      2.73885656417167     -0.57604552648745      c
    1.66508871148921      3.96496668852384      1.17912311796334      c
   -3.24844998254302      5.15412839777528      0.27965211367344      c
    0.65876166232312      6.05686595021252      2.53531302640555      c
    5.38070273627870      1.88528582114989     -0.41276385601289      c
    3.60151631634831     -0.21430263488734     -1.26360037693994      c
    7.85878101028997      0.82312153349059      0.58160175444990      c
   -2.63579065835029      8.08677784464634      2.79293560217618      h
    3.37080588227491     -1.56330826701854      0.28933665836712      h
   -6.67604413460674      6.45965334019730      1.42192012277265      h
   -6.66440096972836      4.63636944844828     -1.18963874476765      h
    8.76877407690674     -0.34217143789368     -0.85939066646645      h
    9.13223953697059      2.40450197524521      1.02141736799327      h
    7.47433547843875     -0.71923597797117      2.72843362617564      o
    6.24873338854488      0.20152545789584      3.75184161667804      h
    5.17792889176145      4.78206002174183      2.25507372323579      h
   -0.07836463928131     -0.27373177136767     -2.87296378097523      h
    4.44651258356302     -1.19775097535547     -2.87023861165986      h
    5.76361036400003      3.11659640439230     -2.04424716756375      h
  -.19814751581748D-05  0.91268709923042D-07  -.69757749585619D-05
  -.59171044384243D-05  -.30096278962333D-05  0.10046786567131D-05
  0.15145890773560D-04  -.15835431959488D-04  -.42606048751281D-05
  -.71585408303321D-05  -.16987383695266D-05  0.55706076036444D-05
  -.26684694773849D-05  0.28606130069164D-05  -.51461569654521D-05
  0.13676273447061D-05  0.30710749516771D-05  -.46260585815361D-05
  0.11686176178749D-04  -.24224535266626D-07  0.56369433072412D-05
  -.80821957295640D-05  0.36307360407051D-06  -.12375248283902D-05
  0.60447691634380D-05  -.14100569991626D-05  0.43960357642980D-06
  0.47058806851297D-05  0.20474122569558D-05  0.80188534115067D-05
  -.44715368696657D-05  0.13585750748391D-04  0.99479513193668D-05
  -.77950003769534D-05  -.90097547200685D-06  -.10381186469566D-04
  0.10146556888024D-05  -.34104839785609D-07  -.18528248979521D-06
  0.63820863260844D-06  0.99532567432448D-06  -.16257247636986D-05
  0.39111061413966D-05  -.28506719207400D-06  0.39859911282747D-06
  -.14789741804577D-05  0.88191186353725D-06  0.60357359110697D-07
  -.17857949909938D-05  -.17818172350914D-05  0.25721563456926D-05
  -.10997995896211D-05  0.15852319110721D-05  -.93017149938035D-06
  -.82313766736064D-06  -.23180701314018D-06  0.58008562908718D-06
  0.51257842414998D-07  0.18009155802190D-05  -.21321735470536D-05
  -.48315243539321D-06  -.28588025129395D-05  0.13348512704070D-05
  -.54794724020368D-05  0.25395966956054D-05  0.34780091158204D-05
  0.16606275936581D-05  -.11238622672494D-05  0.11608097336691D-05
  0.14862344790423D-05  0.19922290124263D-05  0.51439458204072D-06
  0.15118781382384D-05  -.26199137774796D-05  -.32174509678740D-05
$end
