$hessapprox internal
  0.960298584604D+00  0.401604724979D-02  0.445511502119D+00 -0.957683491793D-04
 -0.302478106035D-02  0.213715871611D+00  0.270785809124D-03  0.473916631012D-03
  0.107210923601D-03  0.508616776354D+00  0.692773916196D-02 -0.106134372812D-01
 -0.101319415785D-03 -0.215795868170D-04  0.354328420091D+00  0.483970234007D-02
 -0.206949151528D-02  0.215547090797D-01 -0.276487744899D-03  0.430659859143D-03
  0.751377365479D-01  0.654568902481D-03  0.904862218401D-03  0.267314834078D-02
 -0.167308861987D-02 -0.881223487694D-03  0.540620375437D-03  0.416030465091D+00
  0.264727908081D-02  0.105684183329D-02  0.776288859964D-03 -0.115399182660D-02
 -0.362131043217D-03  0.613501175377D-03 -0.348140043145D-02  0.415075903405D+00
 -0.160691262178D-01  0.314600969522D-02 -0.107657834845D-02 -0.608705656030D-04
  0.485911921875D-02  0.916320597736D-03 -0.221202875998D-03  0.276567557577D-04
  0.335059634131D+00 -0.814594506926D-04 -0.394179639395D-03  0.562664278195D-03
  0.154525649547D-03 -0.637261240908D-03 -0.280207136489D-03  0.642901108817D-03
  0.696181207602D-03  0.486593810258D-04  0.341792848569D+00 -0.389541214739D-03
 -0.771414502473D-03 -0.323007081840D-04  0.951333740874D-04 -0.672090065745D-03
 -0.155664384912D-03  0.285954498927D-03 -0.115747910710D-03  0.620731726967D-04
 -0.634116816050D-04  0.319009737151D+00  0.915315766963D-02 -0.191863697662D-03
  0.116296173188D-02 -0.427721893498D-03 -0.104577296816D-02 -0.426506012918D-03
 -0.119147807583D-02 -0.180848932171D-02  0.303948433884D-02 -0.798635162258D-03
  0.857721380885D-04  0.340259147912D+00 -0.306307829935D-02 -0.350915132816D-02
  0.124090033670D-02  0.142611272277D-03 -0.555940179449D-02  0.227300587543D-02
 -0.144345366779D-03  0.312188482650D-03  0.486761331694D-03 -0.404280007514D-03
 -0.370203220646D-03  0.651231111043D-03  0.157103441801D-01  0.128744515850D-02
  0.308267179798D-02  0.669256745991D-03 -0.206753177415D-03  0.376325952928D-02
  0.480036435511D-03 -0.334710276382D-03 -0.314690649818D-03 -0.662986054727D-03
  0.312845065168D-03  0.330733066136D-03 -0.456704569264D-03  0.174661482179D-02
  0.511905636066D+00 -0.443988303626D-04  0.421762032962D-02  0.796080959711D-03
 -0.461662322111D-03  0.490792572009D-02  0.104217303906D-02 -0.949300765630D-03
 -0.739483597964D-03 -0.126794407803D-02  0.423034490522D-03  0.405330617989D-03
 -0.426506345332D-03  0.206339894194D-02 -0.121343122589D-02  0.511203119135D+00
  0.315902646985D-02 -0.543587799860D-02 -0.174177597547D-02  0.959819069525D-04
 -0.509014338541D-02 -0.257503936324D-02  0.636312273120D-04  0.209231795473D-03
  0.159761796228D-02 -0.624260305253D-04 -0.458232316546D-03 -0.361076555527D-03
 -0.116916984905D-02  0.112945783688D-02  0.155743782909D-02  0.338348019931D+00
  0.585681936750D-02 -0.508042545850D-02  0.273662706533D-03  0.388103529870D-04
 -0.532218669452D-02  0.948465816396D-03  0.592040246423D-04  0.210871924223D-03
  0.250316829061D-02 -0.133672382172D-03 -0.354156149792D-03 -0.918331043918D-03
 -0.123522389371D-02  0.146739108359D-02  0.219046036821D-02 -0.310283355496D-02
  0.366331033916D+00  0.955573201638D-03 -0.262883920637D-01 -0.554551513082D-02
  0.779825844164D-03 -0.343668140676D-01 -0.167577897447D-02 -0.676254091540D-03
  0.140550698652D-02  0.676878902172D-02 -0.163083025879D-02 -0.209295652804D-02
  0.596499492954D-03 -0.154421066967D-01  0.995364515158D-02  0.124393014407D-01
 -0.117053080171D-01 -0.125235551004D-01  0.269615389511D+00  0.233634646045D-03
  0.658238386925D-03  0.851970501617D-03 -0.128279267790D-02 -0.594496176274D-03
  0.713291556261D-03 -0.380737924607D-02 -0.251818786018D-02  0.203372913005D-04
  0.272106629173D-03  0.148475071584D-03 -0.105746864019D-02  0.913241593654D-04
 -0.254990330413D-03 -0.723300053152D-03 -0.296435323251D-04  0.121300579196D-03
 -0.431971499657D-04  0.419016972748D+00  0.193585683534D-02  0.819723367834D-03
  0.146429417829D-02 -0.182434714432D-02 -0.917708461242D-03  0.232284472592D-03
 -0.525965880094D-02 -0.382829285491D-02  0.389966078293D-03  0.364578218581D-03
  0.168711645841D-03 -0.128120236322D-02  0.251879824096D-03 -0.515749377308D-03
 -0.113903837147D-02 -0.137769628749D-03 -0.119614507256D-03  0.607118506732D-04
 -0.403221902467D-02  0.403093351377D+00  0.591420995776D-02 -0.128696567640D-02
  0.342722520996D-03  0.461332311360D-03 -0.696580177476D-03 -0.125568854083D-02
  0.161176716300D-02  0.804007104493D-03  0.120123632896D-02  0.324791266415D-03
  0.160832898120D-03 -0.907877818302D-03  0.254569066901D-03  0.239617417118D-03
  0.613113894759D-03 -0.930355611765D-03 -0.101412102649D-02 -0.673637357094D-03
  0.876082584890D-03  0.107301184404D-02  0.344960322140D+00 -0.431436051230D-02
 -0.485960413187D-03 -0.106905008526D-02  0.437235255468D-03  0.201374914253D-03
  0.152821086790D-02  0.796114086212D-03  0.178070103824D-02 -0.141610871595D-02
 -0.302057066865D-03 -0.585568332260D-03  0.111794615315D-02 -0.245214769396D-03
  0.448377518296D-03  0.565889748390D-03 -0.143621785740D-03  0.422350796279D-03
 -0.106996549336D-02  0.118925202510D-02  0.145552920804D-02 -0.444056378226D-03
  0.347120545554D+00 -0.729192709300D-02  0.222533471467D-02  0.282106849696D-03
  0.163323035228D-03  0.176064011405D-02  0.109927485435D-02  0.424127957619D-03
  0.410169545809D-03 -0.217638397845D-02  0.189913871935D-04  0.155839279045D-03
  0.112581494215D-02 -0.632359691692D-03 -0.655957537866D-04 -0.363349806951D-03
  0.171009421191D-02  0.163641284529D-02  0.208279285497D-02  0.269649185582D-03
  0.687159348757D-03  0.116747211439D-02 -0.847845316838D-03  0.316888677596D+00
  0.772250081239D-02 -0.304267256076D-02 -0.140342858977D-03 -0.182410874323D-03
 -0.180036809937D-02 -0.176242025519D-02 -0.570834041595D-04 -0.349484984001D-03
  0.202130365324D-02  0.481251058108D-03  0.119119103317D-04 -0.182421434602D-02
  0.915368074575D-03  0.965644195125D-04  0.431041656031D-03 -0.234148736344D-02
 -0.209191351942D-02 -0.228741255412D-02 -0.365816850538D-03 -0.841882128920D-03
 -0.900281986294D-03  0.240282238798D-04  0.243596397754D-02  0.341656560973D+00
 -0.936370555390D-03 -0.962560612026D-04  0.656457809697D-03 -0.642922068516D-04
 -0.171494605714D-04  0.800762168825D-04 -0.355281141868D-03  0.157484365259D-02
 -0.187703481534D-02 -0.290679540852D-03 -0.171080685188D-02  0.235683989659D-02
 -0.213604147509D-03  0.139575546969D-04 -0.605165351526D-04  0.276579317954D-03
  0.190132425550D-03 -0.230975890137D-03 -0.513932091735D-03  0.136872985640D-03
 -0.154303673206D-03  0.188150929517D-02 -0.749792948231D-03 -0.614033992288D-03
  0.274872123599D-01 -0.845488128598D-02 -0.238769724358D-03 -0.255734865551D-02
  0.121033948633D-02  0.122302904969D-02  0.688020063569D-03  0.334976231343D-02
  0.274955222531D-02 -0.176130675459D-02 -0.591997401741D-03 -0.442103574265D-03
  0.227720209860D-02 -0.498097877493D-03  0.322966021057D-03  0.628026233630D-03
  0.497165192623D-03  0.815507845327D-03 -0.717064971050D-03  0.289473193791D-02
  0.424283374534D-02 -0.722221215823D-03 -0.101616793228D-02 -0.158327793571D-02
  0.124180364409D-02 -0.109910320338D-03  0.596687791411D+00  0.175853945941D-01
 -0.454806596436D-02  0.170479098716D-02  0.816255734414D-03 -0.287177577962D-02
 -0.349776758614D-02  0.283924259918D-02  0.107719759051D-02  0.434274730727D-02
  0.187682391946D-03  0.309766294813D-03 -0.202693941049D-02  0.908252673456D-03
  0.728367867396D-03  0.169722598680D-02 -0.332799162529D-02 -0.340206808787D-02
 -0.308837516396D-02  0.148827777873D-02  0.168459844411D-02 -0.176253332679D-02
 -0.225750551397D-03  0.359619363772D-02 -0.399631044509D-02  0.585842799328D-03
 -0.522153471282D-03  0.367502031923D+00  0.651875250103D-02 -0.316813980645D-02
  0.889566872730D-03  0.994411736232D-04 -0.291589666546D-02 -0.624815085774D-03
  0.168421943015D-03  0.730966365251D-04  0.226829980424D-02 -0.402686698254D-03
 -0.207670949766D-03 -0.373037950632D-03 -0.203346448255D-03  0.688275600086D-03
  0.111985732651D-02 -0.198360253045D-02 -0.188782708737D-02 -0.550047258685D-02
  0.165755557058D-03  0.776861777250D-04 -0.102630303468D-02  0.679619232099D-03
  0.139429570254D-02 -0.223538925376D-02  0.131167088988D-02  0.652745213131D-03
 -0.272619496392D-02  0.497587962101D+00 -0.128384432546D-02  0.537540778118D-02
  0.238122120492D-02  0.164450867224D-03  0.699080001952D-03  0.258972203981D-02
 -0.292538068679D-04 -0.104674882081D-02  0.926121740155D-03 -0.125185415911D-02
  0.743213088602D-03  0.145786443868D-02 -0.209862726960D-02 -0.288837281727D-03
 -0.805048005186D-03  0.457447733916D-02  0.264110723099D-02  0.208373665532D-02
 -0.101659850723D-03  0.608785777877D-03  0.165289333350D-02 -0.122573904877D-03
 -0.322766232689D-02  0.486956010128D-02  0.454788182668D-03 -0.934076257564D-03
  0.637680115738D-02  0.286977677520D-02  0.343901432945D+00 -0.404956584201D-01
  0.224477954138D-01 -0.105592604273D-01 -0.447354381576D-03  0.189615065625D-01
  0.625375479698D-02 -0.281044605030D-02  0.227603880761D-03 -0.114135093852D-01
  0.123980531433D-02  0.111665614178D-02  0.184008309363D-02  0.189060661590D-02
 -0.428856940722D-02 -0.706963169638D-02  0.139471271672D-01  0.134112995193D-01
  0.393007967861D-01  0.102359981903D-03  0.249299972124D-04  0.467225057422D-02
 -0.215724456775D-03 -0.102803275205D-01  0.136047870542D-01 -0.867954841109D-02
 -0.238703485572D-02  0.152373229657D-01  0.825148341168D-02 -0.243437484600D-01
  0.309854977224D+00  0.263972458537D-02  0.105474194043D-02  0.229253028542D-04
 -0.193929029645D-03  0.285348464088D-02 -0.233581630009D-03 -0.244706437791D-03
 -0.192768145765D-03 -0.529517424817D-03  0.178608200124D-03  0.237117624298D-03
 -0.269532677781D-03  0.205720377806D-02 -0.743104551194D-03 -0.901041302618D-03
 -0.247400784585D-03  0.346030410840D-03  0.800561929262D-02 -0.270282277817D-03
 -0.630456799589D-03 -0.153748420608D-03  0.401091447253D-03  0.902240032697D-03
 -0.137100083518D-02  0.204724193431D-03  0.383772730168D-03 -0.792014745594D-03
 -0.111026514845D-03  0.351103585424D-02  0.156257601507D-02  0.510473276744D+00
  0.527136842209D-02  0.252601762390D-02  0.317809538927D-03 -0.613188578545D-04
  0.223309085776D-02 -0.170792150290D-04  0.699971288877D-05 -0.264920709529D-03
  0.949605366956D-03  0.160399769261D-03  0.403781873687D-03 -0.153191048067D-02
  0.124494828367D-02 -0.955568247076D-03 -0.112194028018D-02  0.132113426446D-02
  0.809381403423D-03  0.763998511187D-02 -0.300052736736D-04 -0.302021788590D-03
 -0.488393942420D-04  0.463255488213D-03  0.244768422501D-03  0.366803670352D-03
 -0.232096415015D-03  0.606298275171D-03 -0.408895392091D-03 -0.724726376981D-05
 -0.197460939832D-02 -0.249126566254D-02 -0.269227089144D-03  0.360850094181D+00
 -0.168077204562D-01 -0.988240611677D-02  0.721313715743D-02  0.140446132329D-03
 -0.209218792589D-01  0.921258188934D-02  0.367840542162D-03 -0.283317947328D-03
  0.449927742370D-03 -0.160674777182D-03 -0.230358198752D-03  0.474420357197D-02
 -0.140108023738D-01  0.714753244319D-02  0.765293750888D-02 -0.167103758446D-02
 -0.277230788022D-02 -0.596836549122D-01 -0.175192384531D-02 -0.165951690964D-03
  0.587811294554D-02 -0.391703328237D-02 -0.436594345509D-02  0.851973310498D-02
 -0.139152579699D-02 -0.452225135692D-02  0.135388083187D-01  0.263534677526D-03
 -0.136100558460D-01 -0.160739420259D-01  0.111194078642D-01  0.415803103135D-02
  0.323765210331D+00  0.141142587956D-02  0.142883557266D-02  0.219508977784D-02
 -0.136331069976D-02 -0.585347721587D-03  0.407172437931D-03 -0.371538813353D-02
 -0.263058588601D-02 -0.499980456303D-03  0.986738810010D-03  0.380395647519D-03
 -0.175826208145D-02 -0.324253389810D-03 -0.222441675829D-03 -0.775542751721D-03
  0.460817801921D-03  0.312388270128D-03  0.789597803712D-04 -0.322004864277D-02
 -0.456431741405D-02  0.185538208108D-02  0.575451022238D-03  0.285767198442D-03
  0.661609490009D-03 -0.499868286953D-03  0.244055904151D-02  0.335193360002D-02
  0.192479529804D-03 -0.139823997819D-02 -0.410174037156D-02  0.219843098295D-03
  0.742515715589D-04  0.617977839783D-03  0.406269578255D+00  0.873710384241D-02
  0.331514791249D-02  0.692355534126D-03 -0.196674694141D-04 -0.118610297101D-02
  0.827169549330D-03 -0.968263899834D-03 -0.113118900587D-02  0.406462410169D-02
 -0.795331600557D-03  0.486695169175D-03 -0.150632212223D-02 -0.102187414147D-02
 -0.319928736952D-03 -0.434876460754D-03  0.275378027274D-02  0.858721806362D-03
  0.122651124429D-02 -0.230358270656D-03 -0.392767030584D-03 -0.124973489113D-03
  0.156131232613D-02 -0.100983160805D-02  0.190927419533D-02  0.599306791810D-03
  0.145956674522D-02  0.104575674337D-02  0.968517438492D-03 -0.923955883700D-02
 -0.746999189174D-02  0.210318681745D-02 -0.264254118802D-02 -0.113137516978D-01
 -0.200228610161D-02  0.330767294019D+00 -0.124442095075D-01  0.397939179207D-02
  0.169466274843D-02 -0.122837167000D-05  0.321251082886D-02  0.193485905833D-02
  0.684305391114D-04  0.775095776817D-04 -0.413905623870D-02  0.500558815045D-04
  0.290731114788D-03  0.213640683141D-02 -0.994145615299D-03 -0.231568452120D-03
 -0.854971116449D-03  0.288569543716D-02  0.282305708306D-02  0.401253393261D-02
 -0.235098302374D-03  0.340512717650D-03  0.232970185983D-02 -0.147997105409D-02
 -0.287568593024D-02  0.404096995838D-02 -0.655442986661D-03 -0.233969545856D-02
  0.693675631633D-02  0.259088766813D-02 -0.472607165861D-02 -0.198838509358D-01
  0.140473935460D-02  0.493982126807D-03 -0.632541139270D-02 -0.471824255900D-04
 -0.145898539439D-02  0.331632970608D+00  0.553375779335D-02  0.112707129037D-01
  0.500116340329D-02 -0.530047420268D-03  0.142944570060D-01  0.291335739305D-02
 -0.622351443143D-03 -0.539145281469D-03 -0.224343032240D-02  0.961003768590D-03
  0.129202577230D-02 -0.175265415170D-02  0.693411930304D-02 -0.369512846410D-02
 -0.471477219173D-02  0.433884194059D-02  0.534192200717D-02  0.383277262137D-01
 -0.398946585802D-03 -0.130539791472D-02  0.722241251526D-03  0.182854075233D-02
 -0.168888397935D-03  0.228529508864D-03 -0.326715408038D-04  0.629956414630D-03
  0.224456513143D-02  0.246681693843D-02 -0.803801523340D-03 -0.152876027492D-01
 -0.262049691177D-02 -0.346168760773D-02  0.277087214729D-01 -0.104831883579D-03
 -0.103136157762D-02 -0.623782239919D-03  0.551695688040D+00  0.429279112637D-02
  0.650144912864D-02 -0.364509196501D-03 -0.126729570233D-04  0.978435660481D-02
 -0.347360285061D-02  0.763599243277D-03 -0.197191889685D-03 -0.848970540555D-03
  0.518403026369D-03  0.609836955066D-03 -0.758819984256D-03  0.532652122346D-02
 -0.328321458578D-02 -0.402057233552D-02  0.281414354011D-02  0.220347217569D-02
  0.272739176441D-01  0.303204790211D-03  0.250148188436D-03 -0.595528255381D-03
  0.381094509866D-03  0.655545497886D-03 -0.102248965768D-02  0.412848553356D-03
  0.461670528528D-03 -0.161660669502D-02  0.579337794176D-03  0.256259325819D-02
 -0.491836072020D-02 -0.329937757439D-02 -0.230973372295D-02  0.233369576361D-01
  0.747043739619D-03  0.106348901037D-02  0.104313236261D-02 -0.124786867162D-01
  0.420930447272D+00 -0.295919992886D-02  0.306973505187D-03  0.509037633647D-02
  0.599735557374D-03 -0.966830157219D-03 -0.107210903346D-01 -0.425491126069D-03
 -0.281797244235D-03 -0.718525840255D-05 -0.109901242737D-02  0.197032975424D-03
  0.134765940227D-02  0.233432071761D-03 -0.259763194111D-02 -0.519808306744D-02
  0.454639277349D-02 -0.364133127191D-02  0.565624769626D-02 -0.408729790317D-03
 -0.264196858726D-03  0.546553333955D-04 -0.435530449870D-03 -0.343981618274D-03
  0.584064889698D-03  0.379470568685D-03 -0.814771070269D-03  0.359962925070D-03
  0.958076777629D-04  0.171880425624D-02 -0.276621246992D-02  0.187770132876D-03
  0.690128887889D-03 -0.887216159606D-03 -0.432154041089D-03  0.902171658430D-03
 -0.594643124871D-03 -0.432079302856D-02  0.603213902482D-02  0.143627658630D+00
  0.203535423065D-03 -0.265798798836D-03 -0.390399818190D-04  0.272925279351D-03
  0.314140701385D-03  0.961409456239D-03 -0.879447440283D-04  0.334803791896D-02
 -0.231366117021D-02 -0.734588122774D-03 -0.265491734139D-02  0.333473621698D-02
  0.234147453359D-03  0.157835410305D-03  0.237363324777D-03  0.725581767923D-04
  0.313315564714D-03  0.109692479549D-02  0.378911721848D-03  0.117135575960D-02
 -0.129806360955D-02  0.409140447828D-02 -0.103892174567D-02 -0.186969751841D-02
  0.175402320873D-01 -0.122333274396D-03 -0.942436047278D-03  0.212118437504D-02
  0.994708312761D-03 -0.824427340526D-02  0.270734778240D-03 -0.771443471194D-03
 -0.256508258685D-02 -0.617809669456D-03  0.185218323649D-02 -0.107143648820D-02
  0.694253478360D-03 -0.310220840424D-03  0.542728305677D-03  0.350941755143D-01
 -0.885191663388D-02  0.466042864995D-02  0.402478832263D-02  0.137070111570D-03
  0.319180764686D-02  0.165692287846D-02  0.484181106269D-03 -0.443177978417D-03
 -0.392497408346D-02  0.410925437770D-03  0.804877644361D-03  0.160308034416D-02
 -0.122185089591D-02 -0.240277258989D-03 -0.723241258734D-03  0.298894681841D-02
  0.268796704486D-02  0.414578544096D-02 -0.103767923258D-04  0.371880881165D-03
  0.231111785606D-02 -0.176444147247D-02 -0.256311081121D-02  0.420697575397D-02
 -0.250505485171D-02 -0.230093213507D-02  0.750457103427D-02  0.284802166422D-02
 -0.490679447245D-02 -0.219489819418D-01  0.164098732175D-02 -0.208951315021D-04
 -0.319161667209D-02  0.368275058664D-04 -0.274198335764D-02 -0.411091426558D-02
 -0.335703982871D-03  0.117765150998D-02 -0.589961719681D-03 -0.422065126494D-02
  0.512285836498D+00  0.411208753499D-03 -0.282408796577D-03  0.147976438738D-02
  0.158799113442D-02  0.132969406584D-02 -0.518710481203D-03  0.472483637670D-02
  0.223628702291D-02 -0.208788647494D-03  0.225549308956D-03  0.944872069977D-03
 -0.166571701802D-03  0.413699627277D-05  0.447845167270D-03  0.106032169268D-02
 -0.232835049875D-03 -0.724001219423D-04  0.122420325653D-02  0.366974250726D-02
  0.448382513750D-02 -0.699906989845D-03 -0.203170907539D-02  0.499445615703D-04
  0.633832287371D-03 -0.638905801460D-02 -0.357185522970D-02 -0.762849311149D-03
 -0.166667704259D-03  0.571942048116D-03  0.143195897940D-02  0.286979267323D-03
  0.223109297373D-03  0.439092704034D-02  0.414966256198D-02  0.506339603928D-03
  0.520651791091D-03  0.154259541162D-02 -0.684183614691D-03  0.133218309946D-03
 -0.101878224544D-01  0.148710664157D-02  0.382984461302D+00  0.494660585701D-02
  0.231059944814D-02  0.635314600673D-03 -0.187793451336D-02 -0.170935581143D-02
  0.254505947429D-02 -0.650348789892D-02 -0.402787117629D-02  0.296841575162D-02
 -0.473496240417D-03 -0.140638716501D-03 -0.246574247060D-02  0.128981905268D-03
 -0.933925283843D-03 -0.154567005407D-02  0.122752769137D-02  0.489857177910D-03
  0.380718429100D-03 -0.350320090129D-02 -0.572533147059D-02 -0.567498905892D-03
  0.428679017710D-02 -0.211754154492D-03 -0.665935401537D-03  0.331537276142D-03
  0.675588681058D-02 -0.964659043114D-03  0.626770757328D-03 -0.515483399495D-02
  0.262968756970D-02 -0.154927286171D-03 -0.196703914559D-02 -0.123093709075D-01
 -0.711351909393D-02 -0.415442378302D-02 -0.167480841006D-02 -0.255402424745D-02
  0.624089350069D-03  0.664460378771D-03  0.409949209097D-02 -0.324363013487D-02
  0.420668363581D-02  0.375884801413D+00  0.310719455596D-02  0.185401607729D-02
  0.288632371064D-02  0.350507693171D-03 -0.125699205569D-02  0.311568370657D-02
  0.303214586739D-03  0.170750181641D-02  0.735146095433D-03 -0.544562939636D-03
 -0.761083200889D-03  0.969483180948D-04 -0.159913803227D-02  0.418010070688D-03
  0.416927542836D-03  0.219670670932D-02  0.113976382460D-02 -0.165366300149D-02
  0.607055674520D-03  0.944168121865D-03  0.209610428428D-03  0.243346612859D-02
 -0.189720082502D-02  0.204133675333D-02  0.703278810483D-02 -0.368547852420D-03
  0.206981113111D-02  0.176062024918D-02 -0.821026358572D-02 -0.129289345694D-01
  0.261285749230D-02 -0.120896681752D-02 -0.128575005832D-01 -0.297661875101D-03
 -0.642943677407D-02 -0.253537291224D-02  0.197799453077D-02  0.206969427296D-02
  0.288297556841D-03  0.116897723699D-01 -0.393977346177D-02 -0.310880459705D-02
 -0.103640409451D-02  0.367075928311D+00 -0.113302755886D-01  0.102301097981D-02
 -0.501180100585D-02  0.311817964482D-03  0.112073772461D-02  0.356028494981D-02
 -0.919226041020D-03 -0.167641069233D-02  0.274328707791D-02 -0.365793702189D-02
  0.636460417647D-03  0.380393455165D-02  0.481217636232D-03 -0.355884787574D-03
 -0.586989580904D-03  0.110719266302D-02  0.140661653069D-02  0.139668691174D-02
  0.189678938223D-02  0.218413266020D-02 -0.257026611025D-02  0.119556289979D-02
 -0.247473052316D-02 -0.351018231926D-03 -0.853147600324D-02  0.131629857993D-02
 -0.266453471882D-02  0.162991459744D-02 -0.191566374968D-02  0.645396165284D-02
  0.129745341767D-03 -0.161655388720D-02 -0.171923451786D-01 -0.391293988388D-02
  0.261863492722D-02 -0.523676169593D-02 -0.161442832012D-02 -0.191206817707D-04
  0.259662050798D-02 -0.711168855604D-02 -0.313323103427D-02  0.321150245160D-02
  0.127600699839D-01 -0.639634352160D-02  0.399877027586D+00  0.263177557695D-01
 -0.166711105980D-02  0.364667882320D-02 -0.733386622873D-03 -0.405467143814D-02
 -0.134549595001D-02 -0.188049272089D-02 -0.231696121485D-02  0.797554854264D-02
  0.468997923553D-03  0.633214212087D-03 -0.530563528998D-02  0.118121808672D-02
 -0.117329977025D-03  0.367791847146D-03 -0.178158362245D-02 -0.276143205665D-02
 -0.786164218882D-03 -0.158025968079D-02 -0.319646692160D-02 -0.150052979651D-02
  0.296661543280D-02  0.377423516101D-02 -0.385735237238D-02  0.395234869580D-03
  0.479919075934D-02 -0.556080743233D-02 -0.269849344982D-02  0.157925930296D-03
  0.155751985111D-01 -0.472903307743D-03 -0.270364025764D-02  0.952091219807D-02
 -0.142144700255D-02 -0.550209407127D-02  0.640700897968D-02 -0.419546714236D-03
 -0.176015875993D-02 -0.102852265151D-02  0.803906413538D-03  0.640928961996D-02
  0.387097895273D-02 -0.649429439352D-02 -0.823944411267D-03  0.194768779308D-02
  0.578558697206D+00  0.142506676484D-02 -0.183175162772D-02  0.244002273222D-02
 -0.158652489555D-02 -0.542389167435D-02  0.162098472592D-02 -0.527124822055D-02
 -0.313648380509D-02  0.501908990380D-03  0.222726907694D-03  0.132241940117D-03
 -0.134381975805D-02 -0.250028472626D-02  0.133207042253D-02  0.103250673161D-02
 -0.121017061206D-02 -0.107446984351D-02 -0.118607266042D-01 -0.377583591738D-02
 -0.559392360436D-02  0.174093262012D-02  0.169627352362D-02  0.235710362175D-03
 -0.111259955409D-03 -0.265137540331D-03  0.329079148969D-02  0.382089065291D-02
  0.324294323725D-03 -0.136294851659D-02 -0.443881788258D-03  0.166120670766D-02
  0.808364133889D-03 -0.120398458366D-01 -0.429745273714D-02 -0.148098628758D-02
 -0.279349496215D-03  0.616929537051D-02  0.454620064770D-02 -0.127550374840D-02
  0.168073057753D-02  0.131732363284D-03  0.578472700217D-02 -0.646473000705D-02
  0.334718876001D-03  0.752259663563D-03 -0.118853824323D-02  0.763979279933D+00
  0.426971100979D-03  0.411247555784D-02  0.399170446201D-02 -0.253306217761D-02
  0.257738307212D-02  0.107320806160D-02 -0.702817558948D-02 -0.505547441768D-02
 -0.155567207165D-02  0.958824324368D-03  0.663328000672D-03 -0.171061472848D-02
  0.144603317565D-02 -0.127683504263D-02 -0.242827483299D-02  0.106042402056D-02
  0.155064505938D-02  0.876218145280D-02 -0.556912892485D-02 -0.789747799138D-02
  0.251246004680D-02  0.166505004416D-02  0.344798219658D-03 -0.149310230252D-03
 -0.338864349805D-03  0.474816045796D-02  0.519689869833D-02  0.128852401449D-02
  0.286618364507D-03 -0.853037370070D-02 -0.103766685998D-02 -0.623447535149D-03
  0.463707588997D-02 -0.568195137300D-02 -0.359450650108D-03 -0.504392401441D-03
 -0.380276025526D-02 -0.203118290410D-02 -0.255695579506D-02  0.799283187632D-03
  0.124920272947D-03  0.703445984284D-02 -0.912013058620D-02  0.165503758844D-02
 -0.493350878109D-03 -0.183195943235D-02 -0.578964550183D-02  0.605899837393D+00
  0.211373091333D-01 -0.635120069360D-02 -0.184447454187D-02 -0.108785103886D-02
 -0.110091444089D-01 -0.270423256208D-02 -0.425154510519D-02 -0.296361252272D-02
  0.772663501415D-02  0.377301216785D-04  0.346648288428D-04 -0.498067244344D-02
 -0.242307757276D-02  0.170866576621D-02  0.233334294947D-02 -0.374140458894D-02
 -0.495559843701D-02 -0.192771969758D-01 -0.279706840792D-02 -0.485495769044D-02
 -0.124255668376D-02  0.271141777093D-02  0.365328237589D-02 -0.369775517456D-02
 -0.844206175990D-04  0.551790402522D-02 -0.496941998033D-02 -0.333136173447D-02
  0.297400144711D-03  0.233037739840D-01  0.104097318645D-02 -0.391174626974D-03
 -0.968556636130D-02 -0.346127470489D-02 -0.375422663609D-02  0.571080053132D-02
  0.709920205428D-02  0.476089535179D-02  0.187595434291D-02  0.867545418613D-03
  0.429322941548D-02  0.387028109442D-02 -0.684363503250D-02 -0.111448477076D-02
  0.495639646883D-02 -0.120319318961D-01 -0.631270892334D-02 -0.311156450134D-02
  0.505807020418D+00  0.227603616081D-01  0.521790343283D-02  0.164879202459D-03
 -0.221389010074D-02  0.339842950821D-02 -0.138202122788D-02 -0.633730892259D-02
 -0.509770555605D-02  0.573571868667D-02  0.998143790149D-03  0.974585481064D-03
 -0.615499845958D-02  0.492273179517D-02 -0.294261071526D-02 -0.367013602652D-02
  0.104954091029D-02  0.256113772225D-03  0.192746223373D-01 -0.435740247684D-02
 -0.736425653857D-02 -0.101705184725D-02  0.438542541888D-02  0.339487274038D-02
 -0.367655595434D-02 -0.449804399197D-03  0.824273221786D-02 -0.457660851365D-02
 -0.143253400269D-02  0.376874269221D-04  0.119722442558D-01 -0.295859407088D-02
 -0.418471175078D-02  0.195238302702D-01 -0.558569279543D-02 -0.420010795909D-02
  0.438627475804D-02 -0.103696465948D-01 -0.749346449212D-02  0.791982844609D-03
  0.687877971741D-03  0.271681962248D-02  0.514878654107D-02 -0.842306717781D-02
  0.658326762142D-04  0.828082195019D-02 -0.139530405902D-01 -0.351659023356D-02
 -0.106808965200D-01 -0.915495733078D-02  0.513761016434D+00  0.948941928066D-02
 -0.266474962814D-02  0.528547451688D-02 -0.109729325138D-02 -0.308348415033D-02
 -0.328850636940D-02 -0.163952606447D-02 -0.326274531904D-02  0.289529740160D-02
  0.321130628616D-03  0.346489546881D-03 -0.104351664253D-02 -0.160293783643D-03
 -0.360367999118D-04  0.214220905120D-05 -0.174246951848D-02 -0.238788414288D-02
 -0.463806361902D-02 -0.290873802130D-02 -0.331480582946D-02  0.783015095705D-03
 -0.706220189590D-03  0.226702107141D-02 -0.207787781702D-02  0.111586226460D-02
  0.248502623087D-02 -0.145044172506D-03 -0.164268393244D-02  0.399331175757D-02
  0.704478899519D-03 -0.991999827675D-03 -0.186739894101D-03  0.766338957719D-02
 -0.983420881490D-03 -0.124610667016D-02  0.444068085230D-02 -0.865329868148D-03
  0.717467307841D-03 -0.753306053168D-03 -0.691192423643D-03  0.688650944886D-02
  0.432716615134D-02 -0.727649057744D-02  0.567144090222D-03 -0.687884378970D-02
 -0.516974037170D-02 -0.340552869093D-02 -0.301432439076D-02 -0.788141346756D-02
 -0.946595588030D-02  0.434127375556D+00  0.175223827171D-01 -0.778265160786D-03
  0.439101440909D-04 -0.952256925139D-03 -0.392732329892D-02 -0.144077481769D-02
 -0.329712695385D-02 -0.302249911262D-02  0.619354952700D-02 -0.935138599990D-04
  0.226843698636D-03 -0.416523518901D-02  0.307973053500D-03 -0.576856330830D-03
 -0.425223083836D-03 -0.655840029965D-03 -0.208589879501D-02 -0.288202658773D-02
 -0.210045228985D-02 -0.351516669557D-02 -0.159025867948D-02  0.204011547424D-02
  0.246992689564D-02 -0.220903198876D-02 -0.526245275279D-04  0.510019682216D-02
 -0.489887339472D-02 -0.202275033609D-02 -0.168181390654D-02  0.131804941273D-01
 -0.580840001844D-03 -0.193221289381D-02 -0.263398082538D-02 -0.347046099688D-02
 -0.454930941921D-02  0.378736941191D-02 -0.184693429501D-02 -0.645533084161D-04
  0.189004870392D-02 -0.179803685088D-03  0.128889983441D-02  0.133340767923D-02
 -0.526913241636D-02 -0.269422380133D-02  0.635478809049D-02 -0.118672871899D-01
 -0.451874518620D-02 -0.403307786529D-02 -0.102432809864D-01 -0.110140599778D-01
 -0.541856043037D-02  0.416404067966D+00 -0.393556608728D-02 -0.128365539638D-02
  0.567239188959D-02  0.408926266757D-03  0.128964864238D-02  0.135964592874D-02
  0.240534959119D-02  0.128635322293D-02 -0.257821004987D-02  0.282160488524D-03
  0.163304962915D-03  0.192692759885D-02  0.173972309239D-04  0.798702082184D-03
  0.101216105384D-02 -0.112897813853D-02  0.226091507813D-03 -0.675796379866D-04
  0.755847185619D-03  0.151556913764D-02  0.130252095123D-02 -0.152621422127D-02
 -0.116619736522D-03 -0.277963559644D-04  0.679436902207D-03 -0.305113442835D-02
  0.303973017889D-02  0.546662563313D-03  0.388405902802D-02 -0.806251641975D-02
  0.196009089477D-03  0.121520026550D-02  0.809325911554D-02  0.303688862283D-02
  0.265771127211D-02  0.619168735021D-03  0.253076621616D-02 -0.527295248162D-03
 -0.491524162707D-02  0.354218718314D-04  0.370311404657D-02  0.109229387965D-02
  0.154490433760D-03  0.303830553232D-02 -0.896002851594D-02  0.576147143491D-02
  0.345895160649D-02  0.332808956648D-02  0.319965282624D-02  0.278546592554D-02
  0.498041226277D-02  0.136522678445D-02  0.430679165012D+00  0.738787469532D-03
  0.122310570381D-03  0.339684739788D-01 -0.226422963699D-03  0.160780243114D-02
  0.171105732092D-01  0.475750977333D-03  0.334360519918D-03 -0.171432105762D-03
  0.461916815977D-03 -0.150154401240D-03 -0.208100464491D-03  0.238027795783D-02
 -0.699173160017D-03 -0.114369684635D-02  0.225502003483D-03  0.993053901260D-03
  0.241775085399D-02  0.272813483477D-03  0.683468636017D-04 -0.475391479062D-03
  0.883399049714D-03  0.534833669907D-04 -0.414706647214D-04  0.439422522675D-03
 -0.310040370664D-04 -0.827080719494D-03  0.539560394509D-03 -0.291028490077D-03
 -0.299843132247D-02 -0.474547444644D-03 -0.738442108532D-03  0.777988329721D-02
 -0.700818470692D-05 -0.547846866419D-03  0.192225540729D-03  0.185419855417D-03
 -0.174633158679D-02  0.118202171341D-01  0.117517276006D-02  0.125463916136D-03
  0.159032190692D-03  0.150001090031D-02  0.177960173782D-02  0.181422039565D-02
  0.145953334761D-03  0.770264370050D-03 -0.118202139270D-03 -0.129089824360D-02
 -0.139544213596D-02 -0.721740506244D-03 -0.404335122637D-03  0.133790052950D-02
  0.473038803742D-01  0.763536297232D-03 -0.262709141830D-05 -0.104785757741D-01
 -0.360795725784D-04  0.120250684493D-02  0.766684362831D-02  0.766795274676D-03
  0.107619101992D-02  0.473484620850D-04 -0.470418364417D-03  0.741733300509D-04
  0.324483794841D-03  0.663452870273D-03  0.107872872995D-02  0.206939829588D-02
 -0.196268889339D-02  0.225343526516D-02 -0.524514156348D-03  0.949283637422D-03
  0.846088504516D-03 -0.271557736303D-03  0.791741944694D-03  0.420549166855D-04
 -0.858826369068D-04 -0.817626287951D-03  0.222275604013D-04 -0.185988058656D-02
 -0.759645013109D-03  0.246417362064D-03  0.607786892356D-02  0.977352855033D-03
  0.350038423299D-03  0.826355074615D-02  0.110498395218D-02 -0.373160647627D-03
 -0.139209854148D-03  0.232756394680D-02 -0.352265984505D-02 -0.304213233760D-01
 -0.647328752460D-03 -0.670819496892D-03 -0.176137321235D-02  0.992690782858D-03
  0.991625422826D-05  0.304799885504D-03  0.357482753490D-03  0.147689366642D-02
  0.129402439670D-02  0.511541936490D-03  0.226615107791D-02 -0.307651187091D-02
 -0.546884182062D-03  0.100526979454D-04 -0.708794741965D-02  0.471174276958D-01
 -0.157574755081D-02 -0.496929027031D-03 -0.188729218353D-01  0.345002741900D-03
 -0.162309319700D-02 -0.152859807574D-01 -0.349419344503D-03 -0.919716275616D-04
  0.497158848214D-03 -0.402010238186D-04 -0.317290349513D-04  0.417605107760D-03
 -0.686742912282D-03 -0.938627426438D-03 -0.190388884981D-02  0.150825866155D-02
 -0.266990498948D-02  0.111674283836D-02 -0.491678372067D-03 -0.306289452396D-03
  0.543842291875D-04 -0.774473117214D-03  0.442552076220D-03 -0.287795114969D-03
 -0.784203767846D-04  0.245516029956D-04 -0.118689603484D-02 -0.134754501239D-02
  0.216472293952D-02  0.804608927106D-02 -0.286072440922D-03  0.552960135494D-03
  0.332595474196D-02  0.223790234756D-03  0.143381322105D-02  0.312922182736D-03
 -0.277604621923D-02  0.333926379059D-02  0.297540303529D-01 -0.775578431803D-03
  0.127813053123D-03 -0.802709583058D-03 -0.548954731851D-03 -0.608518610949D-03
 -0.201466363309D-04 -0.126147686431D-02 -0.165464499022D-02 -0.177387963609D-02
  0.915500848832D-03  0.157896351416D-02 -0.149159620906D-02  0.808910275225D-03
 -0.443191248930D-02 -0.936258504988D-02 -0.854467579929D-02  0.437655398765D-01
  0.136896632115D-01  0.519527467837D-02  0.261578912694D-02 -0.669408462506D-03
  0.111771006057D-01 -0.145506760846D-02 -0.713896282074D-03 -0.186320498935D-02
  0.108520679587D-02  0.725093915166D-05  0.104283506308D-02 -0.827945408776D-03
  0.834542534276D-02 -0.351779827733D-02 -0.400492940502D-02 -0.121061819206D-04
  0.141095761387D-02  0.329816013957D-01 -0.636719767924D-03 -0.164280626765D-02
 -0.186493977571D-02  0.207368217675D-02  0.322653331952D-02 -0.570249173446D-02
  0.245398643396D-03  0.282282298002D-02 -0.498938450951D-02 -0.174968808864D-03
  0.110229151462D-01  0.587427508409D-02 -0.519553369709D-02 -0.330654774520D-02
  0.403640424483D-01 -0.445109140743D-03  0.561416906884D-02  0.511318562983D-02
 -0.134499105495D-01 -0.134460123211D-01 -0.376403169314D-03  0.742376409528D-03
  0.652546248505D-02  0.167627614648D-02  0.113849818969D-02  0.673711165807D-02
  0.842916500200D-02 -0.481599548834D-02  0.634253859044D-02 -0.391127069688D-02
  0.215464317386D-02 -0.137426161400D-01 -0.360189188394D-02 -0.348449750830D-02
  0.671528360794D-03 -0.804488480973D-03  0.405406367146D-03 -0.207355391257D-02
  0.565020780112D+00 -0.220911385077D-02  0.262873693574D-02  0.153474559223D-02
 -0.882641911121D-03  0.549420482133D-02 -0.315575267373D-03 -0.182603589444D-02
 -0.166494306650D-02 -0.254823730787D-02  0.201168201613D-03  0.486594157864D-03
  0.667761905361D-03  0.298193749132D-02 -0.135828179977D-02 -0.197499425001D-02
  0.163095051183D-03  0.133017053039D-02  0.134535254110D-01 -0.171568358077D-02
 -0.238989888801D-02  0.859619907416D-03  0.100994668192D-03  0.554466566725D-03
 -0.138463714634D-02 -0.356793780498D-03  0.893621565359D-03  0.177498612573D-02
  0.842043371023D-03  0.554539410192D-02 -0.479741863492D-02 -0.210401263835D-02
 -0.506726732647D-04  0.142033597195D-01 -0.107104653255D-02  0.427396035450D-02
  0.615298559379D-03 -0.496149023654D-02 -0.474861699430D-02 -0.122947197059D-02
 -0.328487854975D-03  0.220688122042D-02  0.270299181007D-02 -0.110915325140D-02
  0.404830900737D-02  0.105649402400D-03  0.169512510852D-02  0.102954610781D-02
 -0.410064429656D-02  0.300049702125D-02 -0.455773600621D-02 -0.208775613868D-03
  0.746262143241D-03  0.340105503250D-03 -0.864873368338D-03  0.277455453794D-03
 -0.171931673002D-02 -0.716947084210D-02  0.433180364012D+00  0.609510518230D-02
  0.818433300220D-03  0.259227834770D-02 -0.115156932738D-02 -0.251432595394D-02
  0.416562191022D-03 -0.371634467034D-02 -0.338728660821D-02  0.229751504669D-02
 -0.242169268821D-03  0.812594035326D-03 -0.210525917873D-02 -0.112696058684D-02
  0.620733291201D-04 -0.276385879086D-03  0.521128619781D-03 -0.318937455078D-03
 -0.314980354939D-02 -0.275437191462D-02 -0.406482144432D-02  0.112044455200D-02
  0.753623126759D-03  0.317570991049D-03  0.572267006424D-03 -0.227184820930D-02
  0.288673635496D-02  0.256668336670D-02  0.203351739763D-03 -0.336681667672D-02
 -0.365236410797D-02  0.108508137346D-02 -0.514387509745D-03 -0.906003641489D-02
 -0.340546280987D-02 -0.414700587930D-02  0.309328088452D-03  0.957816874162D-03
  0.186076573471D-02  0.341515224845D-03 -0.273468407035D-02  0.463938903281D-03
  0.519463406464D-02 -0.698947825152D-02 -0.357682802704D-02  0.153711757381D-02
 -0.435928230534D-02 -0.438970724898D-02 -0.439601269926D-02 -0.551153724511D-02
 -0.659414729140D-02 -0.178200663941D-02 -0.449213225480D-02  0.334558868884D-02
 -0.463371218307D-03 -0.405767756215D-03 -0.814661979492D-03  0.287967338647D-02
  0.166773764069D-02  0.371556219664D+00  0.455030835858D-02 -0.643005426952D-02
 -0.185411175294D-02 -0.746628475276D-03 -0.229497088100D-02 -0.172166213654D-02
 -0.214050365173D-02 -0.461297169602D-03  0.359445948365D-03  0.260515110138D-04
 -0.684644718685D-03 -0.538539539563D-03  0.201711357259D-02  0.595538797357D-03
  0.925502497648D-03 -0.535518985023D-02 -0.332767038215D-02 -0.415667939448D-02
 -0.130224121212D-02 -0.253059637221D-02 -0.166417536786D-02  0.150538009891D-02
  0.363469231118D-02 -0.637775976642D-02  0.141482494283D-02  0.245999258036D-02
 -0.593576499242D-02 -0.250489501719D-02  0.133786096219D-01  0.242045224758D-01
 -0.292118141239D-02  0.180689949594D-02  0.113012610137D-01 -0.718839645920D-03
  0.996571901079D-02  0.544962712648D-02  0.250322169202D-02 -0.197167134389D-02
  0.554398806318D-03  0.318509310789D-02  0.625046336344D-02  0.893848416271D-03
  0.371809709138D-02  0.994137187616D-02  0.542075687867D-02 -0.208661982503D-02
  0.722388627460D-04 -0.237493063626D-02 -0.277228468751D-02 -0.263896024443D-02
 -0.685415057473D-02 -0.214583536023D-03 -0.311546899568D-02  0.516951193666D-03
  0.492673254621D-03 -0.259800684948D-02 -0.885029545204D-02 -0.510736432791D-02
  0.231125165891D-02  0.409710118174D+00  0.372221107444D-01 -0.133445515624D-01
 -0.370589938935D-02 -0.770531363807D-04 -0.156764908515D-01 -0.367578307038D-02
 -0.169566014766D-02 -0.165806008424D-02  0.146697442636D-01 -0.154764943264D-02
 -0.184690818956D-03 -0.523729547248D-02 -0.109044182041D-02  0.281447508571D-02
  0.466178245710D-02 -0.840475101281D-02 -0.902464307853D-02 -0.264601186358D-01
 -0.229934157647D-03 -0.193224514964D-02 -0.534338335779D-02  0.426595388749D-02
  0.718475940215D-02 -0.991452007161D-02  0.253312791914D-03  0.632212664599D-02
 -0.153483077080D-01 -0.657246308784D-02  0.839103578317D-02  0.519129505580D-01
  0.237962884704D-04 -0.142428658644D-02 -0.726938300426D-03 -0.157861316155D-02
 -0.789510924157D-04  0.120308638059D-01  0.104744962474D-01  0.322546300378D-02
  0.258097713776D-02  0.239267960335D-02  0.114554352954D-01  0.193088717928D-02
 -0.156367701751D-03  0.141785953732D-02  0.172633758386D-01 -0.188962171168D-01
 -0.223502326224D-02  0.245562293326D-02 -0.201004460145D-01 -0.973233723911D-02
 -0.142632005271D-01 -0.132280643831D-01  0.837953431575D-03 -0.584447355961D-04
  0.126965170244D-02 -0.556053411909D-03 -0.412903665007D-03  0.419101950939D-02
 -0.333209004253D-02 -0.885427278856D-02  0.480679987290D+00  0.960324975858D-02
  0.208364341909D-02  0.339944367500D-02 -0.642492783312D-03  0.261399207357D-02
 -0.305657115892D-02 -0.161844557424D-02 -0.212356438116D-02  0.189067815000D-02
 -0.131134844299D-03  0.172347258055D-03 -0.113069872116D-02  0.231459982708D-02
 -0.153845479674D-02 -0.165512643754D-02  0.381823005672D-03 -0.160668675649D-03
  0.102199813839D-01 -0.130940967146D-02 -0.186309129166D-02 -0.969910349669D-03
  0.132708565189D-02  0.134848753485D-02 -0.239450915711D-02  0.235120816547D-02
  0.277111160168D-02 -0.170053021997D-02  0.321077547039D-03  0.215792059615D-02
 -0.188880055326D-02 -0.220561687069D-02 -0.211386762025D-02  0.624146741831D-02
 -0.208633247025D-02 -0.167830403856D-03  0.243040887016D-02 -0.622172455714D-02
 -0.391025772768D-02 -0.939445612968D-03  0.326533641425D-02  0.226247645714D-02
  0.996498369644D-03 -0.169116982692D-02  0.199393336488D-02  0.322812275963D-02
 -0.509825758900D-02  0.250416697490D-03 -0.287186565848D-02 -0.285694953623D-02
 -0.988640071152D-02  0.129946008201D-03 -0.352070869025D-02  0.226756745855D-02
 -0.137476573312D-02 -0.486205071563D-02 -0.234387469093D-02 -0.679289912617D-02
 -0.151868285828D-02 -0.462393047072D-03 -0.198061501288D-02 -0.444262159338D-02
  0.396403133041D+00  0.286845889346D-01 -0.135581636967D-02 -0.163229169380D-02
 -0.629062009158D-03 -0.590082967411D-04 -0.581122566153D-02 -0.222238352343D-02
 -0.364041807353D-02  0.901792622031D-02 -0.164242979995D-02  0.273654480102D-03
 -0.264777863484D-02  0.469865392408D-02 -0.218377988914D-02 -0.172248118638D-02
 -0.244402438201D-02 -0.349513311060D-02  0.102003142134D-01 -0.104505505176D-02
 -0.212115915731D-02 -0.496083097812D-02  0.315106482140D-02  0.517055940403D-02
 -0.807656084329D-02  0.243946856080D-02  0.657635964792D-02 -0.120203404878D-01
 -0.274847989203D-02  0.896686187129D-02  0.240590257489D-01 -0.416084368625D-02
 -0.405971547406D-02  0.170149248642D-01 -0.349425133940D-02  0.152410703945D-02
  0.870596203673D-02 -0.875935753396D-02 -0.685428366342D-02  0.415828395275D-02
  0.347576483126D-02  0.649439088942D-02 -0.113099361906D-02  0.177801744156D-03
  0.266121331145D-02  0.185865259305D-01 -0.167649625070D-01  0.282584896962D-03
 -0.313886212083D-02 -0.105002742454D-01 -0.175768170365D-01 -0.720364253616D-02
 -0.828430259030D-02 -0.292928117715D-03 -0.281810068351D-02 -0.366749646009D-02
  0.174282141971D-03 -0.136288748244D-01 -0.209384530309D-02 -0.849717490887D-03
 -0.738042257356D-02 -0.172100665547D-01 -0.411938109984D-02  0.383892759267D+00
  0.190269789542D-02 -0.962943243364D-02  0.983570249198D-02  0.622554147439D-03
 -0.986451758923D-02  0.131027977769D-02  0.372559592835D-02  0.611121824748D-03
  0.149460306598D-02 -0.741897676763D-04 -0.196603433071D-05  0.288426460006D-02
 -0.463114546420D-02  0.361641476682D-02  0.463561795927D-02 -0.464414566579D-02
 -0.419910730378D-02 -0.276274389919D-01  0.274334347256D-03  0.180781213547D-02
  0.170578094516D-02 -0.332012175574D-02  0.122954106716D-02 -0.578459009018D-03
  0.121629567943D-02 -0.355322375101D-02  0.242734821532D-02 -0.195921870587D-02
  0.527726205784D-02 -0.629402282890D-03  0.289558845780D-02  0.260918584442D-02
  0.316988255341D-02  0.438168056758D-02 -0.178696130193D-03  0.390269225091D-02
  0.128600415065D-01  0.790721656134D-02 -0.209133409900D-02 -0.132256770696D-02
  0.864407809341D-02  0.224780862259D-02 -0.465320902043D-02  0.147250953537D-03
 -0.148623484312D-01  0.346859099651D-02 -0.696888897686D-03  0.676753451435D-02
 -0.654033219509D-02  0.494669500409D-02  0.817782887362D-02 -0.312596638151D-02
  0.731078018843D-02  0.412984762469D-02  0.142427888676D-03 -0.316933774511D-02
  0.108254866316D-01  0.592079954539D-02  0.975039115187D-03 -0.599699865332D-02
 -0.141037019429D-01  0.403920943261D-02 -0.174590576976D-02  0.405949358234D+00
 -0.364159556083D-02  0.125651452719D-02  0.490224326989D-02 -0.763129059985D-04
  0.253627992731D-02  0.936480151589D-03  0.105731117803D-02 -0.162314704861D-02
 -0.104961501782D-02 -0.965750049406D-03  0.354357158231D-03  0.624989067460D-02
  0.803269577688D-03 -0.219133073700D-03 -0.509403356169D-03  0.190706253849D-03
  0.798814438556D-03  0.406371938545D-02 -0.762038334588D-03  0.698125355892D-03
  0.991971918269D-03 -0.137296219601D-02 -0.660342238139D-03 -0.630421597678D-03
  0.343327491600D-02 -0.145162394376D-02  0.380011123927D-02  0.179032565307D-02
  0.541365987427D-02 -0.140409553463D-01  0.232119370639D-03 -0.165213066418D-02
  0.210830342697D-01  0.127093314181D-04  0.201858472631D-02 -0.301632967230D-03
 -0.159303074062D-02 -0.113190800994D-02 -0.880544146422D-03  0.421321262426D-02
  0.247810012956D-02 -0.366133915597D-03 -0.241129102480D-02  0.813370516890D-03
  0.737804515182D-03  0.415271569617D-02  0.931600002232D-03  0.358932261916D-05
  0.105219527944D-02  0.319328316666D-03  0.586498258131D-02 -0.807114417847D-03
  0.372113664825D-02  0.131522020986D-02  0.197467303730D-02  0.109320440027D-02
  0.446262233929D-02  0.283829129209D-03 -0.556290789276D-03 -0.196141460811D-02
  0.691349255638D-02  0.940583999766D-03  0.505028101240D-02  0.154753661443D-01
  0.373532214609D-01 -0.894017719139D-03  0.773659246980D-04 -0.566874816656D-02
  0.877765084712D-04 -0.186843269130D-02 -0.171798841357D-02 -0.104143790745D-02
 -0.137515980465D-02  0.295306073419D-02 -0.142672862791D-02 -0.264915075988D-03
  0.385895215192D-02 -0.418665622560D-03  0.212468525483D-03  0.174272060723D-03
  0.131744120101D-03 -0.474625222501D-03 -0.310909494534D-02 -0.639180590970D-04
  0.588070660360D-03 -0.159929220230D-02  0.131501920779D-02 -0.690636750669D-03
 -0.150084616733D-02  0.157975268034D-02  0.141436989827D-02 -0.160582872935D-02
  0.846252769943D-03  0.286858358274D-03  0.606261716766D-02  0.537132708424D-03
 -0.285747861006D-02  0.188906188183D-02 -0.303173746916D-02  0.830722678403D-03
 -0.170838470162D-02  0.206899910818D-03  0.133279325834D-02  0.276419020792D-02
  0.495039386340D-02 -0.211146830232D-02 -0.183364545738D-02  0.282437697642D-02
 -0.252307471508D-02  0.175727223575D-01 -0.911215817673D-03 -0.163168712500D-02
 -0.940225236907D-03 -0.144365348758D-02  0.318505013045D-02 -0.364173629702D-02
 -0.750002033343D-03 -0.276883398117D-02 -0.676722873454D-03  0.106977481862D-02
  0.580064774014D-02  0.766504163033D-02  0.798649295361D-03 -0.375690162173D-02
  0.256633878039D-02  0.790955395732D-02  0.263500601334D-03  0.868253677438D-02
 -0.243749776272D-02  0.160339770872D-01  0.379719701427D-01 -0.166761910841D-02
  0.430001253145D-03 -0.565290813228D-02 -0.158958780575D-03  0.786571508822D-03
 -0.327925409953D-03  0.526632752139D-03  0.211435303710D-02 -0.815669676074D-03
  0.355211109983D-02 -0.220941218327D-03 -0.452265148575D-02  0.126801879999D-02
 -0.308083407630D-03 -0.491994563747D-03  0.216977248900D-04  0.352915005534D-03
  0.296368412187D-02 -0.730225947311D-04 -0.863807959173D-03  0.920371578339D-03
 -0.193449184539D-03  0.103651558292D-02  0.104942835999D-02 -0.330362179056D-02
  0.103960588019D-03 -0.259781816294D-02 -0.304324975135D-02 -0.211959226127D-02
  0.176133966381D-01 -0.112169833340D-02  0.750123650076D-03  0.166170055923D-01
  0.279575102170D-02 -0.934298322186D-03  0.413895969630D-03 -0.117408404909D-02
 -0.153054573632D-02  0.310259992370D-03 -0.569997099855D-02  0.153771289648D-03
  0.546892532173D-03 -0.145688163616D-02 -0.443385907506D-03 -0.100792319942D-01
  0.177405408273D-03 -0.704867290715D-03 -0.160395581573D-02  0.869183391315D-03
  0.197613996839D-02 -0.453319953058D-02 -0.331569608813D-03 -0.301891978024D-02
  0.101317306581D-02  0.550173501738D-02  0.598219388217D-02 -0.841560227218D-02
 -0.472326307844D-02 -0.286987169330D-02 -0.431701706237D-02 -0.447964380012D-02
 -0.889459989458D-02 -0.137902754777D-01 -0.843711775257D-03 -0.602004592170D-02
 -0.155121487300D-02  0.400058880739D-01 -0.102883166606D-02 -0.697172684401D-03
 -0.279721548839D-01  0.182896979252D-03 -0.122159168509D-03 -0.249322819018D-02
  0.486443634384D-03 -0.267018363491D-03 -0.264866876699D-03 -0.335418802146D-02
  0.886787896499D-03  0.327034497016D-02 -0.599473151986D-03  0.113090772108D-03
 -0.201356445463D-03 -0.336965402210D-04  0.171841051303D-03 -0.382214116494D-03
  0.128443141081D-03  0.383977298586D-03  0.823892080829D-03 -0.935539558779D-03
 -0.211557618589D-03  0.934664503239D-03 -0.130706141124D-02 -0.873280895530D-03
 -0.117447472058D-03 -0.123880472465D-02  0.412670604583D-02 -0.120383189665D-02
  0.290988275369D-02  0.290162938344D-02  0.733998722136D-02  0.133798819485D-02
 -0.351744666489D-03  0.159914047503D-03  0.813993863140D-03  0.916774402540D-03
  0.453412405983D-02 -0.322326310637D-02  0.137433009759D-03 -0.177119250220D-02
 -0.231785210671D-02 -0.102540117806D-02 -0.308042970486D-02 -0.894209993542D-03
 -0.257161095570D-03 -0.318103935836D-03  0.125324397055D-02  0.233334140502D-02
 -0.131558079762D-02  0.507726244090D-03 -0.170200776467D-02 -0.170946959598D-01
  0.203652415083D-01  0.121131845590D-01  0.225588974399D-02  0.168659223557D-02
  0.142375789683D-02  0.159707670581D-03  0.101906981183D-02 -0.693189074048D-02
  0.404184597144D-03  0.169727706623D-02  0.314237757347D-02 -0.369518505894D-02
  0.831276557520D-03  0.824718527929D-01 -0.170656984138D-01  0.450513681317D-02
  0.494968787751D-03 -0.316248227308D-02 -0.414409789031D-03  0.299369233666D-02
 -0.100813940953D-01 -0.740601250073D-02 -0.354751216312D-02 -0.705497969043D-03
  0.242449553831D-03  0.316363101461D-02 -0.208312184310D-02 -0.535269023510D-03
 -0.226346547836D-02  0.253265707720D-02  0.257591351325D-02 -0.299823103399D-02
 -0.710277286866D-02 -0.908636962844D-02  0.341362051920D-02  0.154891230541D-02
 -0.315976270518D-02  0.261395417683D-02 -0.106390114588D-02  0.566090223828D-02
  0.100199601478D-01  0.386110255105D-02 -0.390675788036D-02 -0.190391082927D-01
  0.110012203535D-02 -0.284838673252D-03 -0.161907250351D-01 -0.104960774318D-01
 -0.461252643793D-03 -0.708790460577D-02 -0.713323595826D-03  0.447266045076D-02
 -0.879292578695D-04  0.222274101525D-02 -0.666555216767D-02  0.785569909871D-02
 -0.709058642516D-02 -0.223954269298D-02  0.119671318562D-01  0.346404215045D-02
 -0.119770671971D-01 -0.150354299573D-01 -0.217940689876D-02 -0.282008908605D-02
 -0.248063385892D-02 -0.995053960995D-04  0.430686549646D-03  0.206927265222D-03
  0.235594142646D-02  0.148704658581D-02  0.102769645835D-01 -0.266351896061D-02
 -0.788859653219D-02  0.329799509605D-02  0.169651893067D-01  0.193802960310D-02
  0.157669819627D-01  0.218426204832D-02  0.642954936241D-02  0.103698340789D-01
 -0.426334336594D-02  0.224778189344D-03  0.629360487529D+00
$end
