$basis
*
cu def2-TZVPP
# cu    (17s12p7d2f1g) / [6s5p4d2f1g]     {842111/63111/4111/11/1}
*
   8  s
  377518.79923      0.22811766128E-03
  56589.984311      0.17688035931E-02
  12878.711706      0.91993460227E-02
  3645.3752143      0.37411016434E-01
  1187.0072945      0.12189873737
  426.46421902      0.28983900714
  165.70660164      0.41531872174
  65.598942707      0.21905799287
   4  s
  414.41265811     -0.24682525053E-01
  128.32056039     -0.11716827406
  20.622089750      0.55301315941
  8.7821226045      0.52242718609
   2  s
  13.741372006     -0.22736061821
  2.2431246833      0.71761210873
   1  s
 0.89370549079       1.0000000000
   1  s
 0.10836699534       1.0000000000
   1  s
 0.38806178058E-01   1.0000000000
   6  p
  2034.7596692      0.23524822298E-02
  481.90468106      0.19134070751E-01
  154.67482963      0.90171105278E-01
  57.740576969      0.26063284735
  23.099052811      0.42093485770
  9.3882478591      0.24344615121
   3  p
  37.596171210     -0.28991094530E-01
  5.1240690810      0.54919083831
  2.0119996085      0.93793330488
   1  p
 0.73860686002       1.0000000000
   4  d
  74.129460637      0.14363216676E-01
  21.359842587      0.86628177096E-01
  7.4995240537      0.25631430541
  2.7601394169      0.40374062368
   1  d
 0.95362061236      0.39427042447
   1  d
 0.28420862520      0.23091146816
   1  p
 0.27110000000       1.0000000000
   1  p
 0.99540000000E-01   1.0000000000
   1  d
 0.85000000000E-01   1.0000000000
   1  f
  1.2090000000       1.0000000000
   1  f
  4.9360000000       1.0000000000
   1  g
  3.2450000000       1.0000000000
*
h def2-SVP
# h     (4s1p) / [2s1p]     {31/1}
*
   3  s
  13.010701000      0.19682158000E-01
  1.9622572000      0.13796524000
 0.44453796000      0.47831935000
   1  s
 0.12194962000       1.0000000000
   1  p
 0.80000000000       1.0000000000
*
c def2-TZVP
# c     (11s6p2d1f) / [5s3p2d1f]     {62111/411/11/1}
*
   6  s
  13575.349682      0.22245814352E-03
  2035.2333680      0.17232738252E-02
  463.22562359      0.89255715314E-02
  131.20019598      0.35727984502E-01
  42.853015891      0.11076259931
  15.584185766      0.24295627626
   2  s
  6.2067138508      0.41440263448
  2.5764896527      0.23744968655
   1  s
 0.57696339419       1.0000000000
   1  s
 0.22972831358       1.0000000000
   1  s
 0.95164440028E-01   1.0000000000
   4  p
  34.697232244      0.53333657805E-02
  7.9582622826      0.35864109092E-01
  2.3780826883      0.14215873329
 0.81433208183      0.34270471845
   1  p
 0.28887547253      0.46445822433
   1  p
 0.10056823671      0.24955789874
   1  d
  1.0970000000       1.0000000000
   1  d
 0.31800000000       1.0000000000
   1  f
 0.76100000000       1.0000000000
*
s def2-TZVP
# s     (14s9p3d1f) / [5s5p2d1f]     {73211/51111/21/1}
*
   7  s
  60700.928104      0.54695944225E-03
  9102.6106854      0.42297224557E-02
  2071.4166009      0.21747824159E-01
  586.02476821      0.85100053589E-01
  190.55395021      0.24799128459
  67.630384260      0.46703640406
  25.127306905      0.36434587550
   3  s
  112.57463010      0.21670040240E-01
  34.795554217      0.93602301760E-01
  6.5115556215     -0.26068001422
   2  s
  3.2399032261       1.2842089435
  1.5477160881      0.66036416584
   1  s
 0.40541030112       1.0000000000
   1  s
 0.14550651059       1.0000000000
   5  p
  564.36716027      0.24796796317E-02
  133.42624379      0.19677930250E-01
  42.468271189      0.89980008258E-01
  15.616527580      0.25705880575
  6.1093988469      0.43515167292
   1  p
  2.4404160198      0.34883240595
   1  p
 0.83882201296       1.0000000000
   1  p
 0.31288746900       1.0000000000
   1  p
 0.10770109004       1.0000000000
   2  d
  3.7560000000      0.20000000000
 0.81200000000       1.0000000000
   1  d
 0.27300000000       1.0000000000
   1  f
 0.55700000000       1.0000000000
*
$end
